'2913',200,62100,,'',0,10600,,'',0,9700,,'',0,1500,,'',0,11000,,'',0,11000,,'',0,14600,,'',0,10500,,'',0,10500,,'',0,9500,,'',0,9100,,'',0,2400,,'',0,10400,,'',0,31900,,'',0
'2913',201,62100,4,'',0,10600,4,'',0,9700,4,'',0,1500,4,'',0,11000,4,'',0,11000,4,'',0,14600,4,'',0,10500,4,'',0,10500,4,'',0,9500,4,'',0,9100,4,'',0,2400,4,'',0,10400,4,'',0,31900,4,'',0
'2914',200,183400,,'',0,10500,,'',0,31800,,'',0
'2914',201,183400,4,'',0,10500,4,'',0,31800,4,'',0
'2917',200,183400,,'',0,10500,,'',0,31800,,'',0,25000,0,'Garibaldi Vlg',0
'2917',201,183400,4,'',0,10500,4,'',0,31800,4,'',0,25000,4,'',0
'2918',200,73600,,'',0,17200,,'',0,10500,,'',0,10500,,'',0,10500,,'',0,10500,,'',0,10600,,'',0,10500,,'',0,10400,,'',0,10500,,'',0,10500,,'',0,10500,,'',0,9000,,'',0,11000,,'',0,14200,,'',0,10500,,'',0,10500,,'',0
'2918',201,73600,4,'',0,17200,4,'',0,10500,4,'',0,10500,4,'',0,10500,4,'',0,10500,4,'',0,10600,4,'',0,10500,4,'',0,10400,4,'',0,10500,4,'',0,10500,4,'',0,10500,4,'',0,9000,4,'',0,11000,4,'',0,14200,4,'',0,10500,4,'',0,10500,4,'',0
'2919',200,80200,,'',0,10000,,'',0,10000,,'',0,10500,,'',0,10600,,'',0,10500,,'',0,10500,,'',0,10500,,'',0,10500,,'',0,10400,,'',0,10500,,'',0,10500,,'',0
'2919',201,80200,4,'',0,10000,4,'',0,10000,4,'',0,10500,4,'',0,10600,4,'',0,10500,4,'',0,10500,4,'',0,10500,4,'',0,10500,4,'',0,10400,4,'',0,10500,4,'',0,10500,4,'',0
