'279',200,64500,4,'',0,10600,4,'',0,9600,4,'',0,10400,4,'',0,10500,4,'',0,14500,4,'',0,10700,4,'',0,10500,4,'',0,3400,4,'',0,9800,4,'',0,200,4,'',0,6700,4,'',0,10600,4,'',0,10300,4,'',0,10300,4,'',0,10400,4,'',0,11400,4,'',0,28000,4,'',0
'279',201,65500,,'',0,9000,,'',0,11000,,'',0,14500,,'',0,10500,,'',0,10500,,'',0,10500,,'',0,3200,,'',0,9900,,'',0,6400,,'',0,11000,,'',0,10500,,'',0,10500,,'',0,10500,,'',0,11500,,'',0,28000,,'',0
'280',200,64500,4,'',0,10600,4,'',0,9600,4,'',0,10400,4,'',0,10500,4,'',0,14500,4,'',0,10700,4,'',0,10500,4,'',0,3400,4,'',0,9800,4,'',0,200,4,'',0,6700,4,'',0,10600,4,'',0,10300,4,'',0,10300,4,'',0,10400,4,'',0,11400,4,'',0,28000,4,'',0
'280',201,65500,,'',0,9000,,'',0,11000,,'',0,14500,,'',0,10500,,'',0,10500,,'',0,10500,,'',0,3200,,'',0,9900,,'',0,6400,,'',0,11000,,'',0,10500,,'',0,10500,,'',0,10500,,'',0,11500,,'',0,28000,,'',0
'281',200,64500,4,'',0,10600,4,'',0,9600,4,'',0,10400,4,'',0,10500,4,'',0,14500,4,'',0,10700,4,'',0,10500,4,'',0,3400,4,'',0,9800,4,'',0,200,4,'',0,6700,4,'',0,10600,4,'',0,10300,4,'',0,10300,4,'',0,10400,4,'',0,11400,4,'',0,28000,4,'',0
'281',201,65500,,'',0,9000,,'',0,11000,,'',0,14500,,'',0,10500,,'',0,10500,,'',0,10500,,'',0,3200,,'',0,9900,,'',0,6400,,'',0,11000,,'',0,10500,,'',0,10500,,'',0,10500,,'',0,11500,,'',0,28000,,'',0
'282',200,64500,4,'',0,10600,4,'',0,9600,4,'',0,10400,4,'',0,10500,4,'',0,14500,4,'',0,10700,4,'',0,10500,4,'',0,3400,4,'',0,9800,4,'',0,200,4,'',0,6700,4,'',0,10600,4,'',0,10300,4,'',0,10300,4,'',0,10400,4,'',0,11400,4,'',0,28000,4,'',0
'282',201,65500,,'',0,9000,,'',0,11000,,'',0,14500,,'',0,10500,,'',0,10500,,'',0,10500,,'',0,3200,,'',0,9900,,'',0,6400,,'',0,11000,,'',0,10500,,'',0,10500,,'',0,10500,,'',0,11500,,'',0,28000,,'',0
'283',200,75600,4,'',0,9900,4,'',0,14500,4,'',0,10500,4,'',0,10700,4,'',0,10400,4,'',0,10500,4,'',0,10500,4,'',0,10500,4,'',0,10500,4,'',0,10400,4,'',0,10400,4,'',0,10300,4,'',0,9400,4,'',0,16000,4,'',0,10500,4,'',0
'283',201,80000,,'',0,10500,,'',0,10500,,'',0,10500,,'',0,10500,,'',0,10500,,'',0,10500,,'',0,10500,,'',0,10500,,'',0,10500,,'',0,10500,,'',0,10500,,'',0,9500,,'',0,16000,,'',0,10500,,'',0,10500,,'',0
'284',200,105500,4,'',0,14600,4,'',0,10500,4,'',0,10500,4,'',0,10500,4,'',0,10500,4,'',0,10600,4,'',0,10500,4,'',0,10300,4,'',0,10300,4,'',0
'284',201,100000,,'',0,10500,,'',0,10500,,'',0,10500,,'',0,10500,,'',0,10500,,'',0,10500,,'',0,10500,,'',0,10500,,'',0,10500,,'',0
'285',200,64500,4,'',0,10600,4,'',0,9600,4,'',0,10400,4,'',0,10500,4,'',0,14500,4,'',0,10700,4,'',0,10500,4,'',0,3400,4,'',0,9800,4,'',0,200,4,'',0,6700,4,'',0,10600,4,'',0,10300,4,'',0,10300,4,'',0,10400,4,'',0,11400,4,'',0,28000,4,'',0
'285',201,65500,,'',0,9000,,'',0,11000,,'',0,14500,,'',0,10500,,'',0,10500,,'',0,10500,,'',0,3200,,'',0,9900,,'',0,6400,,'',0,11000,,'',0,10500,,'',0,10500,,'',0,10500,,'',0,11500,,'',0,28000,,'',0
'279',300,64400,4,'',0,10800,4,'',0,10000,4,'',0,5300,4,'',0,10900,4,'',0,11000,4,'',0,10600,4,'',0,10500,4,'',0,10500,4,'',0,9500,4,'',0,9200,4,'',0,2400,4,'',0,10300,4,'',0,10500,4,'',0,14500,4,'',0,10800,4,'',0,20800,4,'',0
'279',301,65400,,'',0,10100,,'',0,5500,,'',0,11000,,'',0,11000,,'',0,10500,,'',0,10500,,'',0,10500,,'',0,9500,,'',0,9000,,'',0,2500,,'',0,14500,,'',0,10500,,'',0,10500,,'',0,10500,,'',0,21000,,'',0
'280',300,64400,4,'',0,10800,4,'',0,10000,4,'',0,5300,4,'',0,10900,4,'',0,11000,4,'',0,10600,4,'',0,10500,4,'',0,10500,4,'',0,9500,4,'',0,9200,4,'',0,2400,4,'',0,10300,4,'',0,10500,4,'',0,14500,4,'',0,10800,4,'',0,20800,4,'',0
'280',301,65400,,'',0,10100,,'',0,5500,,'',0,11000,,'',0,11000,,'',0,10500,,'',0,10500,,'',0,10500,,'',0,9500,,'',0,9000,,'',0,2500,,'',0,14500,,'',0,10500,,'',0,10500,,'',0,10500,,'',0,21000,,'',0
'281',300,64400,4,'',0,10800,4,'',0,10000,4,'',0,5300,4,'',0,10900,4,'',0,11000,4,'',0,10600,4,'',0,10500,4,'',0,10500,4,'',0,9500,4,'',0,9200,4,'',0,2400,4,'',0,10300,4,'',0,10500,4,'',0,14500,4,'',0,10800,4,'',0,20800,4,'',0
'281',301,65400,,'',0,10100,,'',0,5500,,'',0,11000,,'',0,11000,,'',0,10500,,'',0,10500,,'',0,10500,,'',0,9500,,'',0,9000,,'',0,2500,,'',0,14500,,'',0,10500,,'',0,10500,,'',0,10500,,'',0,21000,,'',0
'282',300,64400,4,'',0,10800,4,'',0,10000,4,'',0,5300,4,'',0,10900,4,'',0,11000,4,'',0,10600,4,'',0,10500,4,'',0,10500,4,'',0,9500,4,'',0,9200,4,'',0,2400,4,'',0,10300,4,'',0,10500,4,'',0,14500,4,'',0,10800,4,'',0,20800,4,'',0
'282',301,65400,,'',0,10100,,'',0,5500,,'',0,11000,,'',0,11000,,'',0,10500,,'',0,10500,,'',0,10500,,'',0,9500,,'',0,9000,,'',0,2500,,'',0,14500,,'',0,10500,,'',0,10500,,'',0,10500,,'',0,21000,,'',0,21000,,'',0
'283',300,80000,4,'',0,13200,4,'',0,10600,4,'',0,10500,4,'',0,10500,4,'',0,10500,4,'',0,10600,4,'',0,14500,4,'',0,10400,4,'',0,10500,4,'',0,10500,4,'',0,10400,4,'',0,9000,4,'',0,10900,4,'',0,10200,4,'',0,10500,4,'',0
'283',301,83500,,'',0,10500,,'',0,10500,,'',0,10500,,'',0,10500,,'',0,14500,,'',0,10500,,'',0,10500,,'',0,10500,,'',0,10500,,'',0,10500,,'',0,9000,,'',0,11000,,'',0,10500,,'',0,10500,,'',0,10500,,'',0
'284',300,82600,4,'',0,10000,4,'',0,10000,4,'',0,10600,4,'',0,10600,4,'',0,10500,4,'',0,10500,4,'',0,10500,4,'',0,10500,4,'',0,14400,4,'',0,10500,4,'',0,10400,4,'',0
'284',301,73000,,'',0,10000,,'',0,10000,,'',0,10500,,'',0,10500,,'',0,10500,,'',0,10500,,'',0,10500,,'',0,14500,,'',0,10500,,'',0,10500,,'',0,10500,,'',0
'285',300,64400,4,'',0,10800,4,'',0,10000,4,'',0,5300,4,'',0,10900,4,'',0,11000,4,'',0,10600,4,'',0,10500,4,'',0,10500,4,'',0,9500,4,'',0,9200,4,'',0,2400,4,'',0,10300,4,'',0,10500,4,'',0,14500,4,'',0,10800,4,'',0,20800,4,'',0
'285',301,65400,,'',0,10100,,'',0,5500,,'',0,11000,,'',0,11000,,'',0,10500,,'',0,10500,,'',0,10500,,'',0,9500,,'',0,9000,,'',0,2500,,'',0,14500,,'',0,10500,,'',0,10500,,'',0,10500,,'',0,21000,,'',0
'279',401,61600,,'',0,2400,4,'',0,1000,,'',0,6400,4,'',0,200,,'',0,2400,4,'',0,1300,,'',0,6700,4,'',0,200,,'',0,2700,4,'',0,7000,,'',0,2500,4,'',0,600,,'',0,6500,4,'',0,9500,,'',0,2600,4,'',0,1300,,'',0,6600,4,'',0,3000,,'',0,6600,4,'',0,2900,,'',0,6600,4,'',0,400,,'',0,2700,4,'',0,1800,,'',0,6700,4,'',0,300,,'',0,2500,,'',0,200,4,'',0,6500,4,'',0,300,,'',0,2700,4,'',0,5300,,'',0,2500,4,'',0,2000,,'',0,6500,4,'',0,400,,'',0,2500,4,'',0,9100,,'',0,2300,4,'',0,20200,,'',0,6200,4,'',0
'280',401,61600,,'',0,2400,4,'',0,1000,,'',0,6400,4,'',0,200,,'',0,2400,4,'',0,1300,,'',0,6700,4,'',0,200,,'',0,2700,4,'',0,7000,,'',0,2500,4,'',0,600,,'',0,6500,4,'',0,9500,,'',0,2600,4,'',0,1300,,'',0,6600,4,'',0,3000,,'',0,6600,4,'',0,2900,,'',0,6600,4,'',0,400,,'',0,2700,4,'',0,1800,,'',0,6700,4,'',0,300,,'',0,2500,,'',0,200,4,'',0,6500,4,'',0,300,,'',0,2700,4,'',0,5300,,'',0,2500,4,'',0,2000,,'',0,6500,4,'',0,400,,'',0,2500,4,'',0,9100,,'',0,2300,4,'',0,20200,,'',0,6200,4,'',0
'281',401,61600,,'',0,2400,4,'',0,1000,,'',0,6400,4,'',0,200,,'',0,2400,4,'',0,1300,,'',0,6700,4,'',0,200,,'',0,2700,4,'',0,7000,,'',0,2500,4,'',0,600,,'',0,6500,4,'',0,9500,,'',0,2600,4,'',0,1300,,'',0,6600,4,'',0,3000,,'',0,6600,4,'',0,2900,,'',0,6600,4,'',0,400,,'',0,2700,4,'',0,1800,,'',0,6700,4,'',0,300,,'',0,2500,,'',0,200,4,'',0,6500,4,'',0,300,,'',0,2700,4,'',0,5300,,'',0,2500,4,'',0,2000,,'',0,6500,4,'',0,400,,'',0,2500,4,'',0,9100,,'',0,2300,4,'',0,20200,,'',0,6200,4,'',0
'282',401,61600,,'',0,2400,4,'',0,1000,,'',0,6400,4,'',0,200,,'',0,2400,4,'',0,1300,,'',0,6700,4,'',0,200,,'',0,2700,4,'',0,7000,,'',0,2500,4,'',0,600,,'',0,6500,4,'',0,9500,,'',0,2600,4,'',0,1300,,'',0,6600,4,'',0,3000,,'',0,6600,4,'',0,2900,,'',0,6600,4,'',0,400,,'',0,2700,4,'',0,1800,,'',0,6700,4,'',0,300,,'',0,2500,,'',0,200,4,'',0,6500,4,'',0,300,,'',0,2700,4,'',0,5300,,'',0,2500,4,'',0,2000,,'',0,6500,4,'',0,400,,'',0,2500,4,'',0,9100,,'',0,2300,4,'',0,20200,,'',0,6200,4,'',0
'283',401,80500,,'',0,2400,4,'',0,7600,,'',0,2400,4,'',0,8700,,'',0,2400,4,'',0,500,,'',0,6400,4,'',0,10600,,'',0,2500,4,'',0,1000,,'',0,6500,4,'',0,8500,,'',0,2700,4,'',0,7400,,'',0,2600,4,'',0,800,,'',0,6600,4,'',0,11400,,'',0,2600,4,'',0,6400,,'',0,2600,4,'',0,1400,,'',0,6400,4,'',0,12100,,'',0,2400,4,'',0,8600,,'',0,6200,4,'',0
'284',401,90000,,'',0,2400,4,'',0,600,,'',0,2400,4,'',0,15600,,'',0,2400,4,'',0,7700,,'',0,2500,4,'',0,8400,,'',0,2500,4,'',0,7500,,'',0,2500,4,'',0,8500,,'',0,2500,4,'',0,7500,,'',0,2500,4,'',0,15500,,'',0,2500,4,'',0,500,,'',0,6500,4,'',0,500,,'',0,2400,4,'',0
'285',401,61600,,'',0,2400,4,'',0,1000,,'',0,6400,4,'',0,200,,'',0,2400,4,'',0,1300,,'',0,6700,4,'',0,200,,'',0,2700,4,'',0,7000,,'',0,2500,4,'',0,600,,'',0,6500,4,'',0,9500,,'',0,2600,4,'',0,1300,,'',0,6600,4,'',0,3000,,'',0,6600,4,'',0,2900,,'',0,6600,4,'',0,400,,'',0,2700,4,'',0,1800,,'',0,6700,4,'',0,300,,'',0,2500,,'',0,200,4,'',0,6500,4,'',0,300,,'',0,2700,4,'',0,5300,,'',0,2500,4,'',0,2000,,'',0,6500,4,'',0,400,,'',0,2500,4,'',0,9100,,'',0,2300,4,'',0,20200,,'',0,6200,4,'',0
'279',500,74900,4,'',0,8200,4,'',0,7600,4,'',0,59800,4,'',0,13200,4,'',0,8000,4,'',0
'279',501,80000,0,'Garibaldi',0,3500,0,'Garibaldi',0,59800,0,'Garibaldi',0,17200,0,'Garibaldi',0,4000,0,'Garibaldi',0
'280',500,74900,4,'',0,8200,4,'',0,7600,4,'',0,59800,4,'',0,13200,4,'',0,8000,4,'',0
'280',501,80000,0,'Garibaldi',0,3500,0,'Garibaldi',0,59800,0,'Garibaldi',0,17200,0,'Garibaldi',0,4000,0,'Garibaldi',0
'281',500,74900,4,'',0,8200,4,'',0,7600,4,'',0,59800,4,'',0,13200,4,'',0,8000,4,'',0
'281',501,80000,0,'Garibaldi',0,3500,0,'Garibaldi',0,59800,0,'Garibaldi',0,17200,0,'Garibaldi',0,4000,0,'Garibaldi',0
'282',500,74900,4,'',0,8200,4,'',0,7600,4,'',0,59800,4,'',0,13200,4,'',0,8000,4,'',0
'282',501,80000,0,'Garibaldi',0,3500,0,'Garibaldi',0,59800,0,'Garibaldi',0,17200,0,'Garibaldi',0,4000,0,'Garibaldi',0
'285',500,74900,4,'',0,8200,4,'',0,7600,4,'',0,59800,4,'',0,13200,4,'',0,8000,4,'',0
'285',501,80000,0,'Garibaldi',0,3500,0,'Garibaldi',0,59800,0,'Garibaldi',0,17200,0,'Garibaldi',0,4000,0,'Garibaldi',0
'279',5500,81500,4,'',0,10000,4,'',0,10000,4,'',0,10000,4,'',0,12000,4,'',0,8100,4,'',0,10000,4,'',0,10300,4,'',0,12100,4,'',0,10000,4,'',0,8600,4,'',0,9900,4,'',0
'279',5501,72500,,'',0,10000,,'',0,10000,,'',0,10000,,'',0,10000,,'',0,10000,,'',0,10000,,'',0,10000,,'',0,12400,,'',0,9700,,'',0,8900,,'',0,10000,,'',0
'280',5500,81500,4,'',0,10000,4,'',0,10000,4,'',0,10000,4,'',0,12000,4,'',0,8100,4,'',0,10000,4,'',0,10300,4,'',0,12100,4,'',0,10000,4,'',0,8600,4,'',0,9900,4,'',0
'280',5501,72500,,'',0,10000,,'',0,10000,,'',0,10000,,'',0,10000,,'',0,10000,,'',0,10000,,'',0,10000,,'',0,12400,,'',0,9700,,'',0,8900,,'',0,10000,,'',0
'281',5500,81500,4,'',0,10000,4,'',0,10000,4,'',0,10000,4,'',0,12000,4,'',0,8100,4,'',0,10000,4,'',0,10300,4,'',0,12100,4,'',0,10000,4,'',0,8600,4,'',0,9900,4,'',0
'281',5501,72500,,'',0,10000,,'',0,10000,,'',0,10000,,'',0,10000,,'',0,10000,,'',0,10000,,'',0,10000,,'',0,12400,,'',0,9700,,'',0,8900,,'',0,10000,,'',0
'282',5500,81500,4,'',0,10000,4,'',0,10000,4,'',0,10000,4,'',0,12000,4,'',0,8100,4,'',0,10000,4,'',0,10300,4,'',0,12100,4,'',0,10000,4,'',0,8600,4,'',0,9900,4,'',0
'282',5501,72500,,'',0,10000,,'',0,10000,,'',0,10000,,'',0,10000,,'',0,10000,,'',0,10000,,'',0,10000,,'',0,12400,,'',0,9700,,'',0,8900,,'',0,10000,,'',0
'285',5500,81500,4,'',0,10000,4,'',0,10000,4,'',0,10000,4,'',0,12000,4,'',0,8100,4,'',0,10000,4,'',0,10300,4,'',0,12100,4,'',0,10000,4,'',0,8600,4,'',0,9900,4,'',0
'285',5501,72500,,'',0,10000,,'',0,10000,,'',0,10000,,'',0,10000,,'',0,10000,,'',0,10000,,'',0,10000,,'',0,12400,,'',0,9700,,'',0,8900,,'',0,10000,,'',0
