'272',500,73500,0,'Garibaldi',0,8200,0,'Garibaldi',0,3500,0,'Garibaldi',0,59800,0,'Garibaldi',0,17200,0,'Garibaldi',0,8000,0,'Garibaldi',0
'272',501,81700,4,'',0,3500,4,'',0,59800,4,'',0,17200,4,'',0,8000,4,'',0
'273',500,73500,0,'Garibaldi',0,8200,0,'Garibaldi',0,3500,0,'Garibaldi',0,59800,0,'Garibaldi',0,17200,0,'Garibaldi',0,8000,0,'Garibaldi',0
'273',501,81700,4,'',0,3500,4,'',0,59800,4,'',0,17200,4,'',0,8000,4,'',0
'274',500,73500,0,'Garibaldi',0,8200,0,'Garibaldi',0,3500,0,'Garibaldi',0,59800,0,'Garibaldi',0,17200,0,'Garibaldi',0,8000,0,'Garibaldi',0
'274',501,81700,4,'',0,3500,4,'',0,59800,4,'',0,17200,4,'',0,8000,4,'',0
'275',500,73500,0,'Garibaldi',0,8200,0,'Garibaldi',0,3500,0,'Garibaldi',0,59800,0,'Garibaldi',0,17200,0,'Garibaldi',0,8000,0,'Garibaldi',0
'275',501,81700,4,'',0,3500,4,'',0,59800,4,'',0,17200,4,'',0,8000,4,'',0
'276',500,73500,0,'Garibaldi',0,8200,0,'Garibaldi',0,3500,0,'Garibaldi',0,59800,0,'Garibaldi',0,17200,0,'Garibaldi',0,8000,0,'Garibaldi',0
'276',501,81700,4,'',0,3500,4,'',0,59800,4,'',0,17200,4,'',0,8000,4,'',0
