100,8,1,0
100,9,2,0
100,10,3,0
100,11,4,0
100,12,5,0
100,13,6,0
100,14,7,0
100,15,8,0
100,16,9,0
100,17,10,0
100,18,11,0
100,19,12,0
100,20,13,0
100,21,14,0
100,22,15,0
100,23,16,0
100,24,17,0
100,25,18,0
100,26,19,0
100,27,20,0
100,28,21,0
100,29,22,0
100,30,23,0
100,31,24,0
100,32,25,0
100,33,26,0
100,34,27,0
100,35,28,0
100,36,29,0
100,37,30,1
101,37,1,0
101,38,2,0
101,39,3,0
101,40,4,0
101,41,5,0
101,42,6,0
101,43,7,0
101,44,8,0
101,45,9,0
101,46,10,0
101,47,11,0
101,48,12,0
101,49,13,0
101,50,14,0
101,51,15,0
101,52,16,0
101,53,17,0
101,54,18,0
101,24,19,0
101,55,20,0
101,56,21,0
101,57,22,0
101,58,23,0
101,59,24,0
101,60,25,0
101,61,26,0
101,62,27,0
101,63,28,0
101,64,29,0
101,1,30,0
101,2,31,0
101,3,32,0
101,4,33,0
101,5,34,0
101,6,35,0
101,7,36,0
101,8,37,1
200,76,1,0
200,77,2,0
200,78,3,0
200,79,4,0
200,80,5,0
200,81,6,0
200,82,7,0
200,21,8,0
200,22,9,0
200,23,10,0
200,83,11,0
200,84,12,0
200,24,13,0
200,25,14,0
200,26,15,0
200,27,16,0
200,28,17,0
200,29,18,0
200,30,19,0
200,31,20,0
200,32,21,0
200,33,22,0
200,34,23,0
200,35,24,0
200,36,25,0
200,37,26,1
201,37,1,0
201,38,2,0
201,39,3,0
201,40,4,0
201,41,5,0
201,42,6,0
201,43,7,0
201,44,8,0
201,45,9,0
201,46,10,0
201,47,11,0
201,48,12,0
201,49,13,0
201,50,14,0
201,51,15,0
201,52,16,0
201,53,17,0
201,54,18,0
201,24,19,0
201,85,20,0
201,86,21,0
201,55,22,0
201,56,23,0
201,57,24,0
201,65,25,0
201,66,26,0
201,67,27,0
201,68,28,0
201,87,29,0
201,88,30,0
201,89,31,0
201,90,32,0
201,69,33,0
201,70,34,0
201,71,35,0
201,72,36,0
201,73,37,0
201,74,38,0
201,75,39,0
201,76,40,1
300,104,1,0
300,105,2,0
300,106,3,0
300,107,4,0
300,108,5,0
300,109,6,0
300,110,7,0
300,36,8,0
300,37,9,1
301,37,1,0
301,38,2,0
301,39,3,0
301,40,4,0
301,91,5,0
301,92,6,0
301,93,7,0
301,94,8,0
301,95,9,0
301,96,10,0
301,97,11,0
301,98,12,0
301,99,13,0
301,100,14,0
301,101,15,0
301,102,16,0
301,103,17,0
301,104,18,1
400,111,1,0
400,112,2,0
400,113,3,0
400,114,4,0
400,115,5,0
400,20,6,0
400,21,7,0
400,22,8,0
400,23,9,0
400,29,10,0
400,110,11,0
400,36,12,0
400,37,13,1
401,37,1,0
401,38,2,0
401,39,3,0
401,40,4,0
401,91,5,0
401,48,6,0
401,55,7,0
401,56,8,0
401,57,9,0
401,58,10,0
401,111,11,1
500,89,1,0
500,90,2,0
500,87,3,0
500,119,4,0
500,80,5,0
500,81,6,0
500,120,7,0
500,55,8,0
500,56,9,0
500,57,10,0
500,58,11,0
500,121,12,0
500,122,13,0
500,84,14,0
500,24,15,0
500,25,16,0
500,26,17,0
500,27,18,0
500,28,19,0
500,29,20,0
500,30,21,0
500,31,22,0
500,32,23,0
500,33,24,0
500,34,25,0
500,35,26,0
500,36,27,0
500,37,28,1
501,37,1,0
501,38,2,0
501,39,3,0
501,40,4,0
501,41,5,0
501,42,6,0
501,43,7,0
501,44,8,0
501,45,9,0
501,46,10,0
501,47,11,0
501,48,12,0
501,49,13,0
501,50,14,0
501,51,15,0
501,52,16,0
501,53,17,0
501,54,18,0
501,24,19,0
501,85,20,0
501,116,21,0
501,117,22,0
501,19,23,0
501,20,24,0
501,21,25,0
501,22,26,0
501,23,27,0
501,118,28,0
501,68,29,0
501,88,30,0
501,89,31,1
