'286',200,61600,,'',0,10600,,'',0,9300,,'',0,10700,,'',0,10400,,'',0,10500,,'',0,10700,,'',0,10500,,'',0,7200,,'',0,9700,,'',0,200,,'',0,2900,,'',0,10600,,'',0,10500,,'',0,10300,,'',0,14500,,'',0,11400,,'',0,24000,,'',0
'286',201,61600,4,'',0,10600,4,'',0,9300,4,'',0,10700,4,'',0,10400,4,'',0,10500,4,'',0,10700,4,'',0,10500,4,'',0,7200,4,'',0,9700,4,'',0,200,4,'',0,2900,4,'',0,10600,4,'',0,10500,4,'',0,10300,4,'',0,14500,4,'',0,11400,4,'',0,24000,4,'',0
'287',200,61600,,'',0,10600,,'',0,9300,,'',0,10700,,'',0,10400,,'',0,10500,,'',0,10700,,'',0,10500,,'',0,7200,,'',0,9700,,'',0,200,,'',0,2900,,'',0,10600,,'',0,10500,,'',0,10300,,'',0,14500,,'',0,11400,,'',0,24000,,'',0
'287',201,61600,4,'',0,10600,4,'',0,9300,4,'',0,10700,4,'',0,10400,4,'',0,10500,4,'',0,10700,4,'',0,10500,4,'',0,7200,4,'',0,9700,4,'',0,200,4,'',0,2900,4,'',0,10600,4,'',0,10500,4,'',0,10300,4,'',0,14500,4,'',0,11400,4,'',0,24000,4,'',0
'288',200,61600,,'',0,10600,,'',0,9300,,'',0,10700,,'',0,10400,,'',0,10500,,'',0,10700,,'',0,10500,,'',0,7200,,'',0,9700,,'',0,200,,'',0,2900,,'',0,10600,,'',0,10500,,'',0,10300,,'',0,14500,,'',0,11400,,'',0,24000,,'',0
'288',201,61600,4,'',0,10600,4,'',0,9300,4,'',0,10700,4,'',0,10400,4,'',0,10500,4,'',0,10700,4,'',0,10500,4,'',0,7200,4,'',0,9700,4,'',0,200,4,'',0,2900,4,'',0,10600,4,'',0,10500,4,'',0,10300,4,'',0,14500,4,'',0,11400,4,'',0,24000,4,'',0
'289',200,61600,,'',0,10600,,'',0,9300,,'',0,10700,,'',0,10400,,'',0,10500,,'',0,10700,,'',0,10500,,'',0,7200,,'',0,9700,,'',0,200,,'',0,2900,,'',0,10600,,'',0,10500,,'',0,10300,,'',0,14500,,'',0,11400,,'',0,24000,,'',0,16700,0,'Garibaldi Vlg',0
'289',201,61600,4,'',0,10600,4,'',0,9300,4,'',0,10700,4,'',0,10400,4,'',0,10500,4,'',0,10700,4,'',0,10500,4,'',0,7200,4,'',0,9700,4,'',0,200,4,'',0,2900,4,'',0,10600,4,'',0,10500,4,'',0,10300,4,'',0,14500,4,'',0,11400,4,'',0,24000,4,'',0,16700,4,'',0
'290',200,72700,,'',0,9900,,'',0,10500,,'',0,10500,,'',0,10600,,'',0,10500,,'',0,10500,,'',0,10500,,'',0,14500,,'',0,10600,,'',0,10500,,'',0,10400,,'',0,10300,,'',0,9400,,'',0,12000,,'',0,10500,,'',0,10500,0,'Garibaldi Vlg',0
'290',201,72700,4,'',0,9900,4,'',0,10500,4,'',0,10500,4,'',0,10600,4,'',0,10500,4,'',0,10500,4,'',0,10500,4,'',0,14500,4,'',0,10600,4,'',0,10500,4,'',0,10400,4,'',0,10300,4,'',0,9400,4,'',0,12000,4,'',0,10500,4,'',0,10500,4,'',0
'291',200,102600,,'',0,10600,,'',0,10500,,'',0,10500,,'',0,10500,,'',0,10500,,'',0,10600,,'',0,14500,,'',0,10400,,'',0,10300,,'',0
'291',201,102600,4,'',0,10600,4,'',0,10500,4,'',0,10500,4,'',0,10500,4,'',0,10500,4,'',0,10600,4,'',0,14500,4,'',0,10400,4,'',0,10300,4,'',0
'292',200,61600,,'',0,10600,,'',0,9300,,'',0,10700,,'',0,10400,,'',0,10500,,'',0,10700,,'',0,10500,,'',0,7200,,'',0,9700,,'',0,200,,'',0,2900,,'',0,10600,,'',0,10500,,'',0,10300,,'',0,14500,,'',0,11400,,'',0,24000,,'',0
'292',201,61600,4,'',0,10600,4,'',0,9300,4,'',0,10700,4,'',0,10400,4,'',0,10500,4,'',0,10700,4,'',0,10500,4,'',0,7200,4,'',0,9700,4,'',0,200,4,'',0,2900,4,'',0,10600,4,'',0,10500,4,'',0,10300,4,'',0,14500,4,'',0,11400,4,'',0,24000,4,'',0
