'272',300,62100,,'',0,10600,,'',0,9700,,'',0,1500,,'',0,11000,,'',0,11000,,'',0,14600,,'',0,10500,,'',0,10500,,'',0,9500,,'',0,9100,,'',0,2400,,'',0,10400,,'',0,10500,,'',0,10500,,'',0,10900,,'',0,20900,,'',0
'272',301,62100,4,'',0,10600,4,'',0,9700,4,'',0,1500,4,'',0,11000,4,'',0,11000,4,'',0,14600,4,'',0,10500,4,'',0,10500,4,'',0,9500,4,'',0,9100,4,'',0,2400,4,'',0,10400,4,'',0,10500,4,'',0,10500,4,'',0,10900,4,'',0,20900,4,'',0
'273',300,62100,,'',0,10600,,'',0,9700,,'',0,1500,,'',0,11000,,'',0,11000,,'',0,14600,,'',0,10500,,'',0,10500,,'',0,9500,,'',0,9100,,'',0,2400,,'',0,10400,,'',0,10500,,'',0,10500,,'',0,10900,,'',0,20900,,'',0
'273',301,62100,4,'',0,10600,4,'',0,9700,4,'',0,1500,4,'',0,11000,4,'',0,11000,4,'',0,14600,4,'',0,10500,4,'',0,10500,4,'',0,9500,4,'',0,9100,4,'',0,2400,4,'',0,10400,4,'',0,10500,4,'',0,10500,4,'',0,10900,4,'',0,20900,4,'',0
'274',300,62100,,'',0,10600,,'',0,9700,,'',0,1500,,'',0,11000,,'',0,11000,,'',0,14600,,'',0,10500,,'',0,10500,,'',0,9500,,'',0,9100,,'',0,2400,,'',0,10400,,'',0,10500,,'',0,10500,,'',0,10900,,'',0,20900,,'',0
'274',301,62100,4,'',0,10600,4,'',0,9700,4,'',0,1500,4,'',0,11000,4,'',0,11000,4,'',0,14600,4,'',0,10500,4,'',0,10500,4,'',0,9500,4,'',0,9100,4,'',0,2400,4,'',0,10400,4,'',0,10500,4,'',0,10500,4,'',0,10900,4,'',0,20900,4,'',0
'275',300,62100,,'',0,10600,,'',0,9700,,'',0,1500,,'',0,11000,,'',0,11000,,'',0,14600,,'',0,10500,,'',0,10500,,'',0,9500,,'',0,9100,,'',0,2400,,'',0,10400,,'',0,10500,,'',0,10500,,'',0,10900,,'',0,20900,,'',0
'275',301,62100,4,'',0,10600,4,'',0,9700,4,'',0,1500,4,'',0,11000,4,'',0,11000,4,'',0,14600,4,'',0,10500,4,'',0,10500,4,'',0,9500,4,'',0,9100,4,'',0,2400,4,'',0,10400,4,'',0,10500,4,'',0,10500,4,'',0,10900,4,'',0,20900,4,'',0
'276',300,62100,,'',0,10600,,'',0,9700,,'',0,1500,,'',0,11000,,'',0,11000,,'',0,14600,,'',0,10500,,'',0,10500,,'',0,9500,,'',0,9100,,'',0,2400,,'',0,10400,,'',0,10500,,'',0,10500,,'',0,10900,,'',0,20900,,'',0,25000,0,'Garibaldi Vlg',0
'276',301,62100,4,'',0,10600,4,'',0,9700,4,'',0,1500,4,'',0,11000,4,'',0,11000,4,'',0,14600,4,'',0,10500,4,'',0,10500,4,'',0,9500,4,'',0,9100,4,'',0,2400,4,'',0,10400,4,'',0,10500,4,'',0,10500,4,'',0,10900,4,'',0,20900,4,'',0,25000,4,'',0
'277',300,73600,,'',0,17200,,'',0,10500,,'',0,10500,,'',0,10500,,'',0,10500,,'',0,10600,,'',0,10500,,'',0,10400,,'',0,10500,,'',0,10500,,'',0,10500,,'',0,9000,,'',0,11000,,'',0,14200,,'',0,10500,,'',0,10500,,'',0
'277',301,73600,4,'',0,17200,4,'',0,10500,4,'',0,10500,4,'',0,10500,4,'',0,10500,4,'',0,10600,4,'',0,10500,4,'',0,10400,4,'',0,10500,4,'',0,10500,4,'',0,10500,4,'',0,9000,4,'',0,11000,4,'',0,14200,4,'',0,10500,4,'',0,10500,4,'',0
'278',300,80200,,'',0,10000,,'',0,10000,,'',0,10500,,'',0,10600,,'',0,10500,,'',0,10500,,'',0,10500,,'',0,10500,,'',0,10400,,'',0,10500,,'',0,10500,,'',0
'278',301,80200,4,'',0,10000,4,'',0,10000,4,'',0,10500,4,'',0,10600,4,'',0,10500,4,'',0,10500,4,'',0,10500,4,'',0,10500,4,'',0,10400,4,'',0,10500,4,'',0,10500,4,'',0
