'272',200,61600,,'',0,10600,,'',0,9300,,'',0,10700,,'',0,10400,,'',0,10500,,'',0,10700,,'',0,10500,,'',0,7200,,'',0,9900,,'',0,2900,,'',0,10600,,'',0,10500,,'',0,10300,,'',0,14500,,'',0,11400,,'',0,24000,,'',0
'272',201,61600,4,'',0,10600,4,'',0,9300,4,'',0,10700,4,'',0,10400,4,'',0,10500,4,'',0,10700,4,'',0,10500,4,'',0,7200,4,'',0,9900,4,'',0,2900,4,'',0,10600,4,'',0,10500,4,'',0,10300,4,'',0,14500,4,'',0,11400,4,'',0,24000,4,'',0
'273',200,61600,,'',0,10600,,'',0,9300,,'',0,10700,,'',0,10400,,'',0,10500,,'',0,10700,,'',0,10500,,'',0,7200,,'',0,9900,,'',0,2900,,'',0,10600,,'',0,10500,,'',0,10300,,'',0,14500,,'',0,11400,,'',0,24000,,'',0
'273',201,61600,4,'',0,10600,4,'',0,9300,4,'',0,10700,4,'',0,10400,4,'',0,10500,4,'',0,10700,4,'',0,10500,4,'',0,7200,4,'',0,9900,4,'',0,2900,4,'',0,10600,4,'',0,10500,4,'',0,10300,4,'',0,14500,4,'',0,11400,4,'',0,24000,4,'',0
'274',200,61600,,'',0,10600,,'',0,9300,,'',0,10700,,'',0,10400,,'',0,10500,,'',0,10700,,'',0,10500,,'',0,7200,,'',0,9900,,'',0,2900,,'',0,10600,,'',0,10500,,'',0,10300,,'',0,14500,,'',0,11400,,'',0,24000,,'',0
'274',201,61600,4,'',0,10600,4,'',0,9300,4,'',0,10700,4,'',0,10400,4,'',0,10500,4,'',0,10700,4,'',0,10500,4,'',0,7200,4,'',0,9900,4,'',0,2900,4,'',0,10600,4,'',0,10500,4,'',0,10300,4,'',0,14500,4,'',0,11400,4,'',0,24000,4,'',0
'275',200,61600,,'',0,10600,,'',0,9300,,'',0,10700,,'',0,10400,,'',0,10500,,'',0,10700,,'',0,10500,,'',0,7200,,'',0,9900,,'',0,2900,,'',0,10600,,'',0,10500,,'',0,10300,,'',0,14500,,'',0,11400,,'',0,24000,,'',0
'275',201,61600,4,'',0,10600,4,'',0,9300,4,'',0,10700,4,'',0,10400,4,'',0,10500,4,'',0,10700,4,'',0,10500,4,'',0,7200,4,'',0,9900,4,'',0,2900,4,'',0,10600,4,'',0,10500,4,'',0,10300,4,'',0,14500,4,'',0,11400,4,'',0,24000,4,'',0
'276',200,61600,,'',0,10600,,'',0,9300,,'',0,10700,,'',0,10400,,'',0,10500,,'',0,10700,,'',0,10500,,'',0,7200,,'',0,9900,,'',0,2900,,'',0,10600,,'',0,10500,,'',0,10300,,'',0,14500,,'',0,11400,,'',0,24000,,'',0,16700,0,'Garibaldi Vlg',0
'276',201,61600,4,'',0,10600,4,'',0,9300,4,'',0,10700,4,'',0,10400,4,'',0,10500,4,'',0,10700,4,'',0,10500,4,'',0,7200,4,'',0,9900,4,'',0,2900,4,'',0,10600,4,'',0,10500,4,'',0,10300,4,'',0,14500,4,'',0,11400,4,'',0,24000,4,'',0,16700,4,'',0
'277',200,72700,,'',0,9900,,'',0,10500,,'',0,10500,,'',0,10600,,'',0,10500,,'',0,10500,,'',0,10500,,'',0,14500,,'',0,10600,,'',0,10500,,'',0,10400,,'',0,10300,,'',0,9400,,'',0,12000,,'',0,10500,,'',0,10500,0,'Garibaldi Vlg',0
'277',201,72700,4,'',0,9900,4,'',0,10500,4,'',0,10500,4,'',0,10600,4,'',0,10500,4,'',0,10500,4,'',0,10500,4,'',0,14500,4,'',0,10600,4,'',0,10500,4,'',0,10400,4,'',0,10300,4,'',0,9400,4,'',0,12000,4,'',0,10500,4,'',0,10500,4,'',0
'278',200,102600,,'',0,10600,,'',0,10500,,'',0,10500,,'',0,10500,,'',0,10500,,'',0,10600,,'',0,14500,,'',0,10400,,'',0,10300,,'',0
'278',201,102600,4,'',0,10600,4,'',0,10500,4,'',0,10500,4,'',0,10500,4,'',0,10500,4,'',0,10600,4,'',0,14500,4,'',0,10400,4,'',0,10300,4,'',0
