'1890',100,154300,,'',0,45900,,'',0,11400,,'',0,24000,,'',0,16700,0,'Garibaldi Vlg',0
'1890',101,154300,4,'',0,45900,4,'',0,11400,4,'',0,24000,4,'',0,16700,4,'',0
'1904',100,72700,,'',0,9900,,'',0,10500,,'',0,10500,,'',0,10600,,'',0,10500,,'',0,10500,,'',0,10500,,'',0,14500,,'',0,10600,,'',0,10500,,'',0,10400,,'',0,10300,,'',0,9400,,'',0,12000,,'',0,10500,,'',0,10500,0,'Garibaldi Vlg',0
'1904',101,72700,4,'',0,9900,4,'',0,10500,4,'',0,10500,4,'',0,10600,4,'',0,10500,4,'',0,10500,4,'',0,10500,4,'',0,14500,4,'',0,10600,4,'',0,10500,4,'',0,10400,4,'',0,10300,4,'',0,9400,4,'',0,12000,4,'',0,10500,4,'',0,10500,4,'',0
'1922',100,61600,,'',0,10600,,'',0,9300,,'',0,10700,,'',0,10400,,'',0,10500,,'',0,10700,,'',0,10500,,'',0,7200,,'',0,9700,,'',0,200,,'',0,13500,,'',0,10500,,'',0,10300,,'',0
'1922',101,61600,4,'',0,10600,4,'',0,9300,4,'',0,10700,4,'',0,10400,4,'',0,10500,4,'',0,10700,4,'',0,10500,4,'',0,7200,4,'',0,9700,4,'',0,200,4,'',0,13500,4,'',0,10500,4,'',0,10300,4,'',0
'1924',100,154300,,'',0,45900,,'',0,11400,,'',0,24000,,'',0
'1924',101,154300,4,'',0,45900,4,'',0,11400,4,'',0,24000,4,'',0
'2243',100,102600,,'',0,10600,,'',0,10500,,'',0,10500,,'',0,10500,,'',0,10500,,'',0,10600,,'',0,14500,,'',0,10400,,'',0,10300,,'',0
'2243',101,102600,4,'',0,10600,4,'',0,10500,4,'',0,10500,4,'',0,10500,4,'',0,10500,4,'',0,10600,4,'',0,14500,4,'',0,10400,4,'',0,10300,4,'',0
