'265',300,62100,,'',0,10600,,'',0,9700,,'',0,1500,,'',0,11000,,'',0,11000,,'',0,14600,,'',0,10500,,'',0,10500,,'',0,9500,,'',0,9100,,'',0,2400,,'',0,10400,,'',0,10500,,'',0,10500,,'',0,10900,,'',0,20900,,'',0
'265',301,62100,4,'',0,10600,4,'',0,9700,4,'',0,1500,4,'',0,11000,4,'',0,11000,4,'',0,14600,4,'',0,10500,4,'',0,10500,4,'',0,9500,4,'',0,9100,4,'',0,2400,4,'',0,10400,4,'',0,10500,4,'',0,10500,4,'',0,10900,4,'',0,20900,4,'',0
'266',300,62100,,'',0,10600,,'',0,9700,,'',0,1500,,'',0,11000,,'',0,11000,,'',0,14600,,'',0,10500,,'',0,10500,,'',0,9500,,'',0,9100,,'',0,2400,,'',0,10400,,'',0,10500,,'',0,10500,,'',0,10900,,'',0,20900,,'',0
'266',301,62100,4,'',0,10600,4,'',0,9700,4,'',0,1500,4,'',0,11000,4,'',0,11000,4,'',0,14600,4,'',0,10500,4,'',0,10500,4,'',0,9500,4,'',0,9100,4,'',0,2400,4,'',0,10400,4,'',0,10500,4,'',0,10500,4,'',0,10900,4,'',0,20900,4,'',0
'267',300,62100,,'',0,10600,,'',0,9700,,'',0,1500,,'',0,11000,,'',0,11000,,'',0,14600,,'',0,10500,,'',0,10500,,'',0,9500,,'',0,9100,,'',0,2400,,'',0,10400,,'',0,10500,,'',0,10500,,'',0,10900,,'',0,20900,,'',0
'267',301,62100,4,'',0,10600,4,'',0,9700,4,'',0,1500,4,'',0,11000,4,'',0,11000,4,'',0,14600,4,'',0,10500,4,'',0,10500,4,'',0,9500,4,'',0,9100,4,'',0,2400,4,'',0,10400,4,'',0,10500,4,'',0,10500,4,'',0,10900,4,'',0,20900,4,'',0
'268',300,62100,,'',0,10600,,'',0,9700,,'',0,1500,,'',0,11000,,'',0,11000,,'',0,14600,,'',0,10500,,'',0,10500,,'',0,9500,,'',0,9100,,'',0,2400,,'',0,10400,,'',0,10500,,'',0,10500,,'',0,10900,,'',0,20900,,'',0,25000,0,'Garibaldi Vlg',0
'268',301,62100,4,'',0,10600,4,'',0,9700,4,'',0,1500,4,'',0,11000,4,'',0,11000,4,'',0,14600,4,'',0,10500,4,'',0,10500,4,'',0,9500,4,'',0,9100,4,'',0,2400,4,'',0,10400,4,'',0,10500,4,'',0,10500,4,'',0,10900,4,'',0,20900,4,'',0,25000,4,'',0
'269',300,73600,,'',0,17200,,'',0,10500,,'',0,10500,,'',0,10500,,'',0,10500,,'',0,10600,,'',0,10500,,'',0,10400,,'',0,10500,,'',0,10500,,'',0,10500,,'',0,9000,,'',0,11000,,'',0,14200,,'',0,10500,,'',0,10500,,'',0
'269',301,73600,4,'',0,17200,4,'',0,10500,4,'',0,10500,4,'',0,10500,4,'',0,10500,4,'',0,10600,4,'',0,10500,4,'',0,10400,4,'',0,10500,4,'',0,10500,4,'',0,10500,4,'',0,9000,4,'',0,11000,4,'',0,14200,4,'',0,10500,4,'',0,10500,4,'',0
'270',300,80200,,'',0,10000,,'',0,10000,,'',0,10500,,'',0,10600,,'',0,10500,,'',0,10500,,'',0,10500,,'',0,10500,,'',0,10400,,'',0,10500,,'',0,10500,,'',0
'270',301,80200,4,'',0,10000,4,'',0,10000,4,'',0,10500,4,'',0,10600,4,'',0,10500,4,'',0,10500,4,'',0,10500,4,'',0,10500,4,'',0,10400,4,'',0,10500,4,'',0,10500,4,'',0
'271',300,62100,,'',0,10600,,'',0,9700,,'',0,1500,,'',0,11000,,'',0,11000,,'',0,14600,,'',0,10500,,'',0,10500,,'',0,9500,,'',0,9100,,'',0,2400,,'',0,10400,,'',0,10500,,'',0,10500,,'',0,10900,,'',0,20900,,'',0
'271',301,62100,4,'',0,10600,4,'',0,9700,4,'',0,1500,4,'',0,11000,4,'',0,11000,4,'',0,14600,4,'',0,10500,4,'',0,10500,4,'',0,9500,4,'',0,9100,4,'',0,2400,4,'',0,10400,4,'',0,10500,4,'',0,10500,4,'',0,10900,4,'',0,20900,4,'',0
