100,1,1,0
100,2,2,0
100,3,3,0
100,4,4,0
100,5,5,0
100,6,6,0
100,7,7,0
100,8,8,0
100,9,9,0
100,10,10,0
100,11,11,0
100,12,12,0
100,13,13,0
100,14,14,0
100,15,15,0
100,16,16,0
100,17,17,0
100,18,18,0
100,19,19,0
100,20,20,0
100,21,21,0
100,22,22,0
100,23,23,0
100,24,24,0
100,25,25,0
100,26,26,0
100,27,27,0
100,28,28,0
100,29,29,0
100,30,30,1
101,30,1,0
101,45,2,0
101,46,3,0
101,47,4,0
101,48,5,0
101,49,6,0
101,50,7,0
101,51,8,0
101,52,9,0
101,53,10,0
101,54,11,0
101,55,12,0
101,56,13,0
101,57,14,0
101,58,15,0
101,59,16,0
101,60,17,0
101,61,18,0
101,17,19,0
101,62,20,0
101,63,21,0
101,64,22,0
101,31,23,0
101,32,24,0
101,33,25,0
101,34,26,0
101,35,27,0
101,36,28,0
101,37,29,0
101,38,30,0
101,39,31,0
101,40,32,0
101,41,33,0
101,42,34,0
101,43,35,0
101,44,36,0
101,1,37,1
200,82,1,0
200,83,2,0
200,84,3,0
200,85,4,0
200,86,5,0
200,87,6,0
200,88,7,0
200,14,8,0
200,15,9,0
200,16,10,0
200,89,11,0
200,90,12,0
200,17,13,0
200,18,14,0
200,19,15,0
200,20,16,0
200,21,17,0
200,22,18,0
200,23,19,0
200,24,20,0
200,25,21,0
200,26,22,0
200,27,23,0
200,28,24,0
200,29,25,0
200,30,26,1
201,30,1,0
201,45,2,0
201,46,3,0
201,47,4,0
201,48,5,0
201,49,6,0
201,50,7,0
201,51,8,0
201,52,9,0
201,53,10,0
201,54,11,0
201,55,12,0
201,56,13,0
201,57,14,0
201,58,15,0
201,59,16,0
201,60,17,0
201,61,18,0
201,17,19,0
201,65,20,0
201,66,21,0
201,62,22,0
201,63,23,0
201,64,24,0
201,67,25,0
201,68,26,0
201,69,27,0
201,70,28,0
201,71,29,0
201,72,30,0
201,73,31,0
201,74,32,0
201,75,33,0
201,76,34,0
201,77,35,0
201,78,36,0
201,79,37,0
201,80,38,0
201,81,39,0
201,82,40,1
300,104,1,0
300,105,2,0
300,106,3,0
300,107,4,0
300,108,5,0
300,109,6,0
300,110,7,0
300,29,8,0
300,30,9,1
301,30,1,0
301,45,2,0
301,46,3,0
301,47,4,0
301,91,5,0
301,92,6,0
301,93,7,0
301,94,8,0
301,95,9,0
301,96,10,0
301,97,11,0
301,98,12,0
301,99,13,0
301,100,14,0
301,101,15,0
301,102,16,0
301,103,17,0
301,104,18,1
400,111,1,0
400,112,2,0
400,113,3,0
400,114,4,0
400,115,5,0
400,13,6,0
400,14,7,0
400,15,8,0
400,16,9,0
400,22,10,0
400,110,11,0
400,29,12,0
400,30,13,1
401,30,1,0
401,45,2,0
401,46,3,0
401,47,4,0
401,91,5,0
401,55,6,0
401,62,7,0
401,63,8,0
401,64,9,0
401,31,10,0
401,111,11,1
500,73,1,0
500,74,2,0
500,71,3,0
500,119,4,0
500,86,5,0
500,87,6,0
500,120,7,0
500,62,8,0
500,63,9,0
500,64,10,0
500,31,11,0
500,121,12,0
500,122,13,0
500,90,14,0
500,17,15,0
500,18,16,0
500,19,17,0
500,20,18,0
500,21,19,0
500,22,20,0
500,23,21,0
500,24,22,0
500,25,23,0
500,26,24,0
500,27,25,0
500,28,26,0
500,29,27,0
500,30,28,1
501,30,1,0
501,45,2,0
501,46,3,0
501,47,4,0
501,48,5,0
501,49,6,0
501,50,7,0
501,51,8,0
501,52,9,0
501,53,10,0
501,54,11,0
501,55,12,0
501,56,13,0
501,57,14,0
501,58,15,0
501,59,16,0
501,60,17,0
501,61,18,0
501,17,19,0
501,65,20,0
501,116,21,0
501,117,22,0
501,12,23,0
501,13,24,0
501,14,25,0
501,15,26,0
501,16,27,0
501,118,28,0
501,70,29,0
501,72,30,0
501,73,31,1
