'1890',100,161400,4,'',0,41600,4,'',0,11400,4,'',0,28000,4,'',0
'1890',101,151000,,'',0,42500,,'',0,11500,,'',0,28000,,'',0
'1904',100,75600,4,'',0,9900,4,'',0,14500,4,'',0,10500,4,'',0,10700,4,'',0,10400,4,'',0,10500,4,'',0,10500,4,'',0,10500,4,'',0,10500,4,'',0,10400,4,'',0,10400,4,'',0,10300,4,'',0,9400,4,'',0,16000,4,'',0,10500,4,'',0
'1904',101,80000,,'',0,10500,,'',0,10500,,'',0,10500,,'',0,10500,,'',0,10500,,'',0,10500,,'',0,10500,,'',0,10500,,'',0,10500,,'',0,10500,,'',0,10500,,'',0,9500,,'',0,16000,,'',0,10500,,'',0,10500,,'',0
'1922',100,64500,4,'',0,10600,4,'',0,9600,4,'',0,10400,4,'',0,10500,4,'',0,14500,4,'',0,10700,4,'',0,10500,4,'',0,3400,4,'',0,9800,4,'',0,200,4,'',0,17300,4,'',0,10300,4,'',0,10300,4,'',0
'1922',101,65500,,'',0,9000,,'',0,11000,,'',0,14500,,'',0,10500,,'',0,10500,,'',0,10500,,'',0,3200,,'',0,9900,,'',0,17400,,'',0,10500,,'',0,10500,,'',0
'1924',100,161400,4,'',0,41600,4,'',0,11400,4,'',0,28000,4,'',0
'1924',101,151000,,'',0,42500,,'',0,11500,,'',0,28000,,'',0
'2243',100,105500,4,'',0,14600,4,'',0,10500,4,'',0,10500,4,'',0,10500,4,'',0,10500,4,'',0,10600,4,'',0,10500,4,'',0,10300,4,'',0,10300,4,'',0
'2243',101,100000,,'',0,10500,,'',0,10500,,'',0,10500,,'',0,10500,,'',0,10500,,'',0,10500,,'',0,10500,,'',0,10500,,'',0,10500,,'',0
'1890',200,175400,4,'',0,56600,4,'',0
'1890',201,170000,,'',0,52500,,'',0,21000,,'',0
'1904',200,80000,4,'',0,13200,4,'',0,10600,4,'',0,10500,4,'',0,10500,4,'',0,10500,4,'',0,10600,4,'',0,14500,4,'',0,10400,4,'',0,10500,4,'',0,10500,4,'',0,10400,4,'',0,9000,4,'',0,10900,4,'',0,10200,4,'',0,10500,4,'',0
'1904',201,83500,,'',0,10500,,'',0,10500,,'',0,10500,,'',0,10500,,'',0,14500,,'',0,10500,,'',0,10500,,'',0,10500,,'',0,10500,,'',0,10500,,'',0,9000,,'',0,11000,,'',0,10500,,'',0,10500,,'',0,10500,,'',0
'1922',200,64400,4,'',0,10800,4,'',0,10000,4,'',0,5300,4,'',0,10900,4,'',0,11000,4,'',0,10600,4,'',0,10500,4,'',0,10500,4,'',0,9500,4,'',0,9200,4,'',0,2400,4,'',0,20800,4,'',0,14500,4,'',0,10800,4,'',0
'1922',201,65400,,'',0,10100,,'',0,5500,,'',0,11000,,'',0,11000,,'',0,10500,,'',0,10500,,'',0,10500,,'',0,9500,,'',0,9000,,'',0,2500,,'',0,25000,,'',0,10500,,'',0,10500,,'',0
'1924',200,175400,4,'',0,56600,4,'',0
'1924',201,170000,,'',0,52500,,'',0
'2243',200,82600,4,'',0,10000,4,'',0,10000,4,'',0,10600,4,'',0,10600,4,'',0,10500,4,'',0,10500,4,'',0,10500,4,'',0,10500,4,'',0,14400,4,'',0,10500,4,'',0,10400,4,'',0
'2243',201,73000,,'',0,10000,,'',0,10000,,'',0,10500,,'',0,10500,,'',0,10500,,'',0,10500,,'',0,10500,,'',0,14500,,'',0,10500,,'',0,10500,,'',0,10500,,'',0
'1890',301,162000,,'',0,2700,4,'',0,50800,,'',0,6200,4,'',0
'1904',301,80500,,'',0,2400,4,'',0,7600,,'',0,2400,4,'',0,8700,,'',0,2400,4,'',0,500,,'',0,6400,4,'',0,10600,,'',0,2500,4,'',0,1000,,'',0,6500,4,'',0,8500,,'',0,2700,4,'',0,7400,,'',0,2600,4,'',0,800,,'',0,6600,4,'',0,11400,,'',0,2600,4,'',0,6400,,'',0,2600,4,'',0,1400,,'',0,6400,4,'',0,12100,,'',0,2400,4,'',0,8600,,'',0,6200,4,'',0
'1922',301,61600,,'',0,2400,4,'',0,1000,,'',0,6400,4,'',0,200,,'',0,2400,4,'',0,1300,,'',0,6700,4,'',0,200,,'',0,2700,4,'',0,7000,,'',0,2500,4,'',0,600,,'',0,6500,4,'',0,9500,,'',0,2600,4,'',0,1300,,'',0,6600,4,'',0,3000,,'',0,6600,4,'',0,2900,,'',0,6600,4,'',0,400,,'',0,2700,4,'',0,1800,,'',0,6700,4,'',0,300,,'',0,2500,,'',0,200,4,'',0,6500,4,'',0,8300,,'',0,2500,4,'',0,2000,,'',0,6500,4,'',0,400,,'',0,2500,4,'',0,9100,,'',0,2300,4,'',0
'1924',301,162000,,'',0,2700,4,'',0,50800,,'',0,6200,4,'',0
'2243',301,90000,,'',0,2400,4,'',0,600,,'',0,2400,4,'',0,15600,,'',0,2400,4,'',0,7700,,'',0,2500,4,'',0,8400,,'',0,2500,4,'',0,7500,,'',0,2500,4,'',0,8500,,'',0,2500,4,'',0,7500,,'',0,2500,4,'',0,15500,,'',0,2500,4,'',0,500,,'',0,6500,4,'',0,500,,'',0,2400,4,'',0
'1922',400,74900,4,'',0,8200,4,'',0,7600,4,'',0,59800,4,'',0,13200,4,'',0,8000,4,'',0
'1922',401,80000,,'',0,3500,,'',0,59800,,'',0,17200,,'',0,4000,,'',0
'1890',900,192500,4,'',0
'1890',901,183500,,'',0
'1922',900,81500,4,'',0,10000,4,'',0,10000,4,'',0,10000,4,'',0,12000,4,'',0,8100,4,'',0,10000,4,'',0,10300,4,'',0,12100,4,'',0,10000,4,'',0,8600,4,'',0
'1922',901,72500,,'',0,10000,,'',0,10000,,'',0,10000,,'',0,10000,,'',0,10000,,'',0,10000,,'',0,10000,,'',0,12400,,'',0,9700,,'',0,8900,,'',0
'1924',900,192500,4,'',0
'1924',901,183500,,'',0
