'286',500,73500,0,'Garibaldi',0,8200,0,'Garibaldi',0,3500,0,'Garibaldi',0,59800,0,'Garibaldi',0,17200,0,'Garibaldi',0,8000,0,'Garibaldi',0
'286',501,81700,4,'',0,3500,4,'',0,59800,4,'',0,17200,4,'',0,8000,4,'',0
'287',500,73500,0,'Garibaldi',0,8200,0,'Garibaldi',0,3500,0,'Garibaldi',0,59800,0,'Garibaldi',0,17200,0,'Garibaldi',0,8000,0,'Garibaldi',0
'287',501,81700,4,'',0,3500,4,'',0,59800,4,'',0,17200,4,'',0,8000,4,'',0
'288',500,73500,0,'Garibaldi',0,8200,0,'Garibaldi',0,3500,0,'Garibaldi',0,59800,0,'Garibaldi',0,17200,0,'Garibaldi',0,8000,0,'Garibaldi',0
'288',501,81700,4,'',0,3500,4,'',0,59800,4,'',0,17200,4,'',0,8000,4,'',0
'289',500,73500,0,'Garibaldi',0,8200,0,'Garibaldi',0,3500,0,'Garibaldi',0,59800,0,'Garibaldi',0,17200,0,'Garibaldi',0,8000,0,'Garibaldi',0
'289',501,81700,4,'',0,3500,4,'',0,59800,4,'',0,17200,4,'',0,8000,4,'',0
'292',500,73500,0,'Garibaldi',0,8200,0,'Garibaldi',0,3500,0,'Garibaldi',0,59800,0,'Garibaldi',0,17200,0,'Garibaldi',0,8000,0,'Garibaldi',0
'292',501,81700,4,'',0,3500,4,'',0,59800,4,'',0,17200,4,'',0,8000,4,'',0
