'1890',200,172900,,'',0,52800,,'',0,25000,0,'Garibaldi Vlg',0
'1890',201,172900,4,'',0,52800,4,'',0,25000,4,'',0
'1904',200,73600,,'',0,17200,,'',0,10500,,'',0,10500,,'',0,10500,,'',0,10500,,'',0,10600,,'',0,10500,,'',0,10400,,'',0,10500,,'',0,10500,,'',0,10500,,'',0,9000,,'',0,11000,,'',0,14200,,'',0,10500,,'',0,10500,,'',0
'1904',201,73600,4,'',0,17200,4,'',0,10500,4,'',0,10500,4,'',0,10500,4,'',0,10500,4,'',0,10600,4,'',0,10500,4,'',0,10400,4,'',0,10500,4,'',0,10500,4,'',0,10500,4,'',0,9000,4,'',0,11000,4,'',0,14200,4,'',0,10500,4,'',0,10500,4,'',0
'1922',200,62100,,'',0,10600,,'',0,9700,,'',0,1500,,'',0,11000,,'',0,11000,,'',0,14600,,'',0,10500,,'',0,10500,,'',0,9500,,'',0,9100,,'',0,2400,,'',0,20900,,'',0,10500,,'',0,10900,,'',0
'1922',201,62100,4,'',0,10600,4,'',0,9700,4,'',0,1500,4,'',0,11000,4,'',0,11000,4,'',0,14600,4,'',0,10500,4,'',0,10500,4,'',0,9500,4,'',0,9100,4,'',0,2400,4,'',0,20900,4,'',0,10500,4,'',0,10900,4,'',0
'1924',200,172900,,'',0,52800,,'',0
'1924',201,172900,4,'',0,52800,4,'',0
'2243',200,80200,,'',0,10000,,'',0,10000,,'',0,10500,,'',0,10600,,'',0,10500,,'',0,10500,,'',0,10500,,'',0,10500,,'',0,10400,,'',0,10500,,'',0,10500,,'',0
'2243',201,80200,4,'',0,10000,4,'',0,10000,4,'',0,10500,4,'',0,10600,4,'',0,10500,4,'',0,10500,4,'',0,10500,4,'',0,10500,4,'',0,10400,4,'',0,10500,4,'',0,10500,4,'',0
