100,102829,1,0
100,102831,2,0
100,102830,3,0
100,102826,4,0
100,102824,5,0
100,102822,6,0
100,102817,7,0
100,102815,8,0
100,102808,9,0
100,102798,10,0
100,134031,11,0
100,102790,12,0
100,134029,13,0
100,102792,14,0
100,102785,15,0
100,102780,16,0
100,134030,17,0
100,102776,18,0
100,102769,19,0
100,102774,20,0
100,134026,21,0
100,102770,22,0
100,134024,23,0
100,134034,24,0
100,102763,25,0
100,102761,26,0
100,102754,27,0
100,102751,28,0
100,102742,29,0
100,134022,30,0
100,102733,31,0
100,102729,32,1
101,102729,1,0
101,102738,2,0
101,102736,3,0
101,102730,4,0
101,102731,5,0
101,102734,6,0
101,102732,7,0
101,102737,8,0
101,102741,9,0
101,134033,10,0
101,102755,11,0
101,102760,12,0
101,102764,13,0
101,134035,14,0
101,102767,15,0
101,102768,16,0
101,102771,17,0
101,102772,18,0
101,102773,19,0
101,102769,20,0
101,102783,21,0
101,102786,22,0
101,102793,23,0
101,102796,24,0
101,102794,25,0
101,102799,26,0
101,102803,27,0
101,102810,28,0
101,102816,29,0
101,102818,30,0
101,102819,31,0
101,102820,32,0
101,102821,33,0
101,102823,34,0
101,102825,35,0
101,102827,36,0
101,102828,37,0
101,102829,38,1
200,102813,1,0
200,102811,2,0
200,102809,3,0
200,102804,4,0
200,102800,5,0
200,102787,6,0
200,102784,7,0
200,102792,8,0
200,102785,9,0
200,102780,10,0
200,134030,11,0
200,102776,12,0
200,102769,13,0
200,102774,14,0
200,134026,15,0
200,102770,16,0
200,134024,17,0
200,134034,18,0
200,102763,19,0
200,102761,20,0
200,102754,21,0
200,102751,22,0
200,102742,23,0
200,134022,24,0
200,102733,25,0
200,102729,26,1
201,102729,1,0
201,102738,2,0
201,102736,3,0
201,102730,4,0
201,102731,5,0
201,102734,6,0
201,102732,7,0
201,102737,8,0
201,102741,9,0
201,134033,10,0
201,102755,11,0
201,102760,12,0
201,102764,13,0
201,134035,14,0
201,102767,15,0
201,102768,16,0
201,102771,17,0
201,102772,18,0
201,102773,19,0
201,102769,20,0
201,102775,21,0
201,102777,22,0
201,102783,23,0
201,102786,24,0
201,102793,25,0
201,102791,26,0
201,102795,27,0
201,102797,28,0
201,102801,29,0
201,134038,30,0
201,102711,31,0
201,102704,32,0
201,102708,33,0
201,102802,34,0
201,102805,35,0
201,102812,36,0
201,102814,37,0
201,134027,38,0
201,102807,39,0
201,102806,40,0
201,102813,41,1
300,102762,1,0
300,102759,2,0
300,102757,3,0
300,102749,4,0
300,102748,5,0
300,102740,6,0
300,102733,7,0
300,102729,8,1
301,102729,1,0
301,102738,2,0
301,102736,3,0
301,102730,4,0
301,102731,5,0
301,102734,6,0
301,102706,7,0
301,102743,8,0
301,102750,9,0
301,134015,10,0
301,102744,11,0
301,102739,12,0
301,102705,13,0
301,102747,14,0
301,102753,15,0
301,102758,16,0
301,134000,17,0
301,102762,18,1
400,102564,1,0
400,102562,2,0
400,102560,3,0
400,102558,4,0
400,102556,5,0
400,134029,6,0
400,102792,7,0
400,102785,8,0
400,102780,9,0
400,102733,10,0
400,102729,11,1
401,102729,1,0
401,102738,2,0
401,102736,3,0
401,102730,4,0
401,102731,5,0
401,102734,6,0
401,102783,7,0
401,102786,8,0
401,102793,9,0
401,102796,10,0
401,102564,11,1
900,102704,1,0
900,102708,2,0
900,102800,3,0
900,102787,4,0
900,134028,5,0
900,102783,6,0
900,102786,7,0
900,102793,8,0
900,102796,9,0
900,102789,10,0
900,102782,11,0
900,102776,12,0
900,102769,13,0
900,102774,14,0
900,134026,15,0
900,102770,16,0
900,134024,17,0
900,134034,18,0
900,102763,19,0
900,102761,20,0
900,102754,21,0
900,102751,22,0
900,102742,23,0
900,134022,24,0
900,102729,25,1
901,102729,1,0
901,102738,2,0
901,102736,3,0
901,102730,4,0
901,102731,5,0
901,102732,6,0
901,102737,7,0
901,102741,8,0
901,134033,9,0
901,102755,10,0
901,102760,11,0
901,102764,12,0
901,134035,13,0
901,102767,14,0
901,102768,15,0
901,102771,16,0
901,102772,17,0
901,102773,18,0
901,102769,19,0
901,102775,20,0
901,102781,21,0
901,102788,22,0
901,102790,23,0
901,134029,24,0
901,102792,25,0
901,102785,26,0
901,102780,27,0
901,134037,28,0
901,102801,29,0
901,102711,30,0
901,102704,31,1
