200,'4480',618,,1546,5,,,0,109,,1547,5,,,0,27,,1560,5,,,0,67,,1548,5,,,0,18,,1550,5,,,0,108,,1549,5,,,0,110,,1552,5,,,0,146,,1551,5,,,0,106,,1553,5,,,0,205,,1555,5,,,0,87,,1556,5,,,0,34,,1554,5,,,0,74,,1561,5,,,0,234,,1557,5,,,0,109,,1558,5,,,0,103,,1559,5,,,0
200,'4532',731,,2135,5,,,0,172,,2129,5,,,0,101,,2131,5,,,0,100,,2130,5,,,0,101,,2132,5,,,0,100,,2133,5,,,0,101,,2134,5,,,0,100,,2123,5,,,0,100,,2124,5,,,0,100,,2140,5,,,0,99,,2125,5,,,0,100,,2126,5,,,0,99,,2127,5,,,0,100,,2128,5,,,0,100,,2137,5,,,0,98,,2136,5,,,0,114,,2138,5,,,0,99,,2139,5,,,0
200,'4623',1834,,2141,5,,,0,471,,2142,5,,,0,204,,2143,5,0,5 6,0
200,'4661',1834,,1562,5,,,0,471,,1563,5,,,0
200,'4663',1834,,1568,5,,,0,471,,1569,5,,,0,204,,1570,5,0,5 6,0
200,'5014',618,,2144,5,,,0,109,,2145,5,,,0,27,,2158,5,,,0,67,,2146,5,,,0,18,,2148,5,,,0,108,,2147,5,,,0,110,,2150,5,,,0,146,,2149,5,,,0,106,,2151,5,,,0,205,,2153,5,,,0,87,,2154,5,,,0,34,,2152,5,,,0,74,,2159,5,,,0,234,,2155,5,,,0,109,,2156,5,,,0,103,,2157,5,,,0
200,'5173',1414,,1564,5,,,0,330,,1565,5,,,0
200,'5222',1834,,2160,5,,,0,471,,2161,5,,,0
200,'5228',757,,2172,5,,,0,100,,2173,5,,,0,101,,2171,5,,,0,146,,2162,5,,,0,101,,2166,5,,,0,100,,2164,5,,,0,101,,2169,5,,,0,100,,2163,5,,,0,100,,2168,5,,,0,100,,2174,5,,,0,99,,2165,5,,,0,100,,2170,5,,,0,99,,2167,5,,,0,105,,2177,5,,,0,99,,2176,5,,,0,104,,2175,5,,,0
200,'5259',1414,,1566,5,,,0,330,,1567,5,,,0
200,'5261',1414,,2178,5,,,0,330,,2179,5,,,0
200,'5262',1414,,2180,5,,,0,330,,2181,5,,,0
900,'4480',747,,1964,4,,,0,105,,1966,4,,,0,100,,1965,4,,,0,100,,1968,4,,,0,160,,1967,4,,,0,40,,1970,4,,,0,100,,1969,4,,,0,100,,1971,4,,,0,165,,1973,4,,,0,100,,1972,4,,,0,90,,1974,4,,,0,106,,1975,4,,,0,113,,1976,4,,,0
900,'5014',747,,2467,4,,,0,105,,2469,4,,,0,100,,2468,4,,,0,100,,2471,4,,,0,160,,2470,4,,,0,40,,2473,4,,,0,100,,2472,4,,,0,100,,2474,4,,,0,165,,2476,4,,,0,100,,2475,4,,,0,90,,2477,4,,,0,106,,2478,4,,,0,113,,2479,4,,,0
