101,'4623',1712,,735,27,,,0,213,,739,27,,,0,197,,736,27,,,0,229,,737,27,,,0,164,,738,4,,,0
101,'5014',659,,741,27,,,0,65,,753,27,,,0,80,,742,27,,,0,112,,743,27,,,0,99,,744,27,,,0,101,,745,27,,,0,109,,746,27,,,0,110,,747,27,,,0,70,,748,27,,,0,140,,755,27,,,0,88,,749,27,,,0,119,,754,27,,,0,89,,750,27,,,0,163,,751,27,,,0,238,,752,27,,,0
101,'5222',1712,,756,27,,,0,213,,759,27,,,0,197,,757,27,,,0,229,,758,27,,,0
101,'5227',707,,771,27,,,0,100,,766,27,,,0,102,,767,27,,,0,100,,768,27,,,0,100,,769,27,,,0,101,,770,27,,,0,101,,760,27,,,0,100,,764,27,,,0,100,,763,27,,,0,101,,762,27,,,0,100,,777,27,,,0,99,,761,27,,,0,109,,765,27,,,0,99,,772,27,,,0,104,,774,27,,,0,110,,773,27,,,0,114,,775,27,,,0,94,,776,27,,,0
101,'5228',803,,788,27,,,0,107,,790,27,,,0,100,,786,27,,,0,100,,778,27,,,0,102,,782,27,,,0,99,,780,27,,,0,100,,784,27,,,0,100,,779,27,,,0,101,,783,27,,,0,100,,789,27,,,0,99,,781,27,,,0,109,,785,27,,,0,99,,787,27,,,0,100,,791,27,,,0,105,,792,27,,,0
101,'5256',659,,794,27,,,0,65,,808,27,,,0,80,,795,27,,,0,112,,796,27,,,0,99,,797,27,,,0,101,,798,27,,,0,109,,799,27,,,0,110,,800,27,,,0,70,,801,27,,,0,98,,804,7,,,0,42,,810,27,,,0,88,,802,27,,,0,119,,809,27,,,0,89,,805,27,,,0,163,,806,27,,,0,238,,807,27,,,0
101,'5257',1712,,811,27,,,0,213,,814,27,,,0,197,,812,27,,,0,229,,813,27,,,0
101,'5258',1505,,815,27,,,0
101,'5259',1505,,816,27,,,0
101,'5260',1712,,817,27,,,0,213,,821,27,,,0,197,,818,27,,,0,229,,819,27,,,0,164,,820,4,,,0
101,'5261',1505,,822,27,,,0
101,'5262',1505,,823,27,,,0
