201,'4480',607,,1610,5,,,0,105,,1611,27,,,0,31,,1624,27,,,0,67,,1612,27,,,0,18,,1613,27,,,0,108,,1614,27,,,0,110,,1616,27,,,0,106,,1615,27,,,0,106,,1617,27,,,0,245,,1618,27,,,0,47,,1620,27,,,0,74,,1619,27,,,0,34,,1625,27,,,0,274,,1621,27,,,0,105,,1622,27,,,0,103,,1623,27,,,0
201,'4532',723,,2194,27,,,0,127,,2188,27,,,0,101,,2189,27,,,0,100,,2190,27,,,0,101,,2191,27,,,0,100,,2192,27,,,0,101,,2193,27,,,0,100,,2182,27,,,0,100,,2183,27,,,0,100,,2199,27,,,0,99,,2184,27,,,0,100,,2185,27,,,0,99,,2186,27,,,0,100,,2187,27,,,0,100,,2197,27,,,0,99,,2195,27,,,0,154,,2196,27,,,0,99,,2198,27,,,0
201,'4623',1823,,2200,27,,,0,427,,2201,27,,,0,204,,2202,27,,,0
201,'4661',1823,,1626,27,,,0,427,,1627,27,,,0
201,'4663',1823,,1632,27,,,0,427,,1633,27,,,0,204,,1634,27,,,0
201,'5014',607,,2203,5,,,0,105,,2204,27,,,0,31,,2217,27,,,0,67,,2205,27,,,0,18,,2206,27,,,0,108,,2207,27,,,0,110,,2209,27,,,0,106,,2208,27,,,0,106,,2210,27,,,0,245,,2211,27,,,0,47,,2213,27,,,0,74,,2212,27,,,0,34,,2218,27,,,0,274,,2214,27,,,0,105,,2215,27,,,0,103,,2216,27,,,0
201,'5173',1403,,1628,27,,,0,330,,1629,27,,,0
201,'5222',1823,,2219,27,,,0,427,,2220,27,,,0
201,'5228',745,,2231,27,,,0,100,,2232,27,,,0,101,,2230,27,,,0,105,,2223,27,,,0,101,,2224,27,,,0,100,,2222,27,,,0,101,,2226,27,,,0,100,,2221,27,,,0,100,,2227,27,,,0,100,,2233,27,,,0,99,,2228,27,,,0,100,,2229,27,,,0,99,,2225,27,,,0,105,,2235,27,,,0,99,,2236,27,,,0,145,,2234,27,,,0
201,'5259',1403,,1630,27,,,0,330,,1631,27,,,0
201,'5261',1403,,2237,27,,,0,330,,2238,27,,,0
201,'5262',1403,,2239,27,,,0,330,,2240,27,,,0
