101,'4623',1710,,735,25,,,0,213,,739,25,,,0,197,,736,25,,,0,229,,737,25,,,0,165,,738,2,,,0
101,'5014',658,,741,25,,,0,64,,753,25,,,0,80,,742,25,,,0,112,,743,25,,,0,99,,744,25,,,0,101,,745,25,,,0,109,,746,25,,,0,110,,747,25,,,0,70,,748,25,,,0,140,,755,25,,,0,88,,749,25,,,0,119,,754,25,,,0,89,,750,25,,,0,163,,751,25,,,0,238,,752,25,,,0
101,'5222',1710,,756,25,,,0,213,,759,25,,,0,197,,757,25,,,0,229,,758,25,,,0
101,'5227',706,,771,25,,,0,100,,766,25,,,0,102,,767,25,,,0,100,,768,25,,,0,100,,769,25,,,0,101,,770,25,,,0,100,,760,25,,,0,100,,764,25,,,0,100,,763,25,,,0,101,,762,25,,,0,100,,777,25,,,0,99,,761,25,,,0,109,,765,25,,,0,99,,772,25,,,0,104,,774,25,,,0,110,,773,25,,,0,114,,775,25,,,0,95,,776,25,,,0
101,'5228',802,,788,25,,,0,107,,790,25,,,0,100,,786,25,,,0,100,,778,25,,,0,102,,782,25,,,0,98,,780,25,,,0,100,,784,25,,,0,100,,779,25,,,0,101,,783,25,,,0,100,,789,25,,,0,99,,781,25,,,0,109,,785,25,,,0,99,,787,25,,,0,100,,791,25,,,0,105,,792,25,,,0
101,'5256',658,,794,25,,,0,64,,808,25,,,0,80,,795,25,,,0,112,,796,25,,,0,99,,797,25,,,0,101,,798,25,,,0,109,,799,25,,,0,110,,800,25,,,0,70,,801,25,,,0,98,,804,5,,,0,42,,810,25,,,0,88,,802,25,,,0,119,,809,25,,,0,89,,805,25,,,0,163,,806,25,,,0,238,,807,25,,,0
101,'5257',1710,,811,25,,,0,213,,814,25,,,0,197,,812,25,,,0,229,,813,25,,,0
101,'5258',1503,,815,25,,,0
101,'5259',1503,,816,25,,,0
101,'5260',1710,,817,25,,,0,213,,821,25,,,0,197,,818,25,,,0,229,,819,25,,,0,165,,820,2,,,0
101,'5261',1503,,822,25,,,0
101,'5262',1503,,823,25,,,0
