100,'4623',1741,,647,19,,,0,211,,651,19,,,0,196,,648,19,,,0,268,,649,19,,,0
100,'5014',634,,652,19,,,0,93,,653,19,,,0,25,,665,19,,,0,82,,654,19,,,0,109,,655,19,,,0,99,,656,19,,,0,102,,657,18,,,0,110,,659,19,,,0,150,,658,19,,,0,30,,660,19,,,0,181,,667,19,,,0,87,,661,19,,,0,118,,666,19,,,0,89,,662,19,,,0,121,,663,19,,,0,277,,664,19,,,0
100,'5222',1741,,668,19,,,0,211,,671,19,,,0,196,,669,19,,,0,268,,670,19,,,0
100,'5227',733,,679,19,,,0,100,,674,19,,,0,102,,675,19,,,0,101,,676,19,,,0,100,,677,19,,,0,101,,678,19,,,0,102,,672,19,,,0,100,,673,19,,,0,100,,684,19,,,0,100,,685,19,,,0,100,,689,19,,,0,99,,686,19,,,0,108,,687,19,,,0,99,,688,19,,,0,103,,681,19,,,0,110,,683,19,,,0,153,,680,19,,,0
100,'5228',829,,701,19,,,0,107,,700,19,,,0,101,,698,19,,,0,100,,690,19,,,0,102,,696,19,,,0,100,,691,19,,,0,100,,697,19,,,0,100,,692,19,,,0,100,,694,19,,,0,100,,702,19,,,0,99,,693,19,,,0,108,,695,19,,,0,99,,699,19,,,0,99,,704,19,,,0,105,,703,19,,,0
100,'5256',634,,705,19,,,0,93,,706,19,,,0,25,,719,19,,,0,82,,707,19,,,0,109,,708,19,,,0,99,,709,19,,,0,102,,710,18,,,0,110,,712,19,,,0,150,,711,19,,,0,30,,713,19,,,0,97,,715,19,,,0,84,,721,19,,,0,87,,714,19,,,0,118,,720,19,,,0,89,,716,19,,,0,121,,717,19,,,0,277,,718,19,,,0
100,'5257',1741,,722,19,,,0,211,,725,19,,,0,196,,723,19,,,0,268,,724,19,,,0
100,'5258',1535,,726,19,,,0
100,'5259',1535,,727,19,,,0
100,'5260',1741,,728,19,,,0,211,,732,19,,,0,196,,729,19,,,0,268,,730,19,,,0
100,'5261',1535,,733,19,,,0
100,'5262',1535,,734,19,,,0
200,'4623',1848,,824,16,,,0,469,,825,16,,,0
200,'5014',631,,827,16,,,0,109,,828,16,,,0,67,,841,16,,,0,28,,829,16,,,0,18,,831,16,,,0,147,,830,16,,,0,110,,833,16,,,0,107,,832,16,,,0,106,,834,16,,,0,205,,836,16,,,0,87,,837,16,,,0,34,,835,16,,,0,74,,842,16,,,0,234,,838,16,,,0,149,,839,16,,,0,101,,840,16,,,0
200,'5222',1848,,843,16,,,0,469,,844,16,,,0
200,'5227',744,,857,16,,,0,172,,851,16,,,0,102,,853,16,,,0,100,,852,16,,,0,101,,854,16,,,0,100,,855,16,,,0,101,,856,16,,,0,100,,845,16,,,0,100,,846,16,,,0,100,,862,16,,,0,99,,847,16,,,0,100,,848,16,,,0,99,,849,16,,,0,100,,850,16,,,0,100,,859,16,,,0,97,,858,16,,,0,114,,860,16,,,0
200,'5228',810,,873,16,,,0,100,,874,16,,,0,102,,872,16,,,0,106,,863,16,,,0,101,,867,16,,,0,100,,865,16,,,0,101,,870,16,,,0,100,,864,16,,,0,100,,869,16,,,0,100,,875,16,,,0,99,,866,16,,,0,100,,871,16,,,0,99,,868,16,,,0,105,,878,16,,,0,99,,877,16,,,0,103,,876,16,,,0
200,'5256',631,,879,16,,,0,109,,880,16,,,0,67,,893,16,,,0,28,,881,16,,,0,18,,883,16,,,0,147,,882,16,,,0,110,,885,16,,,0,107,,884,16,,,0,106,,886,16,,,0,205,,888,16,,,0,87,,889,16,,,0,34,,887,16,,,0,74,,894,16,,,0,234,,890,16,,,0,149,,891,16,,,0,101,,892,16,,,0
200,'5257',1848,,895,16,,,0,469,,896,16,,,0
200,'5258',1428,,897,16,,,0,330,,898,16,,,0
200,'5259',1428,,899,16,,,0,330,,900,16,,,0
200,'5260',1848,,901,16,,,0,469,,902,16,,,0
200,'5261',1428,,904,16,,,0,330,,905,16,,,0
200,'5262',1428,,906,16,,,0,330,,907,16,,,0
900,'5014',800,,1320,17,,,0,105,,1322,17,,,0,100,,1321,17,,,0,100,,1324,17,,,0,120,,1323,17,,,0,80,,1326,17,,,0,100,,1325,17,,,0,100,,1327,17,,,0,125,,1329,17,,,0,100,,1328,17,,,0,89,,1330,17,,,0,106,,1331,17,,,0,113,,1332,17,,,0
900,'5256',800,,1333,17,,,0,105,,1335,17,,,0,100,,1334,17,,,0,100,,1337,17,,,0,120,,1336,17,,,0,80,,1339,17,,,0,100,,1338,17,,,0,100,,1340,17,,,0,125,,1342,17,,,0,100,,1341,17,,,0,89,,1343,17,,,0,106,,1344,17,,,0,113,,1345,17,,,0
