100,'4623',1727,,647,8,,,0,212,,651,8,,,0,197,,648,8,,,0,269,,649,8,,,0,124,,650,8,0,5 6,0
100,'5014',622,,652,8,,,0,92,,653,8,,,0,25,,665,8,,,0,81,,654,8,,,0,110,,655,8,,,0,99,,656,8,,,0,101,,657,7,,,0,110,,659,8,,,0,110,,658,8,,,0,70,,660,8,,,0,181,,667,8,,,0,47,,661,8,,,0,159,,666,8,,,0,49,,662,8,,,0,162,,663,8,,,0,238,,664,8,,,0
100,'5222',1727,,668,8,,,0,212,,671,8,,,0,197,,669,8,,,0,269,,670,8,,,0
100,'5227',720,,679,8,,,0,100,,674,8,,,0,102,,675,8,,,0,101,,676,8,,,0,100,,677,8,,,0,101,,678,8,,,0,102,,672,8,,,0,100,,673,8,,,0,100,,684,8,,,0,100,,685,8,,,0,100,,689,8,,,0,99,,686,8,,,0,109,,687,8,,,0,99,,688,8,,,0,104,,681,8,,,0,110,,683,8,,,0,154,,680,8,,,0,54,,682,8,0,5 6,0
100,'5228',816,,701,8,,,0,107,,700,8,,,0,101,,698,8,,,0,100,,690,8,,,0,102,,696,8,,,0,100,,691,8,,,0,100,,697,8,,,0,100,,692,8,,,0,100,,694,8,,,0,100,,702,8,,,0,99,,693,8,,,0,109,,695,8,,,0,99,,699,8,,,0,100,,704,8,,,0,105,,703,8,,,0
100,'5256',622,,705,8,,,0,92,,706,8,,,0,25,,719,8,,,0,81,,707,8,,,0,110,,708,8,,,0,99,,709,8,,,0,101,,710,7,,,0,110,,712,8,,,0,110,,711,8,,,0,70,,713,8,,,0,97,,715,8,,,0,84,,721,8,,,0,47,,714,8,,,0,159,,720,8,,,0,49,,716,8,,,0,162,,717,8,,,0,238,,718,8,,,0
100,'5257',1727,,722,8,,,0,212,,725,8,,,0,197,,723,8,,,0,269,,724,8,,,0
100,'5258',1521,,726,8,,,0
100,'5259',1521,,727,8,,,0
100,'5260',1727,,728,8,,,0,212,,732,8,,,0,197,,729,8,,,0,269,,730,8,,,0,124,,731,8,0,5 6,0
100,'5261',1521,,733,8,,,0
100,'5262',1521,,734,8,,,0
