101,'4623',1719,,735,36,,,0,212,,739,36,,,0,197,,736,36,,,0,229,,737,36,,,0,164,,738,13,,,0
101,'5014',614,,740,6,,,0,91,,741,36,,,0,25,,753,36,,,0,81,,742,36,,,0,111,,743,36,,,0,99,,744,36,,,0,101,,745,36,,,0,110,,746,36,,,0,110,,747,36,,,0,70,,748,36,,,0,140,,755,36,,,0,88,,749,36,,,0,119,,754,36,,,0,89,,750,36,,,0,162,,751,36,,,0,238,,752,36,,,0
101,'5222',1719,,756,36,,,0,212,,759,36,,,0,197,,757,36,,,0,229,,758,36,,,0
101,'5227',712,,771,36,,,0,100,,766,36,,,0,102,,767,36,,,0,101,,768,36,,,0,100,,769,36,,,0,101,,770,36,,,0,102,,760,36,,,0,100,,764,36,,,0,100,,763,36,,,0,100,,762,36,,,0,100,,777,36,,,0,99,,761,36,,,0,109,,765,36,,,0,99,,772,36,,,0,104,,774,36,,,0,110,,773,36,,,0,114,,775,36,,,0,94,,776,36,,,0
101,'5228',808,,788,36,,,0,107,,790,36,,,0,101,,786,36,,,0,100,,778,36,,,0,102,,782,36,,,0,100,,780,36,,,0,100,,784,36,,,0,100,,779,36,,,0,100,,783,36,,,0,100,,789,36,,,0,99,,781,36,,,0,109,,785,36,,,0,99,,787,36,,,0,100,,791,36,,,0,105,,792,36,,,0
101,'5256',614,,793,6,,,0,91,,794,36,,,0,25,,808,36,,,0,81,,795,36,,,0,111,,796,36,,,0,99,,797,36,,,0,101,,798,36,,,0,110,,799,36,,,0,110,,800,36,,,0,70,,801,36,,,0,97,,804,16,,,0,43,,810,36,,,0,88,,802,36,,,0,119,,809,36,,,0,89,,805,36,,,0,162,,806,36,,,0,238,,807,36,,,0
101,'5257',1719,,811,36,,,0,212,,814,36,,,0,197,,812,36,,,0,229,,813,36,,,0
101,'5258',1512,,815,36,,,0
101,'5259',1512,,816,36,,,0
101,'5260',1719,,817,36,,,0,212,,821,36,,,0,197,,818,36,,,0,229,,819,36,,,0,164,,820,13,,,0
101,'5261',1512,,822,36,,,0
101,'5262',1512,,823,36,,,0
