101,'4480',644,,1481,6,,,0,64,,1495,6,,,0,40,,1482,6,,,0,152,,1483,6,,,0,59,,1484,6,,,0,141,,1485,6,,,0,109,,1486,6,,,0,110,,1487,6,,,0,30,,1488,6,,,0,167,,1490,6,0,5 6,0,10,,1497,6,,,0,89,,1489,6,,,0,120,,1496,6,,,0,89,,1492,6,,,0,124,,1493,6,,,0,279,,1494,6,,,0
101,'4532',652,,2074,6,,,0,100,,2069,6,,,0,101,,2070,6,,,0,100,,2071,6,,,0,100,,2072,6,,,0,101,,2073,6,,,0,100,,2063,6,,,0,100,,2067,6,,,0,100,,2066,6,,,0,100,,2065,6,,,0,100,,2080,6,,,0,99,,2064,6,,,0,150,,2068,6,,,0,99,,2075,6,,,0,105,,2077,6,,,0,110,,2076,6,,,0,115,,2078,6,,,0,95,,2079,6,,,0
101,'4623',1655,,2081,6,,,0,254,,2085,6,,,0,198,,2082,6,,,0,230,,2083,6,,,0
101,'4661',1655,,1498,6,,,0,254,,1501,6,,,0,198,,1499,6,,,0,230,,1500,6,,,0
101,'4663',1655,,1504,6,,,0,254,,1508,6,,,0,198,,1505,6,,,0,230,,1506,6,,,0
101,'5014',644,,2087,6,,,0,64,,2099,6,,,0,40,,2088,6,,,0,152,,2089,6,,,0,59,,2090,6,,,0,141,,2091,6,,,0,109,,2092,6,,,0,110,,2093,6,,,0,30,,2094,6,,,0,177,,2101,6,,,0,89,,2095,6,,,0,120,,2100,6,,,0,89,,2096,6,,,0,124,,2097,6,,,0,279,,2098,6,,,0
101,'5173',1449,,1502,6,,,0
101,'5222',1655,,2102,6,,,0,254,,2105,6,,,0,198,,2103,6,,,0,230,,2104,6,,,0
101,'5228',748,,2116,6,,,0,106,,2118,6,,,0,100,,2114,6,,,0,100,,2106,6,,,0,102,,2110,6,,,0,98,,2108,6,,,0,100,,2112,6,,,0,100,,2107,6,,,0,100,,2111,6,,,0,100,,2117,6,,,0,99,,2109,6,,,0,150,,2113,6,,,0,99,,2115,6,,,0,101,,2119,6,,,0,105,,2120,6,,,0
101,'5259',1449,,1503,6,,,0
101,'5261',1449,,2121,6,,,0
101,'5262',1449,,2122,6,,,0
201,'4480',656,,1611,6,,,0,71,,1624,6,,,0,27,,1612,6,,,0,58,,1613,6,,,0,107,,1614,6,,,0,110,,1616,6,,,0,105,,1615,6,,,0,106,,1617,6,,,0,205,,1618,6,,,0,85,,1620,6,,,0,75,,1619,6,,,0,35,,1625,6,,,0,274,,1621,6,,,0,105,,1622,6,,,0,104,,1623,6,,,0
201,'4532',708,,2194,6,,,0,125,,2188,6,,,0,101,,2189,6,,,0,100,,2190,6,,,0,101,,2191,6,,,0,100,,2192,6,,,0,100,,2193,6,,,0,100,,2182,6,,,0,100,,2183,6,,,0,100,,2199,6,,,0,99,,2184,6,,,0,100,,2185,6,,,0,100,,2186,6,,,0,100,,2187,6,,,0,100,,2197,6,,,0,99,,2195,6,,,0,115,,2196,6,,,0,100,,2198,6,,,0
201,'4623',1805,,2200,6,,,0,428,,2201,6,,,0,205,,2202,6,,,0
201,'4661',1805,,1626,6,,,0,428,,1627,6,,,0
201,'4663',1805,,1632,6,,,0,428,,1633,6,,,0,205,,1634,6,,,0
201,'5014',656,,2204,6,,,0,71,,2217,6,,,0,27,,2205,6,,,0,58,,2206,6,,,0,107,,2207,6,,,0,110,,2209,6,,,0,105,,2208,6,,,0,106,,2210,6,,,0,205,,2211,6,,,0,85,,2213,6,,,0,75,,2212,6,,,0,35,,2218,6,,,0,274,,2214,6,,,0,105,,2215,6,,,0,104,,2216,6,,,0
201,'5173',1345,,1628,6,,,0,370,,1629,6,,,0
201,'5222',1805,,2219,6,,,0,428,,2220,6,,,0
201,'5228',728,,2231,6,,,0,100,,2232,6,,,0,101,,2230,6,,,0,105,,2223,6,,,0,101,,2224,6,,,0,100,,2222,6,,,0,100,,2226,6,,,0,100,,2221,6,,,0,100,,2227,6,,,0,100,,2233,6,,,0,99,,2228,6,,,0,100,,2229,6,,,0,100,,2225,6,,,0,105,,2235,6,,,0,99,,2236,6,,,0,105,,2234,6,,,0
201,'5259',1345,,1630,6,,,0,370,,1631,6,,,0
201,'5261',1345,,2237,6,,,0,370,,2238,6,,,0
201,'5262',1345,,2239,6,,,0,370,,2240,6,,,0
901,'4480',723,,1990,6,,,0,103,,1991,6,,,0,102,,1992,6,,,0,100,,1993,6,,,0,101,,1994,6,,,0,98,,1995,6,,,0,100,,1996,6,,,0,99,,1997,6,,,0,124,,1998,6,,,0,100,,1999,6,,,0,92,,2000,6,,,0,107,,2001,6,,,0,154,,2002,6,,,0
901,'5014',723,,2480,6,,,0,103,,2481,6,,,0,102,,2482,6,,,0,100,,2483,6,,,0,101,,2484,6,,,0,98,,2485,6,,,0,100,,2486,6,,,0,99,,2487,6,,,0,124,,2488,6,,,0,100,,2489,6,,,0,92,,2490,6,,,0,107,,2491,6,,,0,154,,2492,6,,,0
