301,'4480',623,,1676,9,0,9,0,30,,1677,9,0,9,0,70,,1678,9,0,9,0,78,,1680,9,0,9,0,25,,1679,9,0,9,0,102,,1682,9,0,9,0,80,,1681,9,0,9,0,101,,1684,9,0,9,0,50,,1683,9,0,9,0,90,,1688,9,0,9,0,100,,1686,9,0,9,0,80,,1685,9,0,9,0,74,,1687,9,0,9,0,32,,1690,9,0,9,0,179,,1691,9,0,9,0,45,,1689,9,0,9,0,85,,1692,9,0,9,0,95,,1693,9,0,9,0,119,,1694,9,0,9,0,271,,1695,9,0,9,0
301,'4532',648,,2256,9,0,9,0,160,,2249,9,0,9,0,100,,2250,9,0,9,0,100,,2253,9,0,9,0,101,,2251,9,0,9,0,100,,2248,9,0,9,0,100,,2254,9,0,9,0,100,,2245,9,0,9,0,100,,2244,9,0,9,0,100,,2246,9,0,9,0,100,,2242,9,0,9,0,100,,2247,9,0,9,0,100,,2241,9,0,9,0,99,,2243,9,0,9,0,100,,2252,9,0,9,0,100,,2257,9,0,9,0,115,,2255,9,0,9,0
301,'4623',2213,,2258,9,0,9,0
301,'4661',2213,,1696,9,0,9,0
301,'4663',2213,,1701,9,0,9,0
301,'5014',623,,2259,9,0,9,0,30,,2260,9,0,9,0,70,,2261,9,0,9,0,78,,2263,9,0,9,0,25,,2262,9,0,9,0,102,,2265,9,0,9,0,80,,2264,9,0,9,0,101,,2267,9,0,9,0,50,,2266,9,0,9,0,90,,2271,9,0,9,0,100,,2269,9,0,9,0,80,,2268,9,0,9,0,74,,2270,9,0,9,0,32,,2273,9,0,9,0,179,,2274,9,0,9,0,45,,2272,9,0,9,0,85,,2275,9,0,9,0,95,,2276,9,0,9,0,119,,2277,9,0,9,0,271,,2278,9,0,9,0
301,'5173',1604,,1698,9,0,9,0,35,,1697,9,0,9,0
301,'5222',2213,,2279,9,0,9,0
301,'5228',728,,2291,9,0,9,0,175,,2289,9,0,9,0,100,,2281,9,0,9,0,106,,2284,9,0,9,0,100,,2280,9,0,9,0,100,,2282,9,0,9,0,100,,2285,9,0,9,0,100,,2283,9,0,9,0,100,,2286,9,0,9,0,100,,2288,9,0,9,0,100,,2287,9,0,9,0,100,,2290,9,0,9,0,104,,2292,9,0,9,0,100,,2293,9,0,9,0
301,'5259',1604,,1700,9,0,9,0,35,,1699,9,0,9,0
301,'5261',1604,,2295,9,0,9,0,35,,2294,9,0,9,0
301,'5262',1604,,2297,9,0,9,0,35,,2296,9,0,9,0
