201,'4623',2254,,909,32,,,0,204,,910,32,,,0
201,'5014',716,,912,32,,,0,1325,,923,32,,,0,103,,924,32,,,0
201,'5222',2254,,928,32,,,0
201,'5227',854,,935,32,,,0,101,,936,32,,,0,100,,937,32,,,0,101,,938,32,,,0,100,,939,32,,,0,101,,940,32,,,0,100,,929,32,,,0,100,,930,32,,,0,100,,946,32,,,0,99,,931,32,,,0,100,,932,32,,,0,99,,933,32,,,0,100,,934,32,,,0,100,,944,32,,,0,99,,942,32,,,0,154,,943,32,,,0,99,,945,32,,,0
201,'5228',749,,957,32,,,0,100,,958,32,,,0,101,,956,32,,,0,105,,949,32,,,0,101,,950,32,,,0,100,,948,32,,,0,101,,952,32,,,0,100,,947,32,,,0,100,,953,32,,,0,100,,959,32,,,0,99,,954,32,,,0,100,,955,32,,,0,99,,951,32,,,0,145,,961,32,,,0,59,,962,32,,,0,145,,960,32,,,0
201,'5256',716,,964,32,,,0,1325,,975,32,,,0,103,,976,32,,,0
201,'5257',2254,,980,32,,,0
201,'5260',2254,,986,32,,,0,204,,987,32,,,0
900,'5014',745,,1320,1,,,0,105,,1322,1,,,0,100,,1321,1,,,0,100,,1324,1,,,0,160,,1323,1,,,0,40,,1326,1,,,0,100,,1325,1,,,0,100,,1327,1,,,0,165,,1329,1,,,0,100,,1328,1,,,0,90,,1330,1,,,0,106,,1331,1,,,0,113,,1332,1,,,0
900,'5256',745,,1333,1,,,0,105,,1335,1,,,0,100,,1334,1,,,0,100,,1337,1,,,0,160,,1336,1,,,0,40,,1339,1,,,0,100,,1338,1,,,0,100,,1340,1,,,0,165,,1342,1,,,0,100,,1341,1,,,0,90,,1343,1,,,0,106,,1344,1,,,0,113,,1345,1,,,0
901,'5014',745,,1346,32,4,,0,105,,1347,32,4,,0,100,,1348,32,4,,0,100,,1349,32,4,,0,102,,1350,32,4,,0,98,,1351,32,4,,0,100,,1352,32,4,,0,100,,1353,32,4,,0,165,,1354,32,4,,0,100,,1355,32,4,,0,90,,1356,32,4,,0,106,,1357,32,4,,0,113,,1358,32,4,,0
901,'5256',745,,1359,32,4,,0,105,,1360,32,4,,0,100,,1361,32,4,,0,100,,1362,32,4,,0,102,,1363,32,4,,0,98,,1364,32,4,,0,100,,1365,32,4,,0,100,,1366,32,4,,0,165,,1367,32,4,,0,100,,1368,32,4,,0,90,,1369,32,4,,0,106,,1370,32,4,,0,113,,1371,32,4,,0
