100,'4623',1746,,647,26,,,0,211,,651,26,,,0,196,,648,26,,,0,268,,649,26,,,0
100,'5014',639,,652,26,,,0,93,,653,26,,,0,25,,665,26,,,0,82,,654,26,,,0,109,,655,26,,,0,99,,656,26,,,0,102,,657,25,,,0,110,,659,26,,,0,150,,658,26,,,0,30,,660,26,,,0,181,,667,26,,,0,87,,661,26,,,0,118,,666,26,,,0,89,,662,26,,,0,121,,663,26,,,0,277,,664,26,,,0
100,'5222',1746,,668,26,,,0,211,,671,26,,,0,196,,669,26,,,0,268,,670,26,,,0
100,'5227',738,,679,26,,,0,100,,674,26,,,0,102,,675,26,,,0,101,,676,26,,,0,100,,677,26,,,0,101,,678,26,,,0,102,,672,26,,,0,100,,673,26,,,0,100,,684,26,,,0,100,,685,26,,,0,100,,689,26,,,0,99,,686,26,,,0,108,,687,26,,,0,99,,688,26,,,0,103,,681,26,,,0,150,,683,26,,,0,113,,680,26,,,0
100,'5228',834,,701,26,,,0,107,,700,26,,,0,101,,698,26,,,0,100,,690,26,,,0,102,,696,26,,,0,100,,691,26,,,0,100,,697,26,,,0,100,,692,26,,,0,100,,694,26,,,0,100,,702,26,,,0,99,,693,26,,,0,108,,695,26,,,0,99,,699,26,,,0,99,,704,26,,,0,105,,703,26,,,0
100,'5256',639,,705,26,,,0,93,,706,26,,,0,25,,719,26,,,0,82,,707,26,,,0,109,,708,26,,,0,99,,709,26,,,0,102,,710,25,,,0,110,,712,26,,,0,150,,711,26,,,0,30,,713,26,,,0,97,,715,26,,,0,84,,721,26,,,0,87,,714,26,,,0,118,,720,26,,,0,89,,716,26,,,0,121,,717,26,,,0,277,,718,26,,,0
100,'5257',1746,,722,26,,,0,211,,725,26,,,0,196,,723,26,,,0,268,,724,26,,,0
100,'5258',1540,,726,26,,,0
100,'5259',1540,,727,26,,,0
100,'5260',1746,,728,26,,,0,211,,732,26,,,0,196,,729,26,,,0,268,,730,26,,,0
100,'5261',1540,,733,26,,,0
100,'5262',1540,,734,26,,,0
200,'4623',1853,,824,23,,,0,469,,825,23,,,0
200,'5014',636,,827,23,,,0,109,,828,23,,,0,67,,841,23,,,0,28,,829,23,,,0,18,,831,23,,,0,147,,830,23,,,0,110,,833,23,,,0,107,,832,23,,,0,106,,834,23,,,0,205,,836,23,,,0,87,,837,23,,,0,34,,835,23,,,0,74,,842,23,,,0,274,,838,23,,,0,109,,839,23,,,0,101,,840,23,,,0
200,'5222',1853,,843,23,,,0,469,,844,23,,,0
200,'5227',749,,857,23,,,0,172,,851,23,,,0,102,,853,23,,,0,100,,852,23,,,0,101,,854,23,,,0,100,,855,23,,,0,101,,856,23,,,0,100,,845,23,,,0,100,,846,23,,,0,100,,862,23,,,0,99,,847,23,,,0,100,,848,23,,,0,98,,849,23,,,0,100,,850,23,,,0,100,,859,23,,,0,97,,858,23,,,0,114,,860,23,,,0
200,'5228',815,,873,23,,,0,100,,874,23,,,0,102,,872,23,,,0,106,,863,23,,,0,101,,867,23,,,0,100,,865,23,,,0,101,,870,23,,,0,100,,864,23,,,0,100,,869,23,,,0,100,,875,23,,,0,99,,866,23,,,0,100,,871,23,,,0,98,,868,23,,,0,105,,878,23,,,0,99,,877,23,,,0,103,,876,23,,,0
200,'5256',636,,879,23,,,0,109,,880,23,,,0,67,,893,23,,,0,28,,881,23,,,0,18,,883,23,,,0,147,,882,23,,,0,110,,885,23,,,0,107,,884,23,,,0,106,,886,23,,,0,205,,888,23,,,0,87,,889,23,,,0,34,,887,23,,,0,74,,894,23,,,0,274,,890,23,,,0,109,,891,23,,,0,101,,892,23,,,0
200,'5257',1853,,895,23,,,0,469,,896,23,,,0
200,'5258',1433,,897,23,,,0,370,,898,23,,,0
200,'5259',1433,,899,23,,,0,370,,900,23,,,0
200,'5260',1853,,901,23,,,0,469,,902,23,,,0
200,'5261',1433,,904,23,,,0,370,,905,23,,,0
200,'5262',1433,,906,23,,,0,370,,907,23,,,0
900,'5014',805,,1320,24,,,0,105,,1322,24,,,0,100,,1321,24,,,0,100,,1324,24,,,0,120,,1323,24,,,0,80,,1326,24,,,0,100,,1325,24,,,0,101,,1327,24,,,0,124,,1329,24,,,0,100,,1328,24,,,0,89,,1330,24,,,0,106,,1331,24,,,0,113,,1332,24,,,0
900,'5256',805,,1333,24,,,0,105,,1335,24,,,0,100,,1334,24,,,0,100,,1337,24,,,0,120,,1336,24,,,0,80,,1339,24,,,0,100,,1338,24,,,0,101,,1340,24,,,0,124,,1342,24,,,0,100,,1341,24,,,0,89,,1343,24,,,0,106,,1344,24,,,0,113,,1345,24,,,0
