200,'4623',1832,,824,2,,,0,471,,825,2,,,0,204,,826,2,0,5 6,0
200,'5014',616,,827,2,,,0,109,,828,2,,,0,27,,841,2,,,0,67,,829,2,,,0,18,,831,2,,,0,108,,830,2,,,0,110,,833,2,,,0,146,,832,2,,,0,106,,834,2,,,0,205,,836,2,,,0,47,,837,2,,,0,74,,835,2,,,0,74,,842,2,,,0,234,,838,2,,,0,109,,839,2,,,0,103,,840,2,,,0
200,'5222',1832,,843,2,,,0,471,,844,2,,,0
200,'5227',730,,857,2,,,0,172,,851,2,,,0,101,,853,2,,,0,100,,852,2,,,0,101,,854,2,,,0,100,,855,2,,,0,101,,856,2,,,0,100,,845,2,,,0,100,,846,2,,,0,100,,862,2,,,0,99,,847,2,,,0,100,,848,2,,,0,99,,849,2,,,0,100,,850,2,,,0,100,,859,2,,,0,98,,858,2,,,0,114,,860,2,,,0,99,,861,2,,,0
200,'5228',756,,873,2,,,0,100,,874,2,,,0,101,,872,2,,,0,146,,863,2,,,0,101,,867,2,,,0,100,,865,2,,,0,101,,870,2,,,0,100,,864,2,,,0,100,,869,2,,,0,100,,875,2,,,0,99,,866,2,,,0,100,,871,2,,,0,99,,868,2,,,0,105,,878,2,,,0,99,,877,2,,,0,104,,876,2,,,0
200,'5256',616,,879,2,,,0,109,,880,2,,,0,27,,893,2,,,0,67,,881,2,,,0,18,,883,2,,,0,108,,882,2,,,0,110,,885,2,,,0,146,,884,2,,,0,106,,886,2,,,0,205,,888,2,,,0,47,,889,2,,,0,74,,887,2,,,0,74,,894,2,,,0,234,,890,2,,,0,109,,891,2,,,0,103,,892,2,,,0
200,'5257',1832,,895,2,,,0,471,,896,2,,,0
200,'5258',1412,,897,2,,,0,330,,898,2,,,0
200,'5259',1412,,899,2,,,0,330,,900,2,,,0
200,'5260',1832,,901,2,,,0,471,,902,2,,,0,204,,903,2,0,5 6,0
200,'5261',1412,,904,2,,,0,330,,905,2,,,0
200,'5262',1412,,906,2,,,0,330,,907,2,,,0
