101,'4480',611,,1480,2,,,0,91,,1481,32,,,0,25,,1495,32,,,0,80,,1482,32,,,0,112,,1483,32,,,0,99,,1484,32,,,0,101,,1485,32,,,0,109,,1486,32,,,0,110,,1487,32,,,0,70,,1488,32,,,0,98,,1491,12,,,0,42,,1497,32,,,0,88,,1489,32,,,0,119,,1496,32,,,0,89,,1492,32,,,0,163,,1493,32,,,0,238,,1494,32,,,0
101,'4532',710,,2074,32,,,0,100,,2069,32,,,0,102,,2070,32,,,0,100,,2071,32,,,0,100,,2072,32,,,0,101,,2073,32,,,0,101,,2063,32,,,0,100,,2067,32,,,0,100,,2066,32,,,0,101,,2065,32,,,0,100,,2080,32,,,0,99,,2064,32,,,0,109,,2068,32,,,0,99,,2075,32,,,0,104,,2077,32,,,0,110,,2076,32,,,0,114,,2078,32,,,0,94,,2079,32,,,0
101,'4623',1715,,2081,32,,,0,213,,2085,32,,,0,197,,2082,32,,,0,229,,2083,32,,,0,164,,2084,9,,,0
101,'4661',1715,,1498,32,,,0,213,,1501,32,,,0,197,,1499,32,,,0,229,,1500,32,,,0
101,'4663',1715,,1504,32,,,0,213,,1508,32,,,0,197,,1505,32,,,0,229,,1506,32,,,0,164,,1507,9,,,0
101,'5014',611,,2086,2,,,0,91,,2087,32,,,0,25,,2099,32,,,0,80,,2088,32,,,0,112,,2089,32,,,0,99,,2090,32,,,0,101,,2091,32,,,0,109,,2092,32,,,0,110,,2093,32,,,0,70,,2094,32,,,0,140,,2101,32,,,0,88,,2095,32,,,0,119,,2100,32,,,0,89,,2096,32,,,0,163,,2097,32,,,0,238,,2098,32,,,0
101,'5173',1508,,1502,32,,,0
101,'5222',1715,,2102,32,,,0,213,,2105,32,,,0,197,,2103,32,,,0,229,,2104,32,,,0
101,'5228',806,,2116,32,,,0,107,,2118,32,,,0,100,,2114,32,,,0,100,,2106,32,,,0,102,,2110,32,,,0,99,,2108,32,,,0,100,,2112,32,,,0,100,,2107,32,,,0,101,,2111,32,,,0,100,,2117,32,,,0,99,,2109,32,,,0,109,,2113,32,,,0,99,,2115,32,,,0,100,,2119,32,,,0,105,,2120,32,,,0
101,'5259',1508,,1503,32,,,0
101,'5261',1508,,2121,32,,,0
101,'5262',1508,,2122,32,,,0
