301,'4480',621,,1676,6,0,9,0,30,,1677,6,0,9,0,70,,1678,6,0,9,0,38,,1680,6,0,9,0,65,,1679,6,0,9,0,102,,1682,6,0,9,0,80,,1681,6,0,9,0,101,,1684,6,0,9,0,50,,1683,6,0,9,0,90,,1688,6,0,9,0,100,,1686,6,0,9,0,80,,1685,6,0,9,0,74,,1687,6,0,9,0,32,,1690,6,0,9,0,179,,1691,6,0,9,0,45,,1689,6,0,9,0,85,,1692,6,0,9,0,95,,1693,6,0,9,0,119,,1694,6,0,9,0,271,,1695,6,0,9,0
301,'4532',646,,2256,6,0,9,0,160,,2249,6,0,9,0,100,,2250,6,0,9,0,100,,2253,6,0,9,0,101,,2251,6,0,9,0,100,,2248,6,0,9,0,100,,2254,6,0,9,0,100,,2245,6,0,9,0,100,,2244,6,0,9,0,100,,2246,6,0,9,0,100,,2242,6,0,9,0,100,,2247,6,0,9,0,100,,2241,6,0,9,0,99,,2243,6,0,9,0,100,,2252,6,0,9,0,100,,2257,6,0,9,0,115,,2255,6,0,9,0
301,'4623',2211,,2258,6,0,9,0
301,'4661',2211,,1696,6,0,9,0
301,'4663',2211,,1701,6,0,9,0
301,'5014',621,,2259,6,0,9,0,30,,2260,6,0,9,0,70,,2261,6,0,9,0,38,,2263,6,0,9,0,65,,2262,6,0,9,0,102,,2265,6,0,9,0,80,,2264,6,0,9,0,101,,2267,6,0,9,0,50,,2266,6,0,9,0,90,,2271,6,0,9,0,100,,2269,6,0,9,0,80,,2268,6,0,9,0,74,,2270,6,0,9,0,32,,2273,6,0,9,0,179,,2274,6,0,9,0,45,,2272,6,0,9,0,85,,2275,6,0,9,0,95,,2276,6,0,9,0,119,,2277,6,0,9,0,271,,2278,6,0,9,0
301,'5173',1602,,1698,6,0,9,0,35,,1697,6,0,9,0
301,'5222',2211,,2279,6,0,9,0
301,'5228',726,,2291,6,0,9,0,175,,2289,6,0,9,0,100,,2281,6,0,9,0,106,,2284,6,0,9,0,100,,2280,6,0,9,0,100,,2282,6,0,9,0,100,,2285,6,0,9,0,100,,2283,6,0,9,0,100,,2286,6,0,9,0,100,,2288,6,0,9,0,100,,2287,6,0,9,0,100,,2290,6,0,9,0,104,,2292,6,0,9,0,100,,2293,6,0,9,0
301,'5259',1602,,1700,6,0,9,0,35,,1699,6,0,9,0
301,'5261',1602,,2295,6,0,9,0,35,,2294,6,0,9,0
301,'5262',1602,,2297,6,0,9,0,35,,2296,6,0,9,0
