101,'4623',1656,,735,8,,,0,254,,739,8,,,0,198,,736,8,,,0,230,,737,8,,,0
101,'5014',645,,741,8,,,0,64,,753,8,,,0,40,,742,8,,,0,152,,743,8,,,0,99,,744,8,,,0,101,,745,8,,,0,109,,746,8,,,0,110,,747,8,,,0,30,,748,8,,,0,177,,755,8,,,0,89,,749,8,,,0,120,,754,8,,,0,89,,750,8,,,0,124,,751,8,,,0,279,,752,8,,,0
101,'5222',1656,,756,8,,,0,254,,759,8,,,0,198,,757,8,,,0,230,,758,8,,,0
101,'5227',653,,771,8,,,0,100,,766,8,,,0,101,,767,8,,,0,100,,768,8,,,0,100,,769,8,,,0,101,,770,8,,,0,100,,760,8,,,0,100,,764,8,,,0,100,,763,8,,,0,100,,762,8,,,0,100,,777,8,,,0,99,,761,8,,,0,150,,765,8,,,0,99,,772,8,,,0,105,,774,8,,,0,110,,773,8,,,0,115,,775,8,,,0,95,,776,8,,,0
101,'5228',749,,788,8,,,0,106,,790,8,,,0,100,,786,8,,,0,100,,778,8,,,0,102,,782,8,,,0,98,,780,8,,,0,100,,784,8,,,0,100,,779,8,,,0,100,,783,8,,,0,100,,789,8,,,0,99,,781,8,,,0,150,,785,8,,,0,99,,787,8,,,0,101,,791,8,,,0,105,,792,8,,,0
101,'5256',645,,794,8,,,0,64,,808,8,,,0,40,,795,8,,,0,152,,796,8,,,0,99,,797,8,,,0,101,,798,8,,,0,109,,799,8,,,0,110,,800,8,,,0,30,,801,8,,,0,168,,803,8,0,5 6,0,9,,810,8,,,0,89,,802,8,,,0,120,,809,8,,,0,89,,805,8,,,0,124,,806,8,,,0,279,,807,8,,,0
101,'5257',1656,,811,8,,,0,254,,814,8,,,0,198,,812,8,,,0,230,,813,8,,,0
101,'5258',1450,,815,8,,,0
101,'5259',1450,,816,8,,,0
101,'5260',1656,,817,8,,,0,254,,821,8,,,0,198,,818,8,,,0,230,,819,8,,,0
101,'5261',1450,,822,8,,,0
101,'5262',1450,,823,8,,,0
201,'4623',1806,,908,8,,,0,428,,909,8,,,0,205,,910,8,,,0
201,'5014',657,,912,8,,,0,71,,925,8,,,0,27,,913,8,,,0,58,,914,8,,,0,107,,915,8,,,0,110,,917,8,,,0,105,,916,8,,,0,106,,918,8,,,0,205,,919,8,,,0,85,,921,8,,,0,75,,920,8,,,0,35,,926,8,,,0,274,,922,8,,,0,105,,923,8,,,0,104,,924,8,,,0
201,'5222',1806,,927,8,,,0,428,,928,8,,,0
201,'5227',709,,941,8,,,0,125,,935,8,,,0,101,,936,8,,,0,100,,937,8,,,0,101,,938,8,,,0,100,,939,8,,,0,100,,940,8,,,0,100,,929,8,,,0,100,,930,8,,,0,100,,946,8,,,0,99,,931,8,,,0,100,,932,8,,,0,100,,933,8,,,0,100,,934,8,,,0,100,,944,8,,,0,99,,942,8,,,0,115,,943,8,,,0,100,,945,8,,,0
201,'5228',729,,957,8,,,0,100,,958,8,,,0,101,,956,8,,,0,105,,949,8,,,0,101,,950,8,,,0,100,,948,8,,,0,100,,952,8,,,0,100,,947,8,,,0,100,,953,8,,,0,100,,959,8,,,0,99,,954,8,,,0,100,,955,8,,,0,100,,951,8,,,0,105,,961,8,,,0,99,,962,8,,,0,105,,960,8,,,0
201,'5256',657,,964,8,,,0,71,,977,8,,,0,27,,965,8,,,0,58,,966,8,,,0,107,,967,8,,,0,110,,969,8,,,0,105,,968,8,,,0,106,,970,8,,,0,205,,971,8,,,0,85,,973,8,,,0,75,,972,8,,,0,35,,978,8,,,0,274,,974,8,,,0,105,,975,8,,,0,104,,976,8,,,0
201,'5257',1806,,979,8,,,0,428,,980,8,,,0
201,'5258',1346,,981,8,,,0,370,,982,8,,,0
201,'5259',1346,,983,8,,,0,370,,984,8,,,0
201,'5260',1806,,985,8,,,0,428,,986,8,,,0,205,,987,8,,,0
201,'5261',1346,,988,8,,,0,370,,989,8,,,0
201,'5262',1346,,990,8,,,0,370,,991,8,,,0
901,'5014',724,,1346,8,,,0,103,,1347,8,,,0,102,,1348,8,,,0,100,,1349,8,,,0,101,,1350,8,,,0,98,,1351,8,,,0,100,,1352,8,,,0,99,,1353,8,,,0,124,,1354,8,,,0,100,,1355,8,,,0,92,,1356,8,,,0,107,,1357,8,,,0,154,,1358,8,,,0
901,'5256',724,,1359,8,,,0,103,,1360,8,,,0,102,,1361,8,,,0,100,,1362,8,,,0,101,,1363,8,,,0,98,,1364,8,,,0,100,,1365,8,,,0,99,,1366,8,,,0,124,,1367,8,,,0,100,,1368,8,,,0,92,,1369,8,,,0,107,,1370,8,,,0,154,,1371,8,,,0
