100,'5014',1123,,657,1,,,0
100,'5256',1123,,710,1,,,0,387,,715,1,,,0
101,'4623',1720,,735,37,,,0,212,,739,37,,,0,197,,736,37,,,0,229,,737,37,,,0,164,,738,14,,,0
101,'5014',615,,740,7,,,0,91,,741,37,,,0,25,,753,37,,,0,81,,742,37,,,0,111,,743,37,,,0,99,,744,37,,,0,101,,745,37,4,,0,110,,746,37,,,0,110,,747,37,,,0,70,,748,37,,,0,141,,755,37,,,0,87,,749,37,,,0,159,,754,37,,,0,49,,750,37,,,0,162,,751,37,,,0,238,,752,37,,,0
101,'5222',1720,,756,37,,,0,212,,759,37,,,0,197,,757,37,,,0,229,,758,37,,,0
101,'5227',713,,771,37,,,0,100,,766,37,,,0,102,,767,37,,,0,101,,768,37,,,0,100,,769,37,,,0,101,,770,37,,,0,102,,760,37,,,0,100,,764,37,,,0,100,,763,37,,,0,100,,762,37,,,0,100,,777,37,,,0,99,,761,37,,,0,109,,765,37,,,0,99,,772,37,,,0,104,,774,37,,,0,110,,773,37,,,0,114,,775,37,,,0,94,,776,37,,,0
101,'5228',809,,788,37,,,0,107,,790,37,,,0,101,,786,37,,,0,100,,778,37,,,0,102,,782,37,,,0,100,,780,37,,,0,100,,784,37,,,0,100,,779,37,,,0,100,,783,37,,,0,100,,789,37,,,0,99,,781,37,,,0,109,,785,37,,,0,99,,787,37,,,0,100,,791,37,,,0,105,,792,37,,,0
101,'5256',615,,793,7,,,0,91,,794,37,,,0,25,,808,37,,,0,81,,795,37,,,0,111,,796,37,,,0,99,,797,37,,,0,101,,798,37,4,,0,110,,799,37,,,0,110,,800,37,,,0,70,,801,37,,,0,97,,804,17,4,,0,44,,810,37,,,0,87,,802,37,,,0,159,,809,37,,,0,49,,805,37,,,0,162,,806,37,,,0,238,,807,37,,,0
101,'5257',1720,,811,37,,,0,212,,814,37,,,0,197,,812,37,,,0,229,,813,37,,,0
101,'5258',1513,,815,37,,,0
101,'5259',1513,,816,37,,,0
101,'5260',1720,,817,37,,,0,212,,821,37,,,0,197,,818,37,,,0,229,,819,37,,,0,164,,820,14,,,0
101,'5261',1513,,822,37,,,0
101,'5262',1513,,823,37,,,0
