100,102828,1,0
100,102829,2,0
100,102831,3,0
100,102830,4,0
100,102826,5,0
100,102824,6,0
100,102822,7,0
100,102817,8,0
100,102815,9,0
100,102808,10,0
100,102798,11,0
100,134031,12,0
100,134046,13,0
100,102792,14,0
100,102785,15,0
100,102780,16,0
100,102769,17,0
100,102774,18,0
100,134026,19,0
100,102770,20,0
100,134024,21,0
100,134034,22,0
100,102763,23,0
100,102761,24,0
100,102754,25,0
100,102751,26,0
100,102742,27,0
100,134022,28,0
100,102729,29,0
100,102738,30,1
101,102738,1,0
101,102736,2,0
101,102730,3,0
101,102731,4,0
101,102732,5,0
101,102737,6,0
101,102741,7,0
101,134033,8,0
101,102755,9,0
101,102760,10,0
101,102764,11,0
101,134035,12,0
101,134042,13,0
101,102767,14,0
101,102768,15,0
101,102771,16,0
101,102772,17,0
101,102773,18,0
101,102769,19,0
101,102783,20,0
101,102786,21,0
101,102793,22,0
101,102796,23,0
101,102794,24,0
101,102799,25,0
101,102803,26,0
101,102810,27,0
101,102816,28,0
101,102818,29,0
101,102819,30,0
101,102820,31,0
101,102821,32,0
101,102823,33,0
101,102825,34,0
101,102827,35,0
101,102828,36,0
101,102829,37,1
200,102813,1,0
200,102811,2,0
200,102809,3,0
200,102804,4,0
200,102800,5,0
200,102787,6,0
200,102784,7,0
200,102792,8,0
200,102785,9,0
200,102780,10,0
200,134030,11,0
200,102776,12,0
200,102769,13,0
200,102774,14,0
200,134026,15,0
200,102770,16,0
200,134024,17,0
200,134034,18,0
200,102763,19,0
200,102761,20,0
200,102754,21,0
200,102751,22,0
200,102742,23,0
200,134022,24,0
200,102729,25,0
200,102738,26,1
200,102796,27,1
201,102738,1,0
201,102736,2,0
201,102730,3,0
201,102731,4,0
201,102732,5,0
201,102737,6,0
201,102741,7,0
201,134033,8,0
201,102755,9,0
201,102760,10,0
201,102764,11,0
201,134035,12,0
201,134042,13,0
201,102767,14,0
201,102768,15,0
201,102771,16,0
201,102772,17,0
201,102773,18,0
201,102769,19,0
201,102775,20,0
201,102777,21,0
201,102783,22,0
201,102786,23,0
201,102793,24,0
201,102791,25,0
201,102795,26,0
201,102797,27,0
201,102801,28,0
201,134038,29,0
201,102711,30,0
201,102704,31,0
201,102708,32,0
201,102802,33,0
201,102805,34,0
201,102812,35,0
201,102814,36,0
201,134027,37,0
201,102807,38,0
201,102806,39,0
201,102813,40,1
301,102738,1,0
301,102736,2,0
301,102730,3,0
301,102731,4,0
301,102734,5,0
301,102706,6,0
301,134040,7,0
301,102743,8,0
301,102750,9,0
301,134015,10,0
301,102744,11,0
301,102739,12,0
301,102705,13,0
301,102747,14,0
301,102753,15,0
301,102758,16,0
301,134000,17,0
301,102762,18,0
301,102759,19,0
301,102757,20,0
301,102749,21,0
301,102748,22,0
301,102740,23,0
301,102733,24,0
301,102729,25,0
400,134050,1,0
400,102562,2,0
400,102560,3,0
400,102558,4,0
400,102556,5,0
400,134046,6,0
400,102792,7,0
400,102785,8,0
400,102780,9,0
400,134034,10,0
400,102733,11,0
400,102729,12,0
400,102738,13,1
401,102738,1,0
401,102736,2,0
401,102730,3,0
401,102731,4,0
401,102734,5,0
401,134035,6,0
401,102783,7,0
401,102786,8,0
401,102793,9,0
401,102796,10,0
401,134050,11,1
500,134045,1,0
500,134032,2,0
500,134036,3,0
500,134043,4,0
500,134044,5,0
500,102733,6,0
500,102729,7,0
500,102738,8,1
501,102738,1,0
501,134047,2,0
501,102736,3,0
501,102730,4,0
501,102731,5,0
501,102734,6,0
501,134044,7,0
501,134045,8,1
900,102704,1,0
900,102708,2,0
900,134039,3,0
900,102800,4,0
900,102787,5,0
900,134028,6,0
900,102783,7,0
900,102786,8,0
900,102793,9,0
900,102796,10,0
900,102789,11,0
900,102782,12,0
900,102776,13,0
900,102769,14,0
900,102774,15,0
900,134026,16,0
900,102770,17,0
900,134024,18,0
900,134034,19,0
900,102763,20,0
900,102761,21,0
900,102754,22,0
900,102751,23,0
900,102742,24,0
900,134022,25,0
900,102729,26,0
900,102738,27,1
901,102738,1,0
901,102736,2,0
901,102730,3,0
901,102731,4,0
901,102732,5,0
901,102737,6,0
901,102741,7,0
901,134033,8,0
901,102755,9,0
901,102760,10,0
901,102764,11,0
901,134035,12,0
901,134042,13,0
901,102767,14,0
901,102768,15,0
901,102771,16,0
901,102772,17,0
901,102773,18,0
901,102769,19,0
901,102775,20,0
901,102781,21,0
901,102788,22,0
901,134046,23,0
901,102792,24,0
901,102785,25,0
901,102780,26,0
901,134037,27,0
901,102801,28,0
901,134038,29,0
901,102711,30,0
901,102704,31,1
