100,'4623',1723,,647,3,,,0,212,,651,3,,,0,197,,648,3,,,0,269,,649,3,,,0,124,,650,3,0,5 6,0
100,'5014',618,,652,3,,,0,92,,653,3,,,0,25,,665,3,,,0,81,,654,3,,,0,110,,655,3,,,0,99,,656,3,,,0,101,,657,2,,,0,110,,659,3,,,0,110,,658,3,,,0,70,,660,3,,,0,141,,667,3,,,0,87,,661,3,,,0,159,,666,3,,,0,49,,662,3,,,0,162,,663,3,,,0,238,,664,3,,,0
100,'5222',1723,,668,3,,,0,212,,671,3,,,0,197,,669,3,,,0,269,,670,3,,,0
100,'5227',716,,679,3,,,0,100,,674,3,,,0,102,,675,3,,,0,101,,676,3,,,0,100,,677,3,,,0,101,,678,3,,,0,102,,672,3,,,0,100,,673,3,,,0,100,,684,3,,,0,100,,685,3,,,0,100,,689,3,,,0,99,,686,3,,,0,109,,687,3,,,0,99,,688,3,,,0,104,,681,3,,,0,110,,683,3,,,0,114,,680,3,,,0,94,,682,3,0,5 6,0
100,'5228',812,,701,3,,,0,107,,700,3,,,0,101,,698,3,,,0,100,,690,3,,,0,102,,696,3,,,0,100,,691,3,,,0,100,,697,3,,,0,100,,692,3,,,0,100,,694,3,,,0,100,,702,3,,,0,99,,693,3,,,0,109,,695,3,,,0,99,,699,3,,,0,100,,704,3,,,0,105,,703,3,,,0
100,'5256',618,,705,3,,,0,92,,706,3,,,0,25,,719,3,,,0,81,,707,3,,,0,110,,708,3,,,0,99,,709,3,,,0,101,,710,2,,,0,110,,712,3,,,0,110,,711,3,,,0,70,,713,3,,,0,97,,715,3,,,0,44,,721,3,,,0,87,,714,3,,,0,159,,720,3,,,0,49,,716,3,,,0,162,,717,3,,,0,238,,718,3,,,0
100,'5257',1723,,722,3,,,0,212,,725,3,,,0,197,,723,3,,,0,269,,724,3,,,0
100,'5258',1517,,726,3,,,0
100,'5259',1517,,727,3,,,0
100,'5260',1723,,728,3,,,0,212,,732,3,,,0,197,,729,3,,,0,269,,730,3,,,0,124,,731,3,0,5 6,0
100,'5261',1517,,733,3,,,0
100,'5262',1517,,734,3,,,0
