101,'4480',643,,1481,4,,,0,64,,1495,4,,,0,39,,1482,4,,,0,112,,1483,4,,,0,100,,1484,4,,,0,100,,1485,4,,,0,149,,1486,4,,,0,110,,1487,4,,,0,30,,1488,4,,,0,167,,1490,4,0,5 6,0,10,,1497,4,,,0,89,,1489,4,,,0,120,,1496,4,,,0,90,,1492,4,,,0,124,,1493,4,,,0,279,,1494,4,,,0
101,'4532',651,,2074,4,,,0,100,,2069,4,,,0,101,,2070,4,,,0,100,,2071,4,,,0,100,,2072,4,,,0,100,,2073,4,,,0,100,,2063,4,,,0,100,,2067,4,,,0,100,,2066,4,,,0,100,,2065,4,,,0,100,,2080,4,,,0,100,,2064,4,,,0,150,,2068,4,,,0,99,,2075,4,,,0,105,,2077,4,,,0,110,,2076,4,,,0,115,,2078,4,,,0,95,,2079,4,,,0
101,'4623',1653,,2081,4,,,0,255,,2085,4,,,0,198,,2082,4,,,0,230,,2083,4,,,0
101,'4661',1653,,1498,4,,,0,255,,1501,4,,,0,198,,1499,4,,,0,230,,1500,4,,,0
101,'4663',1653,,1504,4,,,0,255,,1508,4,,,0,198,,1505,4,,,0,230,,1506,4,,,0
101,'5014',643,,2087,4,,,0,64,,2099,4,,,0,39,,2088,4,,,0,112,,2089,4,,,0,100,,2090,4,,,0,100,,2091,4,,,0,149,,2092,4,,,0,110,,2093,4,,,0,30,,2094,4,,,0,177,,2101,4,,,0,89,,2095,4,,,0,120,,2100,4,,,0,90,,2096,4,,,0,124,,2097,4,,,0,279,,2098,4,,,0
101,'5173',1447,,1502,4,,,0
101,'5222',1653,,2102,4,,,0,255,,2105,4,,,0,198,,2103,4,,,0,230,,2104,4,,,0
101,'5228',747,,2116,4,,,0,106,,2118,4,,,0,100,,2114,4,,,0,100,,2106,4,,,0,101,,2110,4,,,0,98,,2108,4,,,0,100,,2112,4,,,0,100,,2107,4,,,0,100,,2111,4,,,0,100,,2117,4,,,0,100,,2109,4,,,0,150,,2113,4,,,0,99,,2115,4,,,0,101,,2119,4,,,0,105,,2120,4,,,0
101,'5259',1447,,1503,4,,,0
101,'5261',1447,,2121,4,,,0
101,'5262',1447,,2122,4,,,0
201,'4480',655,,1611,4,,,0,71,,1624,4,,,0,27,,1612,4,,,0,58,,1613,4,,,0,107,,1614,4,,,0,110,,1616,4,,,0,105,,1615,4,,,0,105,,1617,4,,,0,205,,1618,4,,,0,85,,1620,4,,,0,75,,1619,4,,,0,35,,1625,4,,,0,275,,1621,4,,,0,105,,1622,4,,,0,104,,1623,4,,,0
201,'4532',707,,2194,4,,,0,125,,2188,4,,,0,101,,2189,4,,,0,100,,2190,4,,,0,100,,2191,4,,,0,100,,2192,4,,,0,100,,2193,4,,,0,100,,2182,4,,,0,100,,2183,4,,,0,100,,2199,4,,,0,100,,2184,4,,,0,100,,2185,4,,,0,100,,2186,4,,,0,100,,2187,4,,,0,100,,2197,4,,,0,99,,2195,4,,,0,115,,2196,4,,,0,100,,2198,4,,,0
201,'4623',1803,,2200,4,,,0,429,,2201,4,,,0,205,,2202,4,,,0
201,'4661',1803,,1626,4,,,0,429,,1627,4,,,0
201,'4663',1803,,1632,4,,,0,429,,1633,4,,,0,205,,1634,4,,,0
201,'5014',655,,2204,4,,,0,71,,2217,4,,,0,27,,2205,4,,,0,58,,2206,4,,,0,107,,2207,4,,,0,110,,2209,4,,,0,105,,2208,4,,,0,105,,2210,4,,,0,205,,2211,4,,,0,85,,2213,4,,,0,75,,2212,4,,,0,35,,2218,4,,,0,275,,2214,4,,,0,105,,2215,4,,,0,104,,2216,4,,,0
201,'5173',1343,,1628,4,,,0,370,,1629,4,,,0
201,'5222',1803,,2219,4,,,0,429,,2220,4,,,0
201,'5228',727,,2231,4,,,0,100,,2232,4,,,0,101,,2230,4,,,0,105,,2223,4,,,0,100,,2224,4,,,0,100,,2222,4,,,0,100,,2226,4,,,0,100,,2221,4,,,0,100,,2227,4,,,0,100,,2233,4,,,0,100,,2228,4,,,0,100,,2229,4,,,0,100,,2225,4,,,0,105,,2235,4,,,0,99,,2236,4,,,0,105,,2234,4,,,0
201,'5259',1343,,1630,4,,,0,370,,1631,4,,,0
201,'5261',1343,,2237,4,,,0,370,,2238,4,,,0
201,'5262',1343,,2239,4,,,0,370,,2240,4,,,0
301,'4480',617,,1676,4,0,9,0,30,,1677,4,0,9,0,70,,1678,4,0,9,0,38,,1680,4,0,9,0,65,,1679,4,0,9,0,102,,1682,4,0,9,0,80,,1681,4,0,9,0,101,,1684,4,0,9,0,50,,1683,4,0,9,0,90,,1688,4,0,9,0,100,,1686,4,0,9,0,80,,1685,4,0,9,0,34,,1687,4,0,9,0,72,,1690,4,0,9,0,179,,1691,4,0,9,0,45,,1689,4,0,9,0,85,,1692,4,0,9,0,95,,1693,4,0,9,0,119,,1694,4,0,9,0,271,,1695,4,0,9,0
301,'4532',642,,2256,4,0,9,0,160,,2249,4,0,9,0,100,,2250,4,0,9,0,100,,2253,4,0,9,0,101,,2251,4,0,9,0,100,,2248,4,0,9,0,100,,2254,4,0,9,0,100,,2245,4,0,9,0,100,,2244,4,0,9,0,100,,2246,4,0,9,0,100,,2242,4,0,9,0,100,,2247,4,0,9,0,100,,2241,4,0,9,0,99,,2243,4,0,9,0,100,,2252,4,0,9,0,100,,2257,4,0,9,0,115,,2255,4,0,9,0
301,'4623',2207,,2258,4,0,9,0
301,'4661',2207,,1696,4,0,9,0
301,'4663',2207,,1701,4,0,9,0
301,'5014',617,,2259,4,0,9,0,30,,2260,4,0,9,0,70,,2261,4,0,9,0,38,,2263,4,0,9,0,65,,2262,4,0,9,0,102,,2265,4,0,9,0,80,,2264,4,0,9,0,101,,2267,4,0,9,0,50,,2266,4,0,9,0,90,,2271,4,0,9,0,100,,2269,4,0,9,0,80,,2268,4,0,9,0,34,,2270,4,0,9,0,72,,2273,4,0,9,0,179,,2274,4,0,9,0,45,,2272,4,0,9,0,85,,2275,4,0,9,0,95,,2276,4,0,9,0,119,,2277,4,0,9,0,271,,2278,4,0,9,0
301,'5173',1558,,1698,4,0,9,0,75,,1697,4,0,9,0
301,'5222',2207,,2279,4,0,9,0
301,'5228',722,,2291,4,0,9,0,135,,2289,4,0,9,0,100,,2281,4,0,9,0,146,,2284,4,0,9,0,100,,2280,4,0,9,0,100,,2282,4,0,9,0,100,,2285,4,0,9,0,100,,2283,4,0,9,0,100,,2286,4,0,9,0,100,,2288,4,0,9,0,100,,2287,4,0,9,0,100,,2290,4,0,9,0,104,,2292,4,0,9,0,100,,2293,4,0,9,0
301,'5259',1558,,1700,4,0,9,0,75,,1699,4,0,9,0
301,'5261',1558,,2295,4,0,9,0,75,,2294,4,0,9,0
301,'5262',1558,,2297,4,0,9,0,75,,2296,4,0,9,0
401,'4480',800,,1728,4,,,0,37,,1727,4,,,0,599,,1729,4,,,0,217,,1730,4,,,0
401,'4623',1613,,2305,4,,,0
401,'4661',1613,,1731,4,,,0
401,'4663',1613,,1732,4,,,0
401,'5014',800,,2307,4,,,0,37,,2306,4,,,0,599,,2308,4,,,0,217,,2309,4,,,0
401,'5222',1613,,2310,4,,,0
501,'4480',712,,1907,4,,,0,43,,1908,5,,,0,72,,1909,4,,,0,83,,1910,5,,,0,32,,1911,4,,,0,88,,1912,5,,,0,73,,1913,4,,,0,42,,1914,5,,,0,73,,1915,4,,,0,87,,1916,5,,,0,33,,1917,4,,,0,82,,1918,5,,,0,33,,1919,4,,,0,87,,1920,5,,,0,73,,1921,4,,,0,42,,1923,5,,,0,73,,1922,4,,,0,87,,1924,5,,,0
501,'4532',752,,2389,4,,,0,75,,2390,4,,,0,83,,2391,5,,,0,32,,2392,4,,,0,88,,2393,5,,,0,73,,2394,4,,,0,42,,2395,5,,,0,73,,2396,4,,,0,87,,2397,5,,,0,33,,2398,4,,,0,82,,2399,5,,,0,33,,2400,4,,,0,87,,2401,5,,,0,73,,2402,4,,,0,42,,2403,5,,,0,73,,2404,4,,,0,87,,2405,5,,,0,33,,2406,4,,,0,82,,2407,5,,,0,72,,2408,4,,,0,43,,2409,5,,,0,72,,2410,4,,,0,86,,2411,5,,,0,29,,2412,4,,,0,82,,2413,5,,,0
501,'5014',712,,2414,4,,,0,43,,2415,5,,,0,72,,2416,4,,,0,83,,2417,5,,,0,32,,2418,4,,,0,88,,2419,5,,,0,73,,2420,4,,,0,42,,2421,5,,,0,73,,2422,4,,,0,87,,2423,5,,,0,33,,2424,4,,,0,82,,2425,5,,,0,33,,2426,4,,,0,87,,2427,5,,,0,73,,2428,4,,,0,42,,2430,5,,,0,73,,2429,4,,,0,87,,2431,5,,,0
501,'5173',1848,,1925,4,,,0,82,,1926,5,,,0,72,,1927,4,,,0,43,,1928,5,,,0,72,,1929,4,,,0
501,'5228',752,,2443,4,,,0,75,,2444,4,,,0,83,,2445,5,,,0,32,,2446,4,,,0,88,,2447,5,,,0,73,,2448,4,,,0,42,,2449,5,,,0,73,,2450,4,,,0,87,,2451,5,,,0,33,,2452,4,,,0,82,,2453,5,,,0,33,,2442,4,,,0,87,,2432,5,,,0,73,,2433,4,,,0,42,,2434,5,,,0,73,,2435,4,,,0,87,,2439,5,,,0,33,,2436,4,,,0,82,,2437,5,,,0,72,,2438,4,,,0,43,,2440,5,,,0,72,,2441,4,,,0
501,'5259',1848,,1930,4,,,0,82,,1931,5,,,0,72,,1932,4,,,0,43,,1934,5,,,0,72,,1935,4,,,0,86,,1933,5,,,0,29,,1937,4,,,0,82,,1936,5,,,0
501,'5261',1848,,2454,4,,,0,82,,2455,5,,,0,72,,2456,4,,,0,43,,2457,5,,,0,72,,2458,4,,,0
501,'5262',1848,,2459,4,,,0,82,,2460,5,,,0,72,,2461,4,,,0,43,,2463,5,,,0,72,,2464,4,,,0,86,,2462,5,,,0,29,,2466,4,,,0,82,,2465,5,,,0
901,'4480',722,,1990,4,,,0,103,,1991,4,,,0,102,,1992,4,,,0,100,,1993,4,,,0,101,,1994,4,,,0,98,,1995,4,,,0,100,,1996,4,,,0,98,,1997,4,,,0,124,,1998,4,,,0,100,,1999,4,,,0,93,,2000,4,,,0,107,,2001,4,,,0,154,,2002,4,,,0
901,'5014',722,,2480,4,,,0,103,,2481,4,,,0,102,,2482,4,,,0,100,,2483,4,,,0,101,,2484,4,,,0,98,,2485,4,,,0,100,,2486,4,,,0,98,,2487,4,,,0,124,,2488,4,,,0,100,,2489,4,,,0,93,,2490,4,,,0,107,,2491,4,,,0,154,,2492,4,,,0
