200,'4480',619,,1546,6,,,0,109,,1547,6,,,0,27,,1560,6,,,0,67,,1548,6,,,0,18,,1550,6,,,0,108,,1549,6,,,0,110,,1552,6,,,0,146,,1551,6,,,0,106,,1553,6,,,0,205,,1555,6,,,0,87,,1556,6,,,0,34,,1554,6,,,0,74,,1561,6,,,0,234,,1557,6,,,0,109,,1558,6,,,0,103,,1559,6,,,0
200,'4532',732,,2135,6,,,0,172,,2129,6,,,0,101,,2131,6,,,0,100,,2130,6,,,0,101,,2132,6,,,0,100,,2133,6,,,0,101,,2134,6,,,0,100,,2123,6,,,0,100,,2124,6,,,0,100,,2140,6,,,0,99,,2125,6,,,0,100,,2126,6,,,0,99,,2127,6,,,0,100,,2128,6,,,0,100,,2137,6,,,0,98,,2136,6,,,0,114,,2138,6,,,0,99,,2139,6,,,0
200,'4623',1835,,2141,6,,,0,471,,2142,6,,,0,205,,2143,6,0,5 6,0
200,'4661',1835,,1562,6,,,0,471,,1563,6,,,0
200,'4663',1835,,1568,6,,,0,471,,1569,6,,,0,205,,1570,6,0,5 6,0
200,'5014',619,,2144,6,,,0,109,,2145,6,,,0,27,,2158,6,,,0,67,,2146,6,,,0,18,,2148,6,,,0,108,,2147,6,,,0,110,,2150,6,,,0,146,,2149,6,,,0,106,,2151,6,,,0,205,,2153,6,,,0,87,,2154,6,,,0,34,,2152,6,,,0,74,,2159,6,,,0,234,,2155,6,,,0,109,,2156,6,,,0,103,,2157,6,,,0
200,'5173',1415,,1564,6,,,0,330,,1565,6,,,0
200,'5222',1835,,2160,6,,,0,471,,2161,6,,,0
200,'5228',758,,2172,6,,,0,100,,2173,6,,,0,101,,2171,6,,,0,146,,2162,6,,,0,101,,2166,6,,,0,100,,2164,6,,,0,101,,2169,6,,,0,100,,2163,6,,,0,100,,2168,6,,,0,100,,2174,6,,,0,99,,2165,6,,,0,100,,2170,6,,,0,99,,2167,6,,,0,105,,2177,6,,,0,99,,2176,6,,,0,104,,2175,6,,,0
200,'5259',1415,,1566,6,,,0,330,,1567,6,,,0
200,'5261',1415,,2178,6,,,0,330,,2179,6,,,0
200,'5262',1415,,2180,6,,,0,330,,2181,6,,,0
900,'4480',748,,1964,5,,,0,105,,1966,5,,,0,100,,1965,5,,,0,100,,1968,5,,,0,160,,1967,5,,,0,40,,1970,5,,,0,100,,1969,5,,,0,100,,1971,5,,,0,165,,1973,5,,,0,100,,1972,5,,,0,90,,1974,5,,,0,106,,1975,5,,,0,113,,1976,5,,,0
900,'5014',748,,2467,5,,,0,105,,2469,5,,,0,100,,2468,5,,,0,100,,2471,5,,,0,160,,2470,5,,,0,40,,2473,5,,,0,100,,2472,5,,,0,100,,2474,5,,,0,165,,2476,5,,,0,100,,2475,5,,,0,90,,2477,5,,,0,106,,2478,5,,,0,113,,2479,5,,,0
