301,'4623',2218,,992,19,,,0
301,'5014',628,,993,19,,,0,30,,994,19,,,0,70,,995,19,,,0,79,,997,19,,,0,27,,996,19,,,0,100,,999,19,,,0,80,,998,19,,,0,101,,1001,19,,,0,90,,1000,19,,,0,50,,1005,19,,,0,100,,1003,19,,,0,80,,1002,19,,,0,76,,1004,19,,,0,32,,1007,19,,,0,177,,1008,19,,,0,85,,1006,19,,,0,44,,1009,19,,,0,95,,1010,19,,,0,159,,1011,19,,,0,231,,1012,19,,,0
301,'5222',2218,,1013,19,,,0
301,'5227',653,,1029,19,,,0,161,,1022,19,,,0,100,,1023,19,,,0,100,,1026,19,,,0,101,,1024,19,,,0,100,,1021,19,,,0,100,,1027,19,,,0,100,,1018,19,,,0,100,,1017,19,,,0,100,,1019,19,,,0,100,,1015,19,,,0,99,,1020,19,,,0,100,,1014,19,,,0,99,,1016,19,,,0,100,,1025,19,,,0,100,,1030,19,,,0,115,,1028,19,,,0
301,'5228',733,,1042,19,,,0,176,,1040,19,,,0,100,,1032,19,,,0,106,,1035,19,,,0,100,,1031,19,,,0,100,,1033,19,,,0,100,,1036,19,,,0,100,,1034,19,,,0,100,,1037,19,,,0,100,,1039,19,,,0,99,,1038,19,,,0,100,,1041,19,,,0,104,,1043,19,,,0,100,,1044,19,,,0
301,'5256',628,,1045,19,,,0,30,,1046,19,,,0,70,,1047,19,,,0,79,,1049,19,,,0,27,,1048,19,,,0,100,,1051,19,,,0,80,,1050,19,,,0,101,,1053,19,,,0,90,,1052,19,,,0,50,,1057,19,,,0,100,,1055,19,,,0,80,,1054,19,,,0,76,,1056,19,,,0,32,,1059,19,,,0,177,,1060,19,,,0,85,,1058,19,,,0,44,,1061,19,,,0,95,,1062,19,,,0,159,,1063,19,,,0,231,,1064,19,,,0
301,'5257',2218,,1065,19,,,0
301,'5258',1610,,1067,19,,,0,35,,1066,19,,,0
301,'5259',1610,,1069,19,,,0,35,,1068,19,,,0
301,'5260',2218,,1070,19,,,0
301,'5261',1610,,1072,19,,,0,35,,1071,19,,,0
301,'5262',1610,,1074,19,,,0,35,,1073,19,,,0
