100,'4623',1730,,647,10,,,0,212,,651,10,,,0,197,,648,10,,,0,269,,649,10,,,0,124,,650,10,0,5 6,0
100,'5014',625,,652,10,,,0,92,,653,10,,,0,25,,665,10,,,0,81,,654,10,,,0,110,,655,10,,,0,99,,656,10,,,0,101,,657,9,,,0,110,,659,10,,,0,110,,658,10,,,0,70,,660,10,,,0,181,,667,10,,,0,47,,661,10,,,0,159,,666,10,,,0,49,,662,10,,,0,162,,663,10,,,0,238,,664,10,,,0
100,'5222',1730,,668,10,,,0,212,,671,10,,,0,197,,669,10,,,0,269,,670,10,,,0
100,'5227',723,,679,10,,,0,100,,674,10,,,0,102,,675,10,,,0,101,,676,10,,,0,100,,677,10,,,0,101,,678,10,,,0,102,,672,10,,,0,100,,673,10,,,0,100,,684,10,,,0,100,,685,10,,,0,100,,689,10,,,0,99,,686,10,,,0,109,,687,10,,,0,99,,688,10,,,0,104,,681,10,,,0,110,,683,10,,,0,154,,680,10,,,0,54,,682,10,0,5 6,0
100,'5228',819,,701,10,,,0,107,,700,10,,,0,101,,698,10,,,0,100,,690,10,,,0,102,,696,10,,,0,100,,691,10,,,0,100,,697,10,,,0,100,,692,10,,,0,100,,694,10,,,0,100,,702,10,,,0,99,,693,10,,,0,109,,695,10,,,0,99,,699,10,,,0,100,,704,10,,,0,105,,703,10,,,0
100,'5256',625,,705,10,,,0,92,,706,10,,,0,25,,719,10,,,0,81,,707,10,,,0,110,,708,10,,,0,99,,709,10,,,0,101,,710,9,,,0,110,,712,10,,,0,110,,711,10,,,0,70,,713,10,,,0,97,,715,10,,,0,84,,721,10,,,0,47,,714,10,,,0,159,,720,10,,,0,49,,716,10,,,0,162,,717,10,,,0,238,,718,10,,,0
100,'5257',1730,,722,10,,,0,212,,725,10,,,0,197,,723,10,,,0,269,,724,10,,,0
100,'5258',1524,,726,10,,,0
100,'5259',1524,,727,10,,,0
100,'5260',1730,,728,10,,,0,212,,732,10,,,0,197,,729,10,,,0,269,,730,10,,,0,124,,731,10,0,5 6,0
100,'5261',1524,,733,10,,,0
100,'5262',1524,,734,10,,,0
