301,'4623',2216,,992,14,0,9,0
301,'5014',626,,993,14,0,9,0,30,,994,14,0,9,0,70,,995,14,0,9,0,78,,997,14,0,9,0,26,,996,14,0,9,0,101,,999,14,0,9,0,80,,998,14,0,9,0,101,,1001,14,0,9,0,90,,1000,14,0,9,0,50,,1005,14,0,9,0,100,,1003,14,0,9,0,80,,1002,14,0,9,0,75,,1004,14,0,9,0,32,,1007,14,0,9,0,178,,1008,14,0,9,0,85,,1006,14,0,9,0,45,,1009,14,0,9,0,95,,1010,14,0,9,0,159,,1011,14,0,9,0,231,,1012,14,0,9,0
301,'5222',2216,,1013,14,0,9,0
301,'5227',651,,1029,14,0,9,0,160,,1022,14,0,9,0,100,,1023,14,0,9,0,100,,1026,14,0,9,0,101,,1024,14,0,9,0,100,,1021,14,0,9,0,100,,1027,14,0,9,0,100,,1018,14,0,9,0,100,,1017,14,0,9,0,100,,1019,14,0,9,0,100,,1015,14,0,9,0,100,,1020,14,0,9,0,100,,1014,14,0,9,0,99,,1016,14,0,9,0,100,,1025,14,0,9,0,100,,1030,14,0,9,0,115,,1028,14,0,9,0
301,'5228',731,,1042,14,0,9,0,175,,1040,14,0,9,0,100,,1032,14,0,9,0,106,,1035,14,0,9,0,100,,1031,14,0,9,0,100,,1033,14,0,9,0,100,,1036,14,0,9,0,100,,1034,14,0,9,0,100,,1037,14,0,9,0,100,,1039,14,0,9,0,100,,1038,14,0,9,0,100,,1041,14,0,9,0,104,,1043,14,0,9,0,100,,1044,14,0,9,0
301,'5256',626,,1045,14,0,9,0,30,,1046,14,0,9,0,70,,1047,14,0,9,0,78,,1049,14,0,9,0,26,,1048,14,0,9,0,101,,1051,14,0,9,0,80,,1050,14,0,9,0,101,,1053,14,0,9,0,90,,1052,14,0,9,0,50,,1057,14,0,9,0,100,,1055,14,0,9,0,80,,1054,14,0,9,0,75,,1056,14,0,9,0,32,,1059,14,0,9,0,178,,1060,14,0,9,0,85,,1058,14,0,9,0,45,,1061,14,0,9,0,95,,1062,14,0,9,0,159,,1063,14,0,9,0,231,,1064,14,0,9,0
301,'5257',2216,,1065,14,0,9,0
301,'5258',1607,,1067,14,0,9,0,35,,1066,14,0,9,0
301,'5259',1607,,1069,14,0,9,0,35,,1068,14,0,9,0
301,'5260',2216,,1070,14,0,9,0
301,'5261',1607,,1072,14,0,9,0,35,,1071,14,0,9,0
301,'5262',1607,,1074,14,0,9,0,35,,1073,14,0,9,0
