100,'4480',621,,1411,7,,,0,92,,1412,7,,,0,25,,1425,7,,,0,81,,1413,7,,,0,110,,1414,7,,,0,99,,1415,7,,,0,101,,1416,6,,,0,110,,1418,7,,,0,110,,1417,7,,,0,70,,1419,7,,,0,97,,1421,7,,,0,84,,1427,7,,,0,47,,1420,7,,,0,159,,1426,7,,,0,49,,1422,7,,,0,162,,1423,7,,,0,238,,1424,7,,,0
100,'4532',719,,2010,7,,,0,100,,2005,7,,,0,102,,2006,7,,,0,101,,2007,7,,,0,100,,2008,7,,,0,101,,2009,7,,,0,102,,2003,7,,,0,100,,2004,7,,,0,100,,2015,7,,,0,100,,2016,7,,,0,100,,2020,7,,,0,99,,2017,7,,,0,109,,2018,7,,,0,99,,2019,7,,,0,104,,2012,7,,,0,110,,2014,7,,,0,154,,2011,7,,,0,54,,2013,7,0,5 6,0
100,'4623',1726,,2021,7,,,0,212,,2025,7,,,0,197,,2022,7,,,0,269,,2023,7,,,0,124,,2024,7,0,5 6,0
100,'4661',1726,,1428,7,,,0,212,,1431,7,,,0,197,,1429,7,,,0,269,,1430,7,,,0
100,'4663',1726,,1434,7,,,0,212,,1438,7,,,0,197,,1435,7,,,0,269,,1436,7,,,0,124,,1437,7,0,5 6,0
100,'5014',621,,2026,7,,,0,92,,2027,7,,,0,25,,2039,7,,,0,81,,2028,7,,,0,110,,2029,7,,,0,99,,2030,7,,,0,101,,2031,6,,,0,110,,2033,7,,,0,110,,2032,7,,,0,70,,2034,7,,,0,181,,2041,7,,,0,47,,2035,7,,,0,159,,2040,7,,,0,49,,2036,7,,,0,162,,2037,7,,,0,238,,2038,7,,,0
100,'5173',1520,,1432,7,,,0
100,'5222',1726,,2042,7,,,0,212,,2045,7,,,0,197,,2043,7,,,0,269,,2044,7,,,0
100,'5228',815,,2057,7,,,0,107,,2056,7,,,0,101,,2054,7,,,0,100,,2046,7,,,0,102,,2052,7,,,0,100,,2047,7,,,0,100,,2053,7,,,0,100,,2048,7,,,0,100,,2050,7,,,0,100,,2058,7,,,0,99,,2049,7,,,0,109,,2051,7,,,0,99,,2055,7,,,0,100,,2060,7,,,0,105,,2059,7,,,0
100,'5259',1520,,1433,7,,,0
100,'5261',1520,,2061,7,,,0
100,'5262',1520,,2062,7,,,0
