101,'4532',653,,2074,7,,,0,100,,2069,7,,,0,101,,2070,7,,,0,100,,2071,7,,,0,100,,2072,7,,,0,100,,2073,7,,,0,100,,2063,7,,,0,100,,2067,7,,,0,100,,2066,7,,,0,100,,2065,7,,,0,100,,2080,7,,,0,100,,2064,7,,,0,150,,2068,7,,,0,99,,2075,7,,,0,105,,2077,7,,,0,110,,2076,7,,,0,115,,2078,7,,,0,95,,2079,7,,,0
101,'4623',1655,,2081,7,,,0,255,,2085,7,,,0,198,,2082,7,,,0,230,,2083,7,,,0
101,'5014',645,,2087,7,,,0,64,,2099,7,,,0,39,,2088,7,,,0,152,,2089,7,,,0,100,,2090,7,,,0,100,,2091,7,,,0,109,,2092,7,,,0,110,,2093,7,,,0,30,,2094,7,,,0,177,,2101,7,,,0,89,,2095,7,,,0,120,,2100,7,,,0,90,,2096,7,,,0,124,,2097,7,,,0,279,,2098,7,,,0
101,'5210',749,,2116,7,,,0,106,,2118,7,,,0,100,,2114,7,,,0,100,,2106,7,,,0,101,,2110,7,,,0,98,,2108,7,,,0,100,,2112,7,,,0,100,,2107,7,,,0,100,,2111,7,,,0,100,,2117,7,,,0,100,,2109,7,,,0,150,,2113,7,,,0,99,,2115,7,,,0,101,,2119,7,,,0,105,,2120,7,,,0
101,'5222',1655,,2102,7,,,0,255,,2105,7,,,0,198,,2103,7,,,0,230,,2104,7,,,0
101,'5261',1449,,2121,7,,,0
101,'5262',1449,,2122,7,,,0
201,'4532',708,,2194,7,,,0,126,,2188,7,,,0,101,,2189,7,,,0,100,,2190,7,,,0,100,,2191,7,,,0,100,,2192,7,,,0,100,,2193,7,,,0,100,,2182,7,,,0,100,,2183,7,,,0,100,,2199,7,,,0,100,,2184,7,,,0,100,,2185,7,,,0,100,,2186,7,,,0,100,,2187,7,,,0,100,,2197,7,,,0,99,,2195,7,,,0,114,,2196,7,,,0,100,,2198,7,,,0
201,'4623',1805,,2200,7,,,0,429,,2201,7,,,0,205,,2202,7,,,0
201,'5014',657,,2204,7,,,0,71,,2217,7,,,0,27,,2205,7,,,0,58,,2206,7,,,0,107,,2207,7,,,0,110,,2209,7,,,0,105,,2208,7,,,0,105,,2210,7,,,0,205,,2211,7,,,0,85,,2213,7,,,0,75,,2212,7,,,0,35,,2218,7,,,0,275,,2214,7,,,0,105,,2215,7,,,0,104,,2216,7,,,0
201,'5210',729,,2231,7,,,0,100,,2232,7,,,0,101,,2230,7,,,0,105,,2223,7,,,0,100,,2224,7,,,0,100,,2222,7,,,0,100,,2226,7,,,0,100,,2221,7,,,0,100,,2227,7,,,0,100,,2233,7,,,0,100,,2228,7,,,0,100,,2229,7,,,0,100,,2225,7,,,0,105,,2235,7,,,0,99,,2236,7,,,0,105,,2234,7,,,0
201,'5222',1805,,2219,7,,,0,429,,2220,7,,,0
201,'5261',1345,,2237,7,,,0,370,,2238,7,,,0
201,'5262',1345,,2239,7,,,0,370,,2240,7,,,0
901,'5014',724,,2480,7,,,0,103,,2481,7,,,0,102,,2482,7,,,0,100,,2483,7,,,0,101,,2484,7,,,0,98,,2485,7,,,0,100,,2486,7,,,0,98,,2487,7,,,0,124,,2488,7,,,0,100,,2489,7,,,0,93,,2490,7,,,0,107,,2491,7,,,0,154,,2492,7,,,0
