101,'4480',611,,1480,3,,,0,91,,1481,33,,,0,25,,1495,33,,,0,81,,1482,33,,,0,111,,1483,33,,,0,99,,1484,33,,,0,101,,1485,33,,,0,110,,1486,33,,,0,110,,1487,33,,,0,70,,1488,33,,,0,97,,1491,13,,,0,43,,1497,33,,,0,88,,1489,33,,,0,119,,1496,33,,,0,89,,1492,33,,,0,162,,1493,33,,,0,238,,1494,33,,,0
101,'4532',710,,2074,33,,,0,100,,2069,33,,,0,102,,2070,33,,,0,100,,2071,33,,,0,100,,2072,33,,,0,101,,2073,33,,,0,102,,2063,33,,,0,100,,2067,33,,,0,100,,2066,33,,,0,100,,2065,33,,,0,100,,2080,33,,,0,99,,2064,33,,,0,109,,2068,33,,,0,99,,2075,33,,,0,104,,2077,33,,,0,110,,2076,33,,,0,114,,2078,33,,,0,94,,2079,33,,,0
101,'4623',1716,,2081,33,,,0,212,,2085,33,,,0,197,,2082,33,,,0,229,,2083,33,,,0,164,,2084,10,,,0
101,'4661',1716,,1498,33,,,0,212,,1501,33,,,0,197,,1499,33,,,0,229,,1500,33,,,0
101,'4663',1716,,1504,33,,,0,212,,1508,33,,,0,197,,1505,33,,,0,229,,1506,33,,,0,164,,1507,10,,,0
101,'5014',611,,2086,3,,,0,91,,2087,33,,,0,25,,2099,33,,,0,81,,2088,33,,,0,111,,2089,33,,,0,99,,2090,33,,,0,101,,2091,33,,,0,110,,2092,33,,,0,110,,2093,33,,,0,70,,2094,33,,,0,140,,2101,33,,,0,88,,2095,33,,,0,119,,2100,33,,,0,89,,2096,33,,,0,162,,2097,33,,,0,238,,2098,33,,,0
101,'5173',1509,,1502,33,,,0
101,'5222',1716,,2102,33,,,0,212,,2105,33,,,0,197,,2103,33,,,0,229,,2104,33,,,0
101,'5228',806,,2116,33,,,0,107,,2118,33,,,0,100,,2114,33,,,0,100,,2106,33,,,0,102,,2110,33,,,0,100,,2108,33,,,0,100,,2112,33,,,0,100,,2107,33,,,0,100,,2111,33,,,0,100,,2117,33,,,0,99,,2109,33,,,0,109,,2113,33,,,0,99,,2115,33,,,0,100,,2119,33,,,0,105,,2120,33,,,0
101,'5259',1509,,1503,33,,,0
101,'5261',1509,,2121,33,,,0
101,'5262',1509,,2122,33,,,0
