201,'4480',607,,1610,6,,,0,105,,1611,28,,,0,31,,1624,28,,,0,67,,1612,28,,,0,18,,1613,28,,,0,108,,1614,28,,,0,110,,1616,28,,,0,106,,1615,28,,,0,106,,1617,28,,,0,245,,1618,28,,,0,47,,1620,28,,,0,74,,1619,28,,,0,34,,1625,28,,,0,274,,1621,28,,,0,105,,1622,28,,,0,103,,1623,28,,,0
201,'4532',723,,2194,28,,,0,127,,2188,28,,,0,101,,2189,28,,,0,100,,2190,28,,,0,101,,2191,28,,,0,100,,2192,28,,,0,101,,2193,28,,,0,100,,2182,28,,,0,100,,2183,28,,,0,100,,2199,28,,,0,99,,2184,28,,,0,100,,2185,28,,,0,99,,2186,28,,,0,100,,2187,28,,,0,100,,2197,28,,,0,99,,2195,28,,,0,154,,2196,28,,,0,99,,2198,28,,,0
201,'4623',1823,,2200,28,,,0,427,,2201,28,,,0,204,,2202,28,,,0
201,'4661',1823,,1626,28,,,0,427,,1627,28,,,0
201,'4663',1823,,1632,28,,,0,427,,1633,28,,,0,204,,1634,28,,,0
201,'5014',607,,2203,6,,,0,105,,2204,28,,,0,31,,2217,28,,,0,67,,2205,28,,,0,18,,2206,28,,,0,108,,2207,28,,,0,110,,2209,28,,,0,106,,2208,28,,,0,106,,2210,28,,,0,245,,2211,28,,,0,47,,2213,28,,,0,74,,2212,28,,,0,34,,2218,28,,,0,274,,2214,28,,,0,105,,2215,28,,,0,103,,2216,28,,,0
201,'5173',1403,,1628,28,,,0,330,,1629,28,,,0
201,'5222',1823,,2219,28,,,0,427,,2220,28,,,0
201,'5228',745,,2231,28,,,0,100,,2232,28,,,0,101,,2230,28,,,0,105,,2223,28,,,0,101,,2224,28,,,0,100,,2222,28,,,0,101,,2226,28,,,0,100,,2221,28,,,0,100,,2227,28,,,0,100,,2233,28,,,0,99,,2228,28,,,0,100,,2229,28,,,0,99,,2225,28,,,0,105,,2235,28,,,0,99,,2236,28,,,0,145,,2234,28,,,0
201,'5259',1403,,1630,28,,,0,330,,1631,28,,,0
201,'5261',1403,,2237,28,,,0,330,,2238,28,,,0
201,'5262',1403,,2239,28,,,0,330,,2240,28,,,0
