200,'4480',620,,1546,7,,,0,109,,1547,7,,,0,27,,1560,7,,,0,67,,1548,7,,,0,18,,1550,7,,,0,108,,1549,7,,,0,110,,1552,7,,,0,146,,1551,7,,,0,106,,1553,7,,,0,205,,1555,7,,,0,87,,1556,7,,,0,34,,1554,7,,,0,74,,1561,7,,,0,234,,1557,7,,,0,109,,1558,7,,,0,103,,1559,7,,,0
200,'4532',732,,2135,7,,,0,172,,2129,7,,,0,101,,2131,7,,,0,100,,2130,7,,,0,101,,2132,7,,,0,100,,2133,7,,,0,101,,2134,7,,,0,100,,2123,7,,,0,100,,2124,7,,,0,100,,2140,7,,,0,99,,2125,7,,,0,100,,2126,7,,,0,99,,2127,7,,,0,100,,2128,7,,,0,100,,2137,7,,,0,98,,2136,7,,,0,114,,2138,7,,,0,99,,2139,7,,,0
200,'4623',1836,,2141,7,,,0,471,,2142,7,,,0,204,,2143,7,0,5 6,0
200,'4661',1836,,1562,7,,,0,471,,1563,7,,,0
200,'4663',1836,,1568,7,,,0,471,,1569,7,,,0,204,,1570,7,0,5 6,0
200,'5014',620,,2144,7,,,0,109,,2145,7,,,0,27,,2158,7,,,0,67,,2146,7,,,0,18,,2148,7,,,0,108,,2147,7,,,0,110,,2150,7,,,0,146,,2149,7,,,0,106,,2151,7,,,0,205,,2153,7,,,0,87,,2154,7,,,0,34,,2152,7,,,0,74,,2159,7,,,0,234,,2155,7,,,0,109,,2156,7,,,0,103,,2157,7,,,0
200,'5173',1416,,1564,7,,,0,330,,1565,7,,,0
200,'5222',1836,,2160,7,,,0,471,,2161,7,,,0
200,'5228',758,,2172,7,,,0,100,,2173,7,,,0,101,,2171,7,,,0,146,,2162,7,,,0,101,,2166,7,,,0,100,,2164,7,,,0,101,,2169,7,,,0,100,,2163,7,,,0,100,,2168,7,,,0,100,,2174,7,,,0,99,,2165,7,,,0,100,,2170,7,,,0,99,,2167,7,,,0,105,,2177,7,,,0,99,,2176,7,,,0,104,,2175,7,,,0
200,'5259',1416,,1566,7,,,0,330,,1567,7,,,0
200,'5261',1416,,2178,7,,,0,330,,2179,7,,,0
200,'5262',1416,,2180,7,,,0,330,,2181,7,,,0
