100,'4532',735,,2010,22,,,0,100,,2005,22,,,0,102,,2006,22,,,0,101,,2007,22,,,0,100,,2008,22,,,0,101,,2009,22,,,0,102,,2003,22,,,0,100,,2004,22,,,0,100,,2015,22,,,0,100,,2016,22,,,0,100,,2020,22,,,0,99,,2017,22,,,0,108,,2018,22,,,0,99,,2019,22,,,0,103,,2012,22,,,0,150,,2014,22,,,0,113,,2011,22,,,0
100,'4623',1744,,2021,22,,,0,210,,2025,22,,,0,196,,2022,22,,,0,268,,2023,22,,,0
100,'5014',636,,2026,22,,,0,93,,2027,22,,,0,25,,2039,22,,,0,83,,2028,22,,,0,109,,2029,22,,,0,98,,2030,22,,,0,102,,2031,21,,,0,110,,2033,22,,,0,150,,2032,22,,,0,30,,2034,22,,,0,182,,2041,22,,,0,87,,2035,22,,,0,117,,2040,22,,,0,89,,2036,22,,,0,121,,2037,22,,,0,277,,2038,22,,,0
100,'5210',831,,2057,22,,,0,107,,2056,22,,,0,101,,2054,22,,,0,100,,2046,22,,,0,102,,2052,22,,,0,100,,2047,22,,,0,100,,2053,22,,,0,100,,2048,22,,,0,100,,2050,22,,,0,100,,2058,22,,,0,99,,2049,22,,,0,108,,2051,22,,,0,99,,2055,22,,,0,99,,2060,22,,,0,105,,2059,22,,,0
100,'5222',1744,,2042,22,,,0,210,,2045,22,,,0,196,,2043,22,,,0,268,,2044,22,,,0
100,'5261',1538,,2061,22,,,0
100,'5262',1538,,2062,22,,,0
200,'4532',746,,2135,19,,,0,172,,2129,19,,,0,102,,2131,19,,,0,100,,2130,19,,,0,101,,2132,19,,,0,100,,2133,19,,,0,101,,2134,19,,,0,100,,2123,19,,,0,100,,2124,19,,,0,100,,2140,19,,,0,99,,2125,19,,,0,100,,2126,19,,,0,99,,2127,19,,,0,100,,2128,19,,,0,100,,2137,19,,,0,97,,2136,19,,,0,114,,2138,19,,,0
200,'4623',1850,,2141,19,,,0,469,,2142,19,,,0
200,'5014',633,,2144,19,,,0,109,,2145,19,,,0,67,,2158,19,,,0,28,,2146,19,,,0,18,,2148,19,,,0,147,,2147,19,,,0,110,,2150,19,,,0,107,,2149,19,,,0,106,,2151,19,,,0,205,,2153,19,,,0,87,,2154,19,,,0,34,,2152,19,,,0,74,,2159,19,,,0,234,,2155,19,,,0,149,,2156,19,,,0,101,,2157,19,,,0
200,'5210',812,,2172,19,,,0,100,,2173,19,,,0,102,,2171,19,,,0,106,,2162,19,,,0,101,,2166,19,,,0,100,,2164,19,,,0,101,,2169,19,,,0,100,,2163,19,,,0,100,,2168,19,,,0,100,,2174,19,,,0,99,,2165,19,,,0,100,,2170,19,,,0,99,,2167,19,,,0,105,,2177,19,,,0,99,,2176,19,,,0,103,,2175,19,,,0
200,'5222',1850,,2160,19,,,0,469,,2161,19,,,0
200,'5261',1430,,2178,19,,,0,370,,2179,19,,,0
200,'5262',1430,,2180,19,,,0,370,,2181,19,,,0
400,'4623',1636,,2298,11,,,0
400,'5014',742,,2299,11,,,0,80,,2300,11,,,0,37,,2301,11,,,0,599,,2302,11,,,0,258,,2303,11,,,0
400,'5222',1636,,2304,11,,,0
900,'5014',802,,2467,20,,,0,105,,2469,20,,,0,100,,2468,20,,,0,100,,2471,20,,,0,120,,2470,20,,,0,80,,2473,20,,,0,100,,2472,20,,,0,101,,2474,20,,,0,125,,2476,20,,,0,100,,2475,20,,,0,89,,2477,20,,,0,105,,2478,20,,,0,113,,2479,20,,,0
