201,'4623',1821,,908,26,,,0,427,,909,26,,,0,204,,910,26,,,0
201,'5014',605,,911,4,,,0,105,,912,26,,,0,31,,925,26,,,0,67,,913,26,,,0,18,,914,26,,,0,108,,915,26,,,0,110,,917,26,,,0,106,,916,26,,,0,106,,918,26,,,0,245,,919,26,,,0,47,,921,26,,,0,74,,920,26,,,0,34,,926,26,,,0,274,,922,26,,,0,105,,923,26,,,0,103,,924,26,,,0
201,'5222',1821,,927,26,,,0,427,,928,26,,,0
201,'5227',721,,941,26,,,0,127,,935,26,,,0,101,,936,26,,,0,100,,937,26,,,0,101,,938,26,,,0,100,,939,26,,,0,101,,940,26,,,0,100,,929,26,,,0,100,,930,26,,,0,100,,946,26,,,0,99,,931,26,,,0,100,,932,26,,,0,99,,933,26,,,0,100,,934,26,,,0,100,,944,26,,,0,99,,942,26,,,0,154,,943,26,,,0,99,,945,26,,,0
201,'5228',743,,957,26,,,0,100,,958,26,,,0,101,,956,26,,,0,105,,949,26,,,0,101,,950,26,,,0,100,,948,26,,,0,101,,952,26,,,0,100,,947,26,,,0,100,,953,26,,,0,100,,959,26,,,0,99,,954,26,,,0,100,,955,26,,,0,99,,951,26,,,0,105,,961,26,,,0,99,,962,26,,,0,105,,960,26,,,0
201,'5256',605,,963,4,,,0,105,,964,26,,,0,31,,977,26,,,0,67,,965,26,,,0,18,,966,26,,,0,108,,967,26,,,0,110,,969,26,,,0,106,,968,26,,,0,106,,970,26,,,0,245,,971,26,,,0,47,,973,26,,,0,74,,972,26,,,0,34,,978,26,,,0,274,,974,26,,,0,105,,975,26,,,0,103,,976,26,,,0
201,'5257',1821,,979,26,,,0,427,,980,26,,,0
201,'5258',1401,,981,26,,,0,330,,982,26,,,0
201,'5259',1401,,983,26,,,0,330,,984,26,,,0
201,'5260',1821,,985,26,,,0,427,,986,26,,,0,204,,987,26,,,0
201,'5261',1401,,988,26,,,0,330,,989,26,,,0
201,'5262',1401,,990,26,,,0,330,,991,26,,,0
