100,'4623',1730,,647,11,,,0,212,,651,11,,,0,197,,648,11,,,0,269,,649,11,,,0,124,,650,11,0,5 6,0
100,'5014',625,,652,11,,,0,92,,653,11,,,0,25,,665,11,,,0,81,,654,11,,,0,110,,655,11,,,0,99,,656,11,,,0,101,,657,10,,,0,110,,659,11,,,0,110,,658,11,,,0,70,,660,11,,,0,181,,667,11,,,0,47,,661,11,,,0,159,,666,11,,,0,49,,662,11,,,0,162,,663,11,,,0,238,,664,11,,,0
100,'5222',1730,,668,11,,,0,212,,671,11,,,0,197,,669,11,,,0,269,,670,11,,,0
100,'5227',723,,679,11,,,0,100,,674,11,,,0,102,,675,11,,,0,101,,676,11,,,0,100,,677,11,,,0,101,,678,11,,,0,102,,672,11,,,0,100,,673,11,,,0,100,,684,11,,,0,100,,685,11,,,0,100,,689,11,,,0,99,,686,11,,,0,109,,687,11,,,0,99,,688,11,,,0,104,,681,11,,,0,110,,683,11,,,0,154,,680,11,,,0,54,,682,11,0,5 6,0
100,'5228',819,,701,11,,,0,107,,700,11,,,0,101,,698,11,,,0,100,,690,11,,,0,102,,696,11,,,0,100,,691,11,,,0,100,,697,11,,,0,100,,692,11,,,0,100,,694,11,,,0,100,,702,11,,,0,99,,693,11,,,0,109,,695,11,,,0,99,,699,11,,,0,100,,704,11,,,0,105,,703,11,,,0
100,'5256',625,,705,11,,,0,92,,706,11,,,0,25,,719,11,,,0,81,,707,11,,,0,110,,708,11,,,0,99,,709,11,,,0,101,,710,10,,,0,110,,712,11,,,0,110,,711,11,,,0,70,,713,11,,,0,97,,715,11,,,0,84,,721,11,,,0,47,,714,11,,,0,159,,720,11,,,0,49,,716,11,,,0,162,,717,11,,,0,238,,718,11,,,0
100,'5257',1730,,722,11,,,0,212,,725,11,,,0,197,,723,11,,,0,269,,724,11,,,0
100,'5258',1524,,726,11,,,0
100,'5259',1524,,727,11,,,0
100,'5260',1730,,728,11,,,0,212,,732,11,,,0,197,,729,11,,,0,269,,730,11,,,0,124,,731,11,0,5 6,0
100,'5261',1524,,733,11,,,0
100,'5262',1524,,734,11,,,0
