201,'4623',1826,,908,31,,,0,431,,909,35,,,0,244,,910,35,,,0
201,'5014',610,,911,9,,,0,109,,912,35,,,0,27,,925,31,,,0,67,,913,31,,,0,18,,914,31,,,0,108,,915,31,,,0,110,,917,31,,,0,106,,916,31,,,0,146,,918,31,,,0,205,,919,31,,,0,47,,921,31,,,0,74,,920,31,,,0,74,,926,31,,,0,234,,922,31,,,0,109,,923,35,,,0,103,,924,35,,,0
201,'5222',1826,,927,31,,,0,431,,928,35,,,0
201,'5227',726,,941,31,,,0,131,,935,35,,,0,101,,936,35,,,0,100,,937,35,,,0,101,,938,35,,,0,100,,939,35,,,0,141,,940,35,,,0,100,,929,35,,,0,100,,930,35,,,0,100,,946,35,,,0,59,,931,35,,,0,100,,932,35,,,0,99,,933,35,,,0,100,,934,35,,,0,100,,944,35,,,0,99,,942,35,,,0,154,,943,35,,,0,99,,945,35,,,0
201,'5228',752,,957,35,,,0,100,,958,35,,,0,101,,956,35,,,0,105,,949,35,,,0,101,,950,35,,,0,100,,948,35,,,0,141,,952,35,,,0,100,,947,35,,,0,100,,953,35,,,0,100,,959,35,,,0,59,,954,35,,,0,100,,955,35,,,0,99,,951,35,,,0,145,,961,35,,,0,99,,962,35,,,0,105,,960,35,,,0
201,'5256',610,,963,9,,,0,109,,964,35,,,0,27,,977,31,,,0,67,,965,31,,,0,18,,966,31,,,0,108,,967,31,,,0,110,,969,31,,,0,106,,968,31,,,0,146,,970,31,,,0,205,,971,31,,,0,47,,973,31,,,0,74,,972,31,,,0,74,,978,31,,,0,234,,974,31,,,0,109,,975,35,,,0,103,,976,35,,,0
201,'5257',1826,,979,31,,,0,431,,980,35,,,0
201,'5258',1406,,981,31,,,0,330,,982,31,,,0
201,'5259',1406,,983,31,,,0,330,,984,31,,,0
201,'5260',1826,,985,31,,,0,431,,986,35,,,0,244,,987,35,,,0
201,'5261',1406,,988,31,,,0,330,,989,31,,,0
201,'5262',1406,,990,31,,,0,330,,991,31,,,0
