101,'4480',700,,1481,29,,,0,25,,1495,29,,,0,80,,1482,29,,,0,112,,1483,29,,,0,99,,1484,29,,,0,101,,1485,29,,,0,109,,1486,29,,,0,110,,1487,29,,,0,70,,1488,29,,,0,98,,1491,9,,,0,42,,1497,29,,,0,88,,1489,29,,,0,119,,1496,29,,,0,89,,1492,29,,,0,163,,1493,29,,,0,238,,1494,29,,,0
101,'4532',708,,2074,29,,,0,100,,2069,29,,,0,102,,2070,29,,,0,100,,2071,29,,,0,100,,2072,29,,,0,101,,2073,29,,,0,101,,2063,29,,,0,100,,2067,29,,,0,100,,2066,29,,,0,101,,2065,29,,,0,100,,2080,29,,,0,99,,2064,29,,,0,109,,2068,29,,,0,99,,2075,29,,,0,104,,2077,29,,,0,110,,2076,29,,,0,114,,2078,29,,,0,94,,2079,29,,,0
101,'4623',1713,,2081,29,,,0,213,,2085,29,,,0,197,,2082,29,,,0,229,,2083,29,,,0,164,,2084,6,,,0
101,'4661',1713,,1498,29,,,0,213,,1501,29,,,0,197,,1499,29,,,0,229,,1500,29,,,0
101,'4663',1713,,1504,29,,,0,213,,1508,29,,,0,197,,1505,29,,,0,229,,1506,29,,,0,164,,1507,6,,,0
101,'5014',700,,2087,29,,,0,25,,2099,29,,,0,80,,2088,29,,,0,112,,2089,29,,,0,99,,2090,29,,,0,101,,2091,29,,,0,109,,2092,29,,,0,110,,2093,29,,,0,70,,2094,29,,,0,140,,2101,29,,,0,88,,2095,29,,,0,119,,2100,29,,,0,89,,2096,29,,,0,163,,2097,29,,,0,238,,2098,29,,,0
101,'5173',1506,,1502,29,,,0
101,'5222',1713,,2102,29,,,0,213,,2105,29,,,0,197,,2103,29,,,0,229,,2104,29,,,0
101,'5228',804,,2116,29,,,0,107,,2118,29,,,0,100,,2114,29,,,0,100,,2106,29,,,0,102,,2110,29,,,0,99,,2108,29,,,0,100,,2112,29,,,0,100,,2107,29,,,0,101,,2111,29,,,0,100,,2117,29,,,0,99,,2109,29,,,0,109,,2113,29,,,0,99,,2115,29,,,0,100,,2119,29,,,0,105,,2120,29,,,0
101,'5259',1506,,1503,29,,,0
101,'5261',1506,,2121,29,,,0
101,'5262',1506,,2122,29,,,0
