101,'4480',701,,1481,30,,,0,25,,1495,30,,,0,80,,1482,30,,,0,112,,1483,30,,,0,99,,1484,30,,,0,101,,1485,30,,,0,109,,1486,30,,,0,110,,1487,30,,,0,70,,1488,30,,,0,98,,1491,10,,,0,42,,1497,30,,,0,88,,1489,30,,,0,119,,1496,30,,,0,89,,1492,30,,,0,163,,1493,30,,,0,238,,1494,30,,,0
101,'4532',709,,2074,30,,,0,100,,2069,30,,,0,102,,2070,30,,,0,100,,2071,30,,,0,100,,2072,30,,,0,101,,2073,30,,,0,101,,2063,30,,,0,100,,2067,30,,,0,100,,2066,30,,,0,101,,2065,30,,,0,100,,2080,30,,,0,99,,2064,30,,,0,109,,2068,30,,,0,99,,2075,30,,,0,104,,2077,30,,,0,110,,2076,30,,,0,114,,2078,30,,,0,94,,2079,30,,,0
101,'4623',1714,,2081,30,,,0,213,,2085,30,,,0,197,,2082,30,,,0,229,,2083,30,,,0,164,,2084,7,,,0
101,'4661',1714,,1498,30,,,0,213,,1501,30,,,0,197,,1499,30,,,0,229,,1500,30,,,0
101,'4663',1714,,1504,30,,,0,213,,1508,30,,,0,197,,1505,30,,,0,229,,1506,30,,,0,164,,1507,7,,,0
101,'5014',701,,2087,30,,,0,25,,2099,30,,,0,80,,2088,30,,,0,112,,2089,30,,,0,99,,2090,30,,,0,101,,2091,30,,,0,109,,2092,30,,,0,110,,2093,30,,,0,70,,2094,30,,,0,140,,2101,30,,,0,88,,2095,30,,,0,119,,2100,30,,,0,89,,2096,30,,,0,163,,2097,30,,,0,238,,2098,30,,,0
101,'5173',1507,,1502,30,,,0
101,'5222',1714,,2102,30,,,0,213,,2105,30,,,0,197,,2103,30,,,0,229,,2104,30,,,0
101,'5228',805,,2116,30,,,0,107,,2118,30,,,0,100,,2114,30,,,0,100,,2106,30,,,0,102,,2110,30,,,0,99,,2108,30,,,0,100,,2112,30,,,0,100,,2107,30,,,0,101,,2111,30,,,0,100,,2117,30,,,0,99,,2109,30,,,0,109,,2113,30,,,0,99,,2115,30,,,0,100,,2119,30,,,0,105,,2120,30,,,0
101,'5259',1507,,1503,30,,,0
101,'5261',1507,,2121,30,,,0
101,'5262',1507,,2122,30,,,0
