201,'4623',1826,,908,32,,,0,431,,909,36,,,0,244,,910,36,,,0
201,'5014',610,,911,10,,,0,109,,912,36,,,0,27,,925,32,,,0,67,,913,32,,,0,18,,914,32,,,0,108,,915,32,,,0,110,,917,32,,,0,106,,916,32,,,0,146,,918,32,,,0,205,,919,32,,,0,47,,921,32,,,0,74,,920,32,,,0,74,,926,32,,,0,234,,922,32,,,0,109,,923,36,,,0,103,,924,36,,,0
201,'5222',1826,,927,32,,,0,431,,928,36,,,0
201,'5227',726,,941,32,,,0,131,,935,36,,,0,101,,936,36,,,0,100,,937,36,,,0,101,,938,36,,,0,100,,939,36,,,0,141,,940,36,,,0,100,,929,36,,,0,100,,930,36,,,0,100,,946,36,,,0,59,,931,36,,,0,100,,932,36,,,0,99,,933,36,,,0,100,,934,36,,,0,100,,944,36,,,0,99,,942,36,,,0,154,,943,36,,,0,99,,945,36,,,0
201,'5228',752,,957,36,,,0,100,,958,36,,,0,101,,956,36,,,0,105,,949,36,,,0,101,,950,36,,,0,100,,948,36,,,0,141,,952,36,,,0,100,,947,36,,,0,100,,953,36,,,0,100,,959,36,,,0,59,,954,36,,,0,100,,955,36,,,0,99,,951,36,,,0,145,,961,36,,,0,99,,962,36,,,0,105,,960,36,,,0
201,'5256',610,,963,10,,,0,109,,964,36,,,0,27,,977,32,,,0,67,,965,32,,,0,18,,966,32,,,0,108,,967,32,,,0,110,,969,32,,,0,106,,968,32,,,0,146,,970,32,,,0,205,,971,32,,,0,47,,973,32,,,0,74,,972,32,,,0,74,,978,32,,,0,234,,974,32,,,0,109,,975,36,,,0,103,,976,36,,,0
201,'5257',1826,,979,32,,,0,431,,980,36,,,0
201,'5258',1406,,981,32,,,0,330,,982,32,,,0
201,'5259',1406,,983,32,,,0,330,,984,32,,,0
201,'5260',1826,,985,32,,,0,431,,986,36,,,0,244,,987,36,,,0
201,'5261',1406,,988,32,,,0,330,,989,32,,,0
201,'5262',1406,,990,32,,,0,330,,991,32,,,0
