301,'4532',643,,2256,5,0,9,0,160,,2249,5,0,9,0,100,,2250,5,0,9,0,100,,2253,5,0,9,0,101,,2251,5,0,9,0,100,,2248,5,0,9,0,100,,2254,5,0,9,0,100,,2245,5,0,9,0,100,,2244,5,0,9,0,100,,2246,5,0,9,0,100,,2242,5,0,9,0,100,,2247,5,0,9,0,100,,2241,5,0,9,0,99,,2243,5,0,9,0,100,,2252,5,0,9,0,100,,2257,5,0,9,0,115,,2255,5,0,9,0
301,'4623',2208,,2258,5,0,9,0
301,'5014',618,,2259,5,0,9,0,30,,2260,5,0,9,0,70,,2261,5,0,9,0,38,,2263,5,0,9,0,65,,2262,5,0,9,0,102,,2265,5,0,9,0,80,,2264,5,0,9,0,101,,2267,5,0,9,0,50,,2266,5,0,9,0,90,,2271,5,0,9,0,100,,2269,5,0,9,0,80,,2268,5,0,9,0,34,,2270,5,0,9,0,72,,2273,5,0,9,0,179,,2274,5,0,9,0,45,,2272,5,0,9,0,85,,2275,5,0,9,0,95,,2276,5,0,9,0,119,,2277,5,0,9,0,271,,2278,5,0,9,0
301,'5210',723,,2291,5,0,9,0,135,,2289,5,0,9,0,100,,2281,5,0,9,0,146,,2284,5,0,9,0,100,,2280,5,0,9,0,100,,2282,5,0,9,0,100,,2285,5,0,9,0,100,,2283,5,0,9,0,100,,2286,5,0,9,0,100,,2288,5,0,9,0,100,,2287,5,0,9,0,100,,2290,5,0,9,0,104,,2292,5,0,9,0,100,,2293,5,0,9,0
301,'5222',2208,,2279,5,0,9,0
301,'5261',1559,,2295,5,0,9,0,75,,2294,5,0,9,0
301,'5262',1559,,2297,5,0,9,0,75,,2296,5,0,9,0
401,'4623',1614,,2305,5,,,0
401,'5014',801,,2307,5,,,0,37,,2306,5,,,0,599,,2308,5,,,0,217,,2309,5,,,0
401,'5222',1614,,2310,5,,,0
501,'4532',753,,2389,5,,,0,75,,2390,5,,,0,82,,2391,6,,,0,33,,2392,5,,,0,88,,2393,6,,,0,73,,2394,5,,,0,42,,2395,6,,,0,73,,2396,5,,,0,87,,2397,6,,,0,33,,2398,5,,,0,82,,2399,6,,,0,33,,2400,5,,,0,87,,2401,6,,,0,73,,2402,5,,,0,42,,2403,6,,,0,73,,2404,5,,,0,86,,2405,6,,,0,34,,2406,5,,,0,81,,2407,6,,,0,73,,2408,5,,,0,42,,2409,6,,,0,73,,2410,5,,,0,86,,2411,6,,,0,29,,2412,5,,,0,82,,2413,6,,,0
501,'5014',713,,2414,5,,,0,42,,2415,6,,,0,73,,2416,5,,,0,82,,2417,6,,,0,33,,2418,5,,,0,88,,2419,6,,,0,73,,2420,5,,,0,42,,2421,6,,,0,73,,2422,5,,,0,87,,2423,6,,,0,33,,2424,5,,,0,82,,2425,6,,,0,33,,2426,5,,,0,87,,2427,6,,,0,73,,2428,5,,,0,42,,2430,6,,,0,73,,2429,5,,,0,86,,2431,6,,,0
501,'5210',753,,2443,5,,,0,75,,2444,5,,,0,82,,2445,6,,,0,33,,2446,5,,,0,88,,2447,6,,,0,73,,2448,5,,,0,42,,2449,6,,,0,73,,2450,5,,,0,87,,2451,6,,,0,33,,2452,5,,,0,82,,2453,6,,,0,33,,2442,5,,,0,87,,2432,6,,,0,73,,2433,5,,,0,42,,2434,6,,,0,73,,2435,5,,,0,86,,2439,6,,,0,34,,2436,5,,,0,81,,2437,6,,,0,73,,2438,5,,,0,42,,2440,6,,,0,73,,2441,5,,,0
501,'5261',1849,,2454,5,,,0,81,,2455,6,,,0,73,,2456,5,,,0,42,,2457,6,,,0,73,,2458,5,,,0
501,'5262',1849,,2459,5,,,0,81,,2460,6,,,0,73,,2461,5,,,0,42,,2463,6,,,0,73,,2464,5,,,0,86,,2462,6,,,0,29,,2466,5,,,0,82,,2465,6,,,0
