301,'4480',622,,1676,8,0,9,0,30,,1677,8,0,9,0,70,,1678,8,0,9,0,78,,1680,8,0,9,0,25,,1679,8,0,9,0,102,,1682,8,0,9,0,80,,1681,8,0,9,0,101,,1684,8,0,9,0,50,,1683,8,0,9,0,90,,1688,8,0,9,0,100,,1686,8,0,9,0,80,,1685,8,0,9,0,74,,1687,8,0,9,0,32,,1690,8,0,9,0,179,,1691,8,0,9,0,45,,1689,8,0,9,0,85,,1692,8,0,9,0,95,,1693,8,0,9,0,119,,1694,8,0,9,0,271,,1695,8,0,9,0
301,'4532',647,,2256,8,0,9,0,160,,2249,8,0,9,0,100,,2250,8,0,9,0,100,,2253,8,0,9,0,101,,2251,8,0,9,0,100,,2248,8,0,9,0,100,,2254,8,0,9,0,100,,2245,8,0,9,0,100,,2244,8,0,9,0,100,,2246,8,0,9,0,100,,2242,8,0,9,0,100,,2247,8,0,9,0,100,,2241,8,0,9,0,99,,2243,8,0,9,0,100,,2252,8,0,9,0,100,,2257,8,0,9,0,115,,2255,8,0,9,0
301,'4623',2212,,2258,8,0,9,0
301,'4661',2212,,1696,8,0,9,0
301,'4663',2212,,1701,8,0,9,0
301,'5014',622,,2259,8,0,9,0,30,,2260,8,0,9,0,70,,2261,8,0,9,0,78,,2263,8,0,9,0,25,,2262,8,0,9,0,102,,2265,8,0,9,0,80,,2264,8,0,9,0,101,,2267,8,0,9,0,50,,2266,8,0,9,0,90,,2271,8,0,9,0,100,,2269,8,0,9,0,80,,2268,8,0,9,0,74,,2270,8,0,9,0,32,,2273,8,0,9,0,179,,2274,8,0,9,0,45,,2272,8,0,9,0,85,,2275,8,0,9,0,95,,2276,8,0,9,0,119,,2277,8,0,9,0,271,,2278,8,0,9,0
301,'5173',1603,,1698,8,0,9,0,35,,1697,8,0,9,0
301,'5222',2212,,2279,8,0,9,0
301,'5228',727,,2291,8,0,9,0,175,,2289,8,0,9,0,100,,2281,8,0,9,0,106,,2284,8,0,9,0,100,,2280,8,0,9,0,100,,2282,8,0,9,0,100,,2285,8,0,9,0,100,,2283,8,0,9,0,100,,2286,8,0,9,0,100,,2288,8,0,9,0,100,,2287,8,0,9,0,100,,2290,8,0,9,0,104,,2292,8,0,9,0,100,,2293,8,0,9,0
301,'5259',1603,,1700,8,0,9,0,35,,1699,8,0,9,0
301,'5261',1603,,2295,8,0,9,0,35,,2294,8,0,9,0
301,'5262',1603,,2297,8,0,9,0,35,,2296,8,0,9,0
