301,'4480',630,,1676,22,,,0,70,,1677,22,,,0,30,,1678,22,,,0,79,,1680,22,,,0,27,,1679,22,,,0,101,,1682,22,,,0,80,,1681,22,,,0,101,,1684,22,,,0,90,,1683,22,,,0,50,,1688,22,,,0,100,,1686,22,,,0,80,,1685,22,,,0,75,,1687,22,,,0,32,,1690,22,,,0,178,,1691,22,,,0,85,,1689,22,,,0,44,,1692,22,,,0,95,,1693,22,,,0,158,,1694,22,,,0,231,,1695,22,,,0
301,'4532',655,,2256,22,,,0,161,,2249,22,,,0,100,,2250,22,,,0,101,,2253,22,,,0,101,,2251,22,,,0,100,,2248,22,,,0,100,,2254,22,,,0,100,,2245,22,,,0,100,,2244,22,,,0,100,,2246,22,,,0,100,,2242,22,,,0,98,,2247,22,,,0,100,,2241,22,,,0,99,,2243,22,,,0,100,,2252,22,,,0,100,,2257,22,,,0,115,,2255,22,,,0
301,'4623',2220,,2258,22,,,0
301,'4661',2220,,1696,22,,,0
301,'4663',2220,,1701,22,,,0
301,'5014',630,,2259,22,,,0,70,,2260,22,,,0,30,,2261,22,,,0,79,,2263,22,,,0,27,,2262,22,,,0,101,,2265,22,,,0,80,,2264,22,,,0,101,,2267,22,,,0,90,,2266,22,,,0,50,,2271,22,,,0,100,,2269,22,,,0,80,,2268,22,,,0,75,,2270,22,,,0,32,,2273,22,,,0,178,,2274,22,,,0,85,,2272,22,,,0,44,,2275,22,,,0,95,,2276,22,,,0,158,,2277,22,,,0,231,,2278,22,,,0
301,'5173',1613,,1698,22,,,0,35,,1697,22,,,0
301,'5222',2220,,2279,22,,,0
301,'5228',735,,2291,22,,,0,176,,2289,22,,,0,101,,2281,22,,,0,106,,2284,22,,,0,100,,2280,22,,,0,100,,2282,22,,,0,100,,2285,22,,,0,100,,2283,22,,,0,100,,2286,22,,,0,100,,2288,22,,,0,98,,2287,22,,,0,100,,2290,22,,,0,104,,2292,22,,,0,100,,2293,22,,,0
301,'5259',1613,,1700,22,,,0,35,,1699,22,,,0
301,'5261',1613,,2295,22,,,0,35,,2294,22,,,0
301,'5262',1613,,2297,22,,,0,35,,2296,22,,,0
