101,'4623',1709,,735,24,,,0,213,,739,24,,,0,197,,736,24,,,0,229,,737,24,,,0,165,,738,1,,,0
101,'5014',657,,741,24,,,0,64,,753,24,,,0,80,,742,24,,,0,112,,743,24,,,0,99,,744,24,,,0,101,,745,24,,,0,109,,746,24,,,0,110,,747,24,,,0,70,,748,24,,,0,140,,755,24,,,0,88,,749,24,,,0,119,,754,24,,,0,89,,750,24,,,0,163,,751,24,,,0,238,,752,24,,,0
101,'5222',1709,,756,24,,,0,213,,759,24,,,0,197,,757,24,,,0,229,,758,24,,,0
101,'5227',705,,771,24,,,0,100,,766,24,,,0,102,,767,24,,,0,100,,768,24,,,0,100,,769,24,,,0,101,,770,24,,,0,100,,760,24,,,0,100,,764,24,,,0,100,,763,24,,,0,101,,762,24,,,0,100,,777,24,,,0,99,,761,24,,,0,109,,765,24,,,0,99,,772,24,,,0,104,,774,24,,,0,110,,773,24,,,0,114,,775,24,,,0,95,,776,24,,,0
101,'5228',801,,788,24,,,0,107,,790,24,,,0,100,,786,24,,,0,100,,778,24,,,0,102,,782,24,,,0,98,,780,24,,,0,100,,784,24,,,0,100,,779,24,,,0,101,,783,24,,,0,100,,789,24,,,0,99,,781,24,,,0,109,,785,24,,,0,99,,787,24,,,0,100,,791,24,,,0,105,,792,24,,,0
101,'5256',657,,794,24,,,0,64,,808,24,,,0,80,,795,24,,,0,112,,796,24,,,0,99,,797,24,,,0,101,,798,24,,,0,109,,799,24,,,0,110,,800,24,,,0,70,,801,24,,,0,98,,804,4,,,0,33,,803,24,4,,0,9,,810,24,,,0,88,,802,24,,,0,119,,809,24,,,0,89,,805,24,,,0,163,,806,24,,,0,238,,807,24,,,0
101,'5257',1709,,811,24,,,0,213,,814,24,,,0,197,,812,24,,,0,229,,813,24,,,0
101,'5258',1502,,815,24,,,0
101,'5259',1502,,816,24,,,0
101,'5260',1709,,817,24,,,0,213,,821,24,,,0,197,,818,24,,,0,229,,819,24,,,0,165,,820,1,,,0
101,'5261',1502,,822,24,,,0
101,'5262',1502,,823,24,,,0
200,'4623',2513,,826,8,4,,0
200,'5260',2513,,903,8,4,,0
401,'4623',1624,,1090,11,,,0
401,'5014',811,,1092,11,,,0,37,,1091,11,,,0,599,,1093,11,,,0,257,,1094,11,,,0
401,'5222',1624,,1095,11,,,0
401,'5256',811,,1097,11,,,0,37,,1096,11,,,0,599,,1098,11,,,0,257,,1099,11,,,0
401,'5257',1624,,1100,11,,,0
401,'5260',1624,,1101,11,,,0
900,'5014',752,,1320,10,,,0,105,,1322,10,,,0,100,,1321,10,,,0,100,,1324,10,,,0,160,,1323,10,,,0,40,,1326,10,,,0,100,,1325,10,,,0,100,,1327,10,,,0,165,,1329,10,,,0,100,,1328,10,,,0,90,,1330,10,,,0,106,,1331,10,,,0,113,,1332,10,,,0
900,'5256',752,,1333,10,,,0,105,,1335,10,,,0,100,,1334,10,,,0,100,,1337,10,,,0,160,,1336,10,,,0,40,,1339,10,,,0,100,,1338,10,,,0,100,,1340,10,,,0,165,,1342,10,,,0,100,,1341,10,,,0,90,,1343,10,,,0,106,,1344,10,,,0,113,,1345,10,,,0
