301,'4480',624,,1676,11,0,9,0,30,,1677,11,0,9,0,70,,1678,11,0,9,0,78,,1680,11,0,9,0,25,,1679,11,0,9,0,102,,1682,11,0,9,0,80,,1681,11,0,9,0,101,,1684,11,0,9,0,90,,1683,11,0,9,0,50,,1688,11,0,9,0,100,,1686,11,0,9,0,80,,1685,11,0,9,0,74,,1687,11,0,9,0,32,,1690,11,0,9,0,179,,1691,11,0,9,0,85,,1689,11,0,9,0,45,,1692,11,0,9,0,95,,1693,11,0,9,0,119,,1694,11,0,9,0,271,,1695,11,0,9,0
301,'4532',649,,2256,11,0,9,0,160,,2249,11,0,9,0,100,,2250,11,0,9,0,100,,2253,11,0,9,0,101,,2251,11,0,9,0,100,,2248,11,0,9,0,100,,2254,11,0,9,0,100,,2245,11,0,9,0,100,,2244,11,0,9,0,100,,2246,11,0,9,0,100,,2242,11,0,9,0,100,,2247,11,0,9,0,100,,2241,11,0,9,0,99,,2243,11,0,9,0,100,,2252,11,0,9,0,100,,2257,11,0,9,0,115,,2255,11,0,9,0
301,'4623',2214,,2258,11,0,9,0
301,'4661',2214,,1696,11,0,9,0
301,'4663',2214,,1701,11,0,9,0
301,'5014',624,,2259,11,0,9,0,30,,2260,11,0,9,0,70,,2261,11,0,9,0,78,,2263,11,0,9,0,25,,2262,11,0,9,0,102,,2265,11,0,9,0,80,,2264,11,0,9,0,101,,2267,11,0,9,0,90,,2266,11,0,9,0,50,,2271,11,0,9,0,100,,2269,11,0,9,0,80,,2268,11,0,9,0,74,,2270,11,0,9,0,32,,2273,11,0,9,0,179,,2274,11,0,9,0,85,,2272,11,0,9,0,45,,2275,11,0,9,0,95,,2276,11,0,9,0,119,,2277,11,0,9,0,271,,2278,11,0,9,0
301,'5173',1605,,1698,11,0,9,0,35,,1697,11,0,9,0
301,'5222',2214,,2279,11,0,9,0
301,'5228',729,,2291,11,0,9,0,175,,2289,11,0,9,0,100,,2281,11,0,9,0,106,,2284,11,0,9,0,100,,2280,11,0,9,0,100,,2282,11,0,9,0,100,,2285,11,0,9,0,100,,2283,11,0,9,0,100,,2286,11,0,9,0,100,,2288,11,0,9,0,100,,2287,11,0,9,0,100,,2290,11,0,9,0,104,,2292,11,0,9,0,100,,2293,11,0,9,0
301,'5259',1605,,1700,11,0,9,0,35,,1699,11,0,9,0
301,'5261',1605,,2295,11,0,9,0,35,,2294,11,0,9,0
301,'5262',1605,,2297,11,0,9,0,35,,2296,11,0,9,0
