100,'4623',1731,,647,12,,,0,212,,651,12,,,0,197,,648,12,,,0,269,,649,12,,,0,124,,650,12,0,5 6,0
100,'5014',626,,652,12,,,0,92,,653,12,,,0,25,,665,12,,,0,81,,654,12,,,0,110,,655,12,,,0,99,,656,12,,,0,101,,657,11,,,0,110,,659,12,,,0,110,,658,12,,,0,70,,660,12,,,0,181,,667,12,,,0,47,,661,12,,,0,159,,666,12,,,0,89,,662,12,,,0,122,,663,12,,,0,278,,664,12,,,0
100,'5222',1731,,668,12,,,0,212,,671,12,,,0,197,,669,12,,,0,269,,670,12,,,0
100,'5227',724,,679,12,,,0,100,,674,12,,,0,102,,675,12,,,0,101,,676,12,,,0,100,,677,12,,,0,101,,678,12,,,0,102,,672,12,,,0,100,,673,12,,,0,100,,684,12,,,0,100,,685,12,,,0,100,,689,12,,,0,99,,686,12,,,0,109,,687,12,,,0,99,,688,12,,,0,104,,681,12,,,0,110,,683,12,,,0,154,,680,12,,,0,54,,682,12,0,5 6,0
100,'5228',820,,701,12,,,0,107,,700,12,,,0,101,,698,12,,,0,100,,690,12,,,0,102,,696,12,,,0,100,,691,12,,,0,100,,697,12,,,0,100,,692,12,,,0,100,,694,12,,,0,100,,702,12,,,0,99,,693,12,,,0,109,,695,12,,,0,99,,699,12,,,0,100,,704,12,,,0,105,,703,12,,,0
100,'5256',626,,705,12,,,0,92,,706,12,,,0,25,,719,12,,,0,81,,707,12,,,0,110,,708,12,,,0,99,,709,12,,,0,101,,710,11,,,0,110,,712,12,,,0,110,,711,12,,,0,70,,713,12,,,0,97,,715,12,,,0,84,,721,12,,,0,47,,714,12,,,0,159,,720,12,,,0,89,,716,12,,,0,122,,717,12,,,0,278,,718,12,,,0
100,'5257',1731,,722,12,,,0,212,,725,12,,,0,197,,723,12,,,0,269,,724,12,,,0
100,'5258',1525,,726,12,,,0
100,'5259',1525,,727,12,,,0
100,'5260',1731,,728,12,,,0,212,,732,12,,,0,197,,729,12,,,0,269,,730,12,,,0,124,,731,12,0,5 6,0
100,'5261',1525,,733,12,,,0
100,'5262',1525,,734,12,,,0
400,'4623',1631,,1075,6,,,0
400,'5014',738,,1076,6,,,0,80,,1077,6,,,0,37,,1078,6,,,0,599,,1079,6,,,0,257,,1080,6,,,0
400,'5222',1631,,1081,6,,,0
400,'5256',738,,1082,6,,,0,80,,1083,6,,,0,37,,1084,6,,,0,599,,1085,6,,,0,97,,1087,6,,,0,160,,1086,6,,,0
400,'5257',1631,,1088,6,,,0
400,'5260',1631,,1089,6,,,0
901,'5014',737,,1346,24,,,0,104,,1347,24,,,0,101,,1348,24,,,0,100,,1349,24,,,0,101,,1350,24,,,0,98,,1351,24,,,0,100,,1352,24,,,0,100,,1353,24,,,0,164,,1354,24,,,0,100,,1355,24,,,0,51,,1356,24,,,0,147,,1357,24,,,0,113,,1358,24,,,0
901,'5256',737,,1359,24,,,0,104,,1360,24,,,0,101,,1361,24,,,0,100,,1362,24,,,0,101,,1363,24,,,0,98,,1364,24,,,0,100,,1365,24,,,0,100,,1366,24,,,0,164,,1367,24,,,0,100,,1368,24,,,0,51,,1369,24,,,0,147,,1370,24,,,0,113,,1371,24,,,0
