201,'4623',1818,,908,22,,,0,427,,909,22,,,0,204,,910,22,,,0
201,'5014',707,,912,22,,,0,31,,925,22,,,0,67,,913,22,,,0,18,,914,22,,,0,108,,915,22,,,0,110,,917,22,,,0,106,,916,22,,,0,106,,918,22,,,0,205,,919,22,,,0,87,,921,22,,,0,74,,920,22,,,0,34,,926,22,,,0,274,,922,22,,,0,105,,923,22,,,0,103,,924,22,,,0
201,'5222',1818,,927,22,,,0,427,,928,22,,,0
201,'5227',718,,941,22,,,0,127,,935,22,,,0,101,,936,22,,,0,100,,937,22,,,0,101,,938,22,,,0,100,,939,22,,,0,101,,940,22,,,0,100,,929,22,,,0,100,,930,22,,,0,100,,946,22,,,0,99,,931,22,,,0,100,,932,22,,,0,99,,933,22,,,0,100,,934,22,,,0,100,,944,22,,,0,99,,942,22,,,0,114,,943,22,,,0,99,,945,22,,,0
201,'5228',740,,957,22,,,0,100,,958,22,,,0,101,,956,22,,,0,105,,949,22,,,0,101,,950,22,,,0,100,,948,22,,,0,101,,952,22,,,0,100,,947,22,,,0,100,,953,22,,,0,100,,959,22,,,0,99,,954,22,,,0,100,,955,22,,,0,99,,951,22,,,0,105,,961,22,,,0,99,,962,22,,,0,105,,960,22,,,0
201,'5256',707,,964,22,,,0,31,,977,22,,,0,67,,965,22,,,0,18,,966,22,,,0,108,,967,22,,,0,110,,969,22,,,0,106,,968,22,,,0,106,,970,22,,,0,205,,971,22,,,0,87,,973,22,,,0,74,,972,22,,,0,34,,978,22,,,0,274,,974,22,,,0,105,,975,22,,,0,103,,976,22,,,0
201,'5257',1818,,979,22,,,0,427,,980,22,,,0
201,'5258',1358,,981,22,,,0,370,,982,22,,,0
201,'5259',1358,,983,22,,,0,370,,984,22,,,0
201,'5260',1818,,985,22,,,0,427,,986,22,,,0,204,,987,22,,,0
201,'5261',1358,,988,22,,,0,370,,989,22,,,0
201,'5262',1358,,990,22,,,0,370,,991,22,,,0
