101,'4623',1702,,735,18,,,0,213,,739,18,,,0,198,,736,18,,,0,230,,737,18,,,0
101,'5014',651,,741,18,,,0,64,,753,18,,,0,40,,742,18,,,0,152,,743,18,,,0,99,,744,18,,,0,101,,745,18,,,0,109,,746,18,,,0,110,,747,18,,,0,30,,748,18,,,0,178,,755,18,,,0,88,,749,18,,,0,120,,754,18,,,0,89,,750,18,,,0,123,,751,18,,,0,279,,752,18,,,0
101,'5222',1702,,756,18,,,0,213,,759,18,,,0,198,,757,18,,,0,230,,758,18,,,0
101,'5227',658,,771,18,,,0,100,,766,18,,,0,142,,767,18,,,0,100,,768,18,,,0,100,,769,18,,,0,101,,770,18,,,0,100,,760,18,,,0,100,,764,18,,,0,100,,763,18,,,0,100,,762,18,,,0,100,,777,18,,,0,99,,761,18,,,0,110,,765,18,,,0,99,,772,18,,,0,104,,774,18,,,0,110,,773,18,,,0,115,,775,18,,,0,95,,776,18,,,0
101,'5228',754,,788,18,,,0,147,,790,18,,,0,100,,786,18,,,0,100,,778,18,,,0,102,,782,18,,,0,98,,780,18,,,0,100,,784,18,,,0,100,,779,18,,,0,100,,783,18,,,0,100,,789,18,,,0,99,,781,18,,,0,110,,785,18,,,0,99,,787,18,,,0,100,,791,18,,,0,105,,792,18,,,0
101,'5256',651,,794,18,,,0,64,,808,18,,,0,40,,795,18,,,0,152,,796,18,,,0,99,,797,18,,,0,101,,798,18,,,0,109,,799,18,,,0,110,,800,18,,,0,30,,801,18,,,0,169,,803,18,0,5 6,0,9,,810,18,,,0,88,,802,18,,,0,120,,809,18,,,0,89,,805,18,,,0,123,,806,18,,,0,279,,807,18,,,0
101,'5257',1702,,811,18,,,0,213,,814,18,,,0,198,,812,18,,,0,230,,813,18,,,0
101,'5258',1456,,815,18,,,0
101,'5259',1456,,816,18,,,0
101,'5260',1702,,817,18,,,0,213,,821,18,,,0,198,,818,18,,,0,230,,819,18,,,0
101,'5261',1456,,822,18,,,0
101,'5262',1456,,823,18,,,0
201,'4623',1812,,908,18,,,0,428,,909,18,,,0,204,,910,18,,,0
201,'5014',702,,912,18,,,0,31,,925,18,,,0,67,,913,18,,,0,18,,914,18,,,0,108,,915,18,,,0,110,,917,18,,,0,105,,916,18,,,0,106,,918,18,,,0,205,,919,18,,,0,86,,921,18,,,0,74,,920,18,,,0,35,,926,18,,,0,274,,922,18,,,0,105,,923,18,,,0,104,,924,18,,,0
201,'5222',1812,,927,18,,,0,428,,928,18,,,0
201,'5227',713,,941,18,,,0,127,,935,18,,,0,101,,936,18,,,0,100,,937,18,,,0,101,,938,18,,,0,100,,939,18,,,0,100,,940,18,,,0,100,,929,18,,,0,100,,930,18,,,0,100,,946,18,,,0,99,,931,18,,,0,100,,932,18,,,0,100,,933,18,,,0,100,,934,18,,,0,100,,944,18,,,0,99,,942,18,,,0,114,,943,18,,,0,99,,945,18,,,0
201,'5228',735,,957,18,,,0,100,,958,18,,,0,101,,956,18,,,0,105,,949,18,,,0,101,,950,18,,,0,100,,948,18,,,0,100,,952,18,,,0,100,,947,18,,,0,100,,953,18,,,0,100,,959,18,,,0,99,,954,18,,,0,100,,955,18,,,0,100,,951,18,,,0,105,,961,18,,,0,99,,962,18,,,0,105,,960,18,,,0
201,'5256',702,,964,18,,,0,31,,977,18,,,0,67,,965,18,,,0,18,,966,18,,,0,108,,967,18,,,0,110,,969,18,,,0,105,,968,18,,,0,106,,970,18,,,0,205,,971,18,,,0,86,,973,18,,,0,74,,972,18,,,0,35,,978,18,,,0,274,,974,18,,,0,105,,975,18,,,0,104,,976,18,,,0
201,'5257',1812,,979,18,,,0,428,,980,18,,,0
201,'5258',1352,,981,18,,,0,370,,982,18,,,0
201,'5259',1352,,983,18,,,0,370,,984,18,,,0
201,'5260',1812,,985,18,,,0,428,,986,18,,,0,204,,987,18,,,0
201,'5261',1352,,988,18,,,0,370,,989,18,,,0
201,'5262',1352,,990,18,,,0,370,,991,18,,,0
901,'5014',730,,1346,18,,,0,103,,1347,18,,,0,102,,1348,18,,,0,100,,1349,18,,,0,101,,1350,18,,,0,98,,1351,18,,,0,100,,1352,18,,,0,99,,1353,18,,,0,124,,1354,18,,,0,100,,1355,18,,,0,92,,1356,18,,,0,107,,1357,18,,,0,153,,1358,18,,,0
901,'5256',730,,1359,18,,,0,103,,1360,18,,,0,102,,1361,18,,,0,100,,1362,18,,,0,101,,1363,18,,,0,98,,1364,18,,,0,100,,1365,18,,,0,99,,1366,18,,,0,124,,1367,18,,,0,100,,1368,18,,,0,92,,1369,18,,,0,107,,1370,18,,,0,153,,1371,18,,,0
