101,'4623',1713,,735,28,,,0,213,,739,28,,,0,197,,736,28,,,0,229,,737,28,,,0,164,,738,5,,,0
101,'5014',700,,741,28,,,0,25,,753,28,,,0,80,,742,28,,,0,112,,743,28,,,0,99,,744,28,,,0,101,,745,28,,,0,109,,746,28,,,0,110,,747,28,,,0,70,,748,28,,,0,140,,755,28,,,0,88,,749,28,,,0,119,,754,28,,,0,89,,750,28,,,0,163,,751,28,,,0,238,,752,28,,,0
101,'5222',1713,,756,28,,,0,213,,759,28,,,0,197,,757,28,,,0,229,,758,28,,,0
101,'5227',708,,771,28,,,0,100,,766,28,,,0,102,,767,28,,,0,100,,768,28,,,0,100,,769,28,,,0,101,,770,28,,,0,101,,760,28,,,0,100,,764,28,,,0,100,,763,28,,,0,101,,762,28,,,0,100,,777,28,,,0,99,,761,28,,,0,109,,765,28,,,0,99,,772,28,,,0,104,,774,28,,,0,110,,773,28,,,0,114,,775,28,,,0,94,,776,28,,,0
101,'5228',804,,788,28,,,0,107,,790,28,,,0,100,,786,28,,,0,100,,778,28,,,0,102,,782,28,,,0,99,,780,28,,,0,100,,784,28,,,0,100,,779,28,,,0,101,,783,28,,,0,100,,789,28,,,0,99,,781,28,,,0,109,,785,28,,,0,99,,787,28,,,0,100,,791,28,,,0,105,,792,28,,,0
101,'5256',700,,794,28,,,0,25,,808,28,,,0,80,,795,28,,,0,112,,796,28,,,0,99,,797,28,,,0,101,,798,28,,,0,109,,799,28,,,0,110,,800,28,,,0,70,,801,28,,,0,98,,804,8,,,0,42,,810,28,,,0,88,,802,28,,,0,119,,809,28,,,0,89,,805,28,,,0,163,,806,28,,,0,238,,807,28,,,0
101,'5257',1713,,811,28,,,0,213,,814,28,,,0,197,,812,28,,,0,229,,813,28,,,0
101,'5258',1506,,815,28,,,0
101,'5259',1506,,816,28,,,0
101,'5260',1713,,817,28,,,0,213,,821,28,,,0,197,,818,28,,,0,229,,819,28,,,0,164,,820,5,,,0
101,'5261',1506,,822,28,,,0
101,'5262',1506,,823,28,,,0
