100,'4623',1743,,647,21,,,0,211,,651,21,,,0,196,,648,21,,,0,268,,649,21,,,0
100,'5014',636,,652,21,,,0,93,,653,21,,,0,25,,665,21,,,0,82,,654,21,,,0,109,,655,21,,,0,99,,656,21,,,0,102,,657,20,,,0,110,,659,21,,,0,150,,658,21,,,0,30,,660,21,,,0,181,,667,21,,,0,87,,661,21,,,0,118,,666,21,,,0,89,,662,21,,,0,121,,663,21,,,0,277,,664,21,,,0
100,'5222',1743,,668,21,,,0,211,,671,21,,,0,196,,669,21,,,0,268,,670,21,,,0
100,'5227',735,,679,21,,,0,100,,674,21,,,0,102,,675,21,,,0,101,,676,21,,,0,100,,677,21,,,0,101,,678,21,,,0,102,,672,21,,,0,100,,673,21,,,0,100,,684,21,,,0,100,,685,21,,,0,100,,689,21,,,0,99,,686,21,,,0,108,,687,21,,,0,99,,688,21,,,0,103,,681,21,,,0,150,,683,21,,,0,113,,680,21,,,0
100,'5228',831,,701,21,,,0,107,,700,21,,,0,101,,698,21,,,0,100,,690,21,,,0,102,,696,21,,,0,100,,691,21,,,0,100,,697,21,,,0,100,,692,21,,,0,100,,694,21,,,0,100,,702,21,,,0,99,,693,21,,,0,108,,695,21,,,0,99,,699,21,,,0,99,,704,21,,,0,105,,703,21,,,0
100,'5256',636,,705,21,,,0,93,,706,21,,,0,25,,719,21,,,0,82,,707,21,,,0,109,,708,21,,,0,99,,709,21,,,0,102,,710,20,,,0,110,,712,21,,,0,150,,711,21,,,0,30,,713,21,,,0,97,,715,21,,,0,84,,721,21,,,0,87,,714,21,,,0,118,,720,21,,,0,89,,716,21,,,0,121,,717,21,,,0,277,,718,21,,,0
100,'5257',1743,,722,21,,,0,211,,725,21,,,0,196,,723,21,,,0,268,,724,21,,,0
100,'5258',1537,,726,21,,,0
100,'5259',1537,,727,21,,,0
100,'5260',1743,,728,21,,,0,211,,732,21,,,0,196,,729,21,,,0,268,,730,21,,,0
100,'5261',1537,,733,21,,,0
100,'5262',1537,,734,21,,,0
200,'4623',1850,,824,18,,,0,469,,825,18,,,0
200,'5014',633,,827,18,,,0,109,,828,18,,,0,67,,841,18,,,0,28,,829,18,,,0,18,,831,18,,,0,147,,830,18,,,0,110,,833,18,,,0,107,,832,18,,,0,106,,834,18,,,0,205,,836,18,,,0,87,,837,18,,,0,34,,835,18,,,0,74,,842,18,,,0,234,,838,18,,,0,149,,839,18,,,0,101,,840,18,,,0
200,'5222',1850,,843,18,,,0,469,,844,18,,,0
200,'5227',746,,857,18,,,0,172,,851,18,,,0,102,,853,18,,,0,100,,852,18,,,0,101,,854,18,,,0,100,,855,18,,,0,101,,856,18,,,0,100,,845,18,,,0,100,,846,18,,,0,100,,862,18,,,0,99,,847,18,,,0,100,,848,18,,,0,99,,849,18,,,0,100,,850,18,,,0,100,,859,18,,,0,97,,858,18,,,0,114,,860,18,,,0
200,'5228',812,,873,18,,,0,100,,874,18,,,0,102,,872,18,,,0,106,,863,18,,,0,101,,867,18,,,0,100,,865,18,,,0,101,,870,18,,,0,100,,864,18,,,0,100,,869,18,,,0,100,,875,18,,,0,99,,866,18,,,0,100,,871,18,,,0,99,,868,18,,,0,105,,878,18,,,0,99,,877,18,,,0,103,,876,18,,,0
200,'5256',633,,879,18,,,0,109,,880,18,,,0,67,,893,18,,,0,28,,881,18,,,0,18,,883,18,,,0,147,,882,18,,,0,110,,885,18,,,0,107,,884,18,,,0,106,,886,18,,,0,205,,888,18,,,0,87,,889,18,,,0,34,,887,18,,,0,74,,894,18,,,0,234,,890,18,,,0,149,,891,18,,,0,101,,892,18,,,0
200,'5257',1850,,895,18,,,0,469,,896,18,,,0
200,'5258',1430,,897,18,,,0,370,,898,18,,,0
200,'5259',1430,,899,18,,,0,370,,900,18,,,0
200,'5260',1850,,901,18,,,0,469,,902,18,,,0
200,'5261',1430,,904,18,,,0,370,,905,18,,,0
200,'5262',1430,,906,18,,,0,370,,907,18,,,0
400,'4623',1636,,1075,10,,,0
400,'5014',742,,1076,10,,,0,80,,1077,10,,,0,37,,1078,10,,,0,599,,1079,10,,,0,258,,1080,10,,,0
400,'5222',1636,,1081,10,,,0
400,'5256',742,,1082,10,,,0,80,,1083,10,,,0,37,,1084,10,,,0,599,,1085,10,,,0,97,,1087,10,,,0,161,,1086,10,,,0
400,'5257',1636,,1088,10,,,0
400,'5260',1636,,1089,10,,,0
900,'5014',802,,1320,19,,,0,105,,1322,19,,,0,100,,1321,19,,,0,100,,1324,19,,,0,120,,1323,19,,,0,80,,1326,19,,,0,100,,1325,19,,,0,100,,1327,19,,,0,125,,1329,19,,,0,100,,1328,19,,,0,89,,1330,19,,,0,106,,1331,19,,,0,113,,1332,19,,,0
900,'5256',802,,1333,19,,,0,105,,1335,19,,,0,100,,1334,19,,,0,100,,1337,19,,,0,120,,1336,19,,,0,80,,1339,19,,,0,100,,1338,19,,,0,100,,1340,19,,,0,125,,1342,19,,,0,100,,1341,19,,,0,89,,1343,19,,,0,106,,1344,19,,,0,113,,1345,19,,,0
