200,'4532',730,,2135,1,,,0,172,,2129,1,,,0,101,,2131,1,,,0,100,,2130,1,,,0,101,,2132,1,,,0,100,,2133,1,,,0,101,,2134,1,,,0,100,,2123,1,,,0,100,,2124,1,,,0,100,,2140,1,,,0,99,,2125,1,,,0,100,,2126,1,,,0,99,,2127,1,,,0,100,,2128,1,,,0,100,,2137,1,,,0,98,,2136,1,,,0,114,,2138,1,,,0,99,,2139,1,,,0
200,'4623',1832,,2141,1,,,0,471,,2142,1,,,0,204,,2143,1,0,5 6,0
200,'5014',616,,2144,1,,,0,109,,2145,1,,,0,27,,2158,1,,,0,67,,2146,1,,,0,18,,2148,1,,,0,108,,2147,1,,,0,110,,2150,1,,,0,146,,2149,1,,,0,106,,2151,1,,,0,205,,2153,1,,,0,47,,2154,1,,,0,74,,2152,1,,,0,74,,2159,1,,,0,234,,2155,1,,,0,109,,2156,1,,,0,103,,2157,1,,,0
200,'5210',756,,2172,1,,,0,100,,2173,1,,,0,101,,2171,1,,,0,146,,2162,1,,,0,101,,2166,1,,,0,100,,2164,1,,,0,101,,2169,1,,,0,100,,2163,1,,,0,100,,2168,1,,,0,100,,2174,1,,,0,99,,2165,1,,,0,100,,2170,1,,,0,99,,2167,1,,,0,105,,2177,1,,,0,99,,2176,1,,,0,104,,2175,1,,,0
200,'5222',1832,,2160,1,,,0,471,,2161,1,,,0
200,'5261',1412,,2178,1,,,0,330,,2179,1,,,0
200,'5262',1412,,2180,1,,,0,330,,2181,1,,,0
201,'4532',730,,2194,37,4,,0,172,,2188,41,4,,0,101,,2189,41,4,,0,100,,2190,41,4,,0,101,,2191,41,4,,0,100,,2192,41,4,,0,101,,2193,41,4,,0,100,,2182,41,4,,0,100,,2183,41,4,,0,100,,2199,41,4,,0,99,,2184,41,4,,0,100,,2185,41,4,,0,99,,2186,41,4,,0,100,,2187,41,4,,0,100,,2197,41,4,,0,98,,2195,41,4,,0,114,,2196,41,4,,0,99,,2198,41,4,,0
201,'4623',1832,,2200,37,4,,0,471,,2201,41,4,,0,204,,2202,41,4,,0
201,'5014',616,,2203,15,4,,0,109,,2204,41,4,,0,27,,2217,37,4,,0,67,,2205,37,4,,0,18,,2206,37,4,,0,108,,2207,37,4,,0,110,,2209,37,4,,0,146,,2208,37,4,,0,106,,2210,37,4,,0,205,,2211,37,4,,0,47,,2213,37,4,,0,74,,2212,37,4,,0,74,,2218,37,4,,0,234,,2214,37,4,,0,109,,2215,41,4,,0,103,,2216,41,4,,0
201,'5210',756,,2231,41,4,,0,100,,2232,41,4,,0,101,,2230,41,4,,0,146,,2223,41,4,,0,101,,2224,41,4,,0,100,,2222,41,4,,0,101,,2226,41,4,,0,100,,2221,41,4,,0,100,,2227,41,4,,0,100,,2233,41,4,,0,99,,2228,41,4,,0,100,,2229,41,4,,0,99,,2225,41,4,,0,105,,2235,41,4,,0,99,,2236,41,4,,0,104,,2234,41,4,,0
201,'5222',1832,,2219,37,4,,0,471,,2220,41,4,,0
201,'5261',1412,,2237,37,4,,0,330,,2238,37,4,,0
201,'5262',1412,,2239,37,4,,0,330,,2240,37,4,,0
