201,'4623',1817,,908,21,,,0,427,,909,21,,,0,204,,910,21,,,0
201,'5014',706,,912,21,,,0,31,,925,21,,,0,67,,913,21,,,0,18,,914,21,,,0,108,,915,21,,,0,110,,917,21,,,0,106,,916,21,,,0,106,,918,21,,,0,205,,919,21,,,0,87,,921,21,,,0,74,,920,21,,,0,34,,926,21,,,0,274,,922,21,,,0,105,,923,21,,,0,103,,924,21,,,0
201,'5222',1817,,927,21,,,0,427,,928,21,,,0
201,'5227',717,,941,21,,,0,127,,935,21,,,0,101,,936,21,,,0,100,,937,21,,,0,101,,938,21,,,0,100,,939,21,,,0,101,,940,21,,,0,100,,929,21,,,0,100,,930,21,,,0,100,,946,21,,,0,99,,931,21,,,0,100,,932,21,,,0,99,,933,21,,,0,100,,934,21,,,0,100,,944,21,,,0,99,,942,21,,,0,114,,943,21,,,0,99,,945,21,,,0
201,'5228',739,,957,21,,,0,100,,958,21,,,0,101,,956,21,,,0,105,,949,21,,,0,101,,950,21,,,0,100,,948,21,,,0,101,,952,21,,,0,100,,947,21,,,0,100,,953,21,,,0,100,,959,21,,,0,99,,954,21,,,0,100,,955,21,,,0,99,,951,21,,,0,105,,961,21,,,0,99,,962,21,,,0,105,,960,21,,,0
201,'5256',706,,964,21,,,0,31,,977,21,,,0,67,,965,21,,,0,18,,966,21,,,0,108,,967,21,,,0,110,,969,21,,,0,106,,968,21,,,0,106,,970,21,,,0,205,,971,21,,,0,87,,973,21,,,0,74,,972,21,,,0,34,,978,21,,,0,274,,974,21,,,0,105,,975,21,,,0,103,,976,21,,,0
201,'5257',1817,,979,21,,,0,427,,980,21,,,0
201,'5258',1357,,981,21,,,0,370,,982,21,,,0
201,'5259',1357,,983,21,,,0,370,,984,21,,,0
201,'5260',1817,,985,21,,,0,427,,986,21,,,0,204,,987,21,,,0
201,'5261',1357,,988,21,,,0,370,,989,21,,,0
201,'5262',1357,,990,21,,,0,370,,991,21,,,0
901,'5014',734,,1346,21,,,0,104,,1347,21,,,0,101,,1348,21,,,0,100,,1349,21,,,0,101,,1350,21,,,0,98,,1351,21,,,0,100,,1352,21,,,0,99,,1353,21,,,0,164,,1354,21,,,0,100,,1355,21,,,0,52,,1356,21,,,0,147,,1357,21,,,0,113,,1358,21,,,0
901,'5256',734,,1359,21,,,0,104,,1360,21,,,0,101,,1361,21,,,0,100,,1362,21,,,0,101,,1363,21,,,0,98,,1364,21,,,0,100,,1365,21,,,0,99,,1366,21,,,0,164,,1367,21,,,0,100,,1368,21,,,0,52,,1369,21,,,0,147,,1370,21,,,0,113,,1371,21,,,0
