101,'4623',1714,,735,31,,,0,213,,739,31,,,0,197,,736,31,,,0,229,,737,31,,,0,164,,738,8,,,0
101,'5014',610,,740,1,,,0,91,,741,31,,,0,25,,753,31,,,0,80,,742,31,,,0,112,,743,31,,,0,99,,744,31,,,0,101,,745,31,,,0,109,,746,31,,,0,110,,747,31,,,0,70,,748,31,,,0,140,,755,31,,,0,88,,749,31,,,0,119,,754,31,,,0,89,,750,31,,,0,163,,751,31,,,0,238,,752,31,,,0
101,'5222',1714,,756,31,,,0,213,,759,31,,,0,197,,757,31,,,0,229,,758,31,,,0
101,'5227',709,,771,31,,,0,100,,766,31,,,0,102,,767,31,,,0,100,,768,31,,,0,100,,769,31,,,0,101,,770,31,,,0,101,,760,31,,,0,100,,764,31,,,0,100,,763,31,,,0,101,,762,31,,,0,100,,777,31,,,0,99,,761,31,,,0,109,,765,31,,,0,99,,772,31,,,0,104,,774,31,,,0,110,,773,31,,,0,114,,775,31,,,0,94,,776,31,,,0
101,'5228',805,,788,31,,,0,107,,790,31,,,0,100,,786,31,,,0,100,,778,31,,,0,102,,782,31,,,0,99,,780,31,,,0,100,,784,31,,,0,100,,779,31,,,0,101,,783,31,,,0,100,,789,31,,,0,99,,781,31,,,0,109,,785,31,,,0,99,,787,31,,,0,100,,791,31,,,0,105,,792,31,,,0
101,'5256',610,,793,1,,,0,91,,794,31,,,0,25,,808,31,,,0,80,,795,31,,,0,112,,796,31,,,0,99,,797,31,,,0,101,,798,31,,,0,109,,799,31,,,0,110,,800,31,,,0,70,,801,31,,,0,98,,804,11,,,0,42,,810,31,,,0,88,,802,31,,,0,119,,809,31,,,0,89,,805,31,,,0,163,,806,31,,,0,238,,807,31,,,0
101,'5257',1714,,811,31,,,0,213,,814,31,,,0,197,,812,31,,,0,229,,813,31,,,0
101,'5258',1507,,815,31,,,0
101,'5259',1507,,816,31,,,0
101,'5260',1714,,817,31,,,0,213,,821,31,,,0,197,,818,31,,,0,229,,819,31,,,0,164,,820,8,,,0
101,'5261',1507,,822,31,,,0
101,'5262',1507,,823,31,,,0
