201,'4480',714,,1611,30,,,0,1325,,1622,30,,,0,103,,1623,30,,,0
201,'4532',852,,2188,30,,,0,101,,2189,30,,,0,100,,2190,30,,,0,101,,2191,30,,,0,100,,2192,30,,,0,101,,2193,30,,,0,100,,2182,30,,,0,100,,2183,30,,,0,100,,2199,30,,,0,99,,2184,30,,,0,100,,2185,30,,,0,99,,2186,30,,,0,100,,2187,30,,,0,100,,2197,30,,,0,99,,2195,30,,,0,154,,2196,30,,,0,99,,2198,30,,,0
201,'4623',2252,,2201,30,,,0,204,,2202,30,,,0
201,'4661',2252,,1627,30,,,0
201,'4663',2252,,1633,30,,,0,204,,1634,30,,,0
201,'5014',714,,2204,30,,,0,1325,,2215,30,,,0,103,,2216,30,,,0
201,'5222',2252,,2220,30,,,0
201,'5228',747,,2231,30,,,0,100,,2232,30,,,0,101,,2230,30,,,0,105,,2223,30,,,0,101,,2224,30,,,0,100,,2222,30,,,0,101,,2226,30,,,0,100,,2221,30,,,0,100,,2227,30,,,0,100,,2233,30,,,0,99,,2228,30,,,0,100,,2229,30,,,0,99,,2225,30,,,0,105,,2235,30,,,0,99,,2236,30,,,0,145,,2234,30,,,0
901,'4480',743,,1990,30,,,0,105,,1991,30,,,0,100,,1992,30,,,0,100,,1993,30,,,0,102,,1994,30,,,0,98,,1995,30,,,0,100,,1996,30,,,0,100,,1997,30,,,0,164,,1998,30,,,0,100,,1999,30,,,0,91,,2000,30,,,0,106,,2001,30,,,0,113,,2002,30,,,0
901,'5014',743,,2480,30,,,0,105,,2481,30,,,0,100,,2482,30,,,0,100,,2483,30,,,0,102,,2484,30,,,0,98,,2485,30,,,0,100,,2486,30,,,0,100,,2487,30,,,0,164,,2488,30,,,0,100,,2489,30,,,0,91,,2490,30,,,0,106,,2491,30,,,0,113,,2492,30,,,0
