201,'4480',717,,1611,33,,,0,1325,,1622,33,,,0,103,,1623,33,,,0
201,'4532',855,,2188,33,,,0,101,,2189,33,,,0,100,,2190,33,,,0,101,,2191,33,,,0,100,,2192,33,,,0,101,,2193,33,,,0,100,,2182,33,,,0,100,,2183,33,,,0,100,,2199,33,,,0,99,,2184,33,,,0,100,,2185,33,,,0,99,,2186,33,,,0,100,,2187,33,,,0,100,,2197,33,,,0,99,,2195,33,,,0,154,,2196,33,,,0,99,,2198,33,,,0
201,'4623',2255,,2201,33,,,0,204,,2202,33,,,0
201,'4661',2255,,1627,33,,,0
201,'4663',2255,,1633,33,,,0,204,,1634,33,,,0
201,'5014',717,,2204,33,,,0,1325,,2215,33,,,0,103,,2216,33,,,0
201,'5222',2255,,2220,33,,,0
201,'5228',750,,2231,33,,,0,100,,2232,33,,,0,101,,2230,33,,,0,105,,2223,33,,,0,101,,2224,33,,,0,100,,2222,33,,,0,101,,2226,33,,,0,100,,2221,33,,,0,100,,2227,33,,,0,100,,2233,33,,,0,99,,2228,33,,,0,100,,2229,33,,,0,99,,2225,33,,,0,145,,2235,33,,,0,99,,2236,33,,,0,105,,2234,33,,,0
900,'4480',746,,1964,2,,,0,105,,1966,2,,,0,100,,1965,2,,,0,100,,1968,2,,,0,160,,1967,2,,,0,40,,1970,2,,,0,100,,1969,2,,,0,100,,1971,2,,,0,165,,1973,2,,,0,100,,1972,2,,,0,90,,1974,2,,,0,106,,1975,2,,,0,113,,1976,2,,,0
900,'5014',746,,2467,2,,,0,105,,2469,2,,,0,100,,2468,2,,,0,100,,2471,2,,,0,160,,2470,2,,,0,40,,2473,2,,,0,100,,2472,2,,,0,100,,2474,2,,,0,165,,2476,2,,,0,100,,2475,2,,,0,90,,2477,2,,,0,106,,2478,2,,,0,113,,2479,2,,,0
