101,'4532',654,,2074,10,,,0,100,,2069,10,,,0,101,,2070,10,,,0,100,,2071,10,,,0,100,,2072,10,,,0,101,,2073,10,,,0,100,,2063,10,,,0,100,,2067,10,,,0,100,,2066,10,,,0,100,,2065,10,,,0,100,,2080,10,,,0,99,,2064,10,,,0,150,,2068,10,,,0,99,,2075,10,,,0,105,,2077,10,,,0,110,,2076,10,,,0,115,,2078,10,,,0,95,,2079,10,,,0
101,'4623',1657,,2081,10,,,0,254,,2085,10,,,0,198,,2082,10,,,0,230,,2083,10,,,0
101,'5014',646,,2087,10,,,0,64,,2099,10,,,0,40,,2088,10,,,0,152,,2089,10,,,0,99,,2090,10,,,0,101,,2091,10,,,0,109,,2092,10,,,0,110,,2093,10,,,0,30,,2094,10,,,0,178,,2101,10,,,0,88,,2095,10,,,0,120,,2100,10,,,0,89,,2096,10,,,0,124,,2097,10,,,0,279,,2098,10,,,0
101,'5210',750,,2116,10,,,0,106,,2118,10,,,0,100,,2114,10,,,0,100,,2106,10,,,0,102,,2110,10,,,0,98,,2108,10,,,0,100,,2112,10,,,0,100,,2107,10,,,0,100,,2111,10,,,0,100,,2117,10,,,0,99,,2109,10,,,0,150,,2113,10,,,0,99,,2115,10,,,0,101,,2119,10,,,0,105,,2120,10,,,0
101,'5222',1657,,2102,10,,,0,254,,2105,10,,,0,198,,2103,10,,,0,230,,2104,10,,,0
101,'5261',1451,,2121,10,,,0
101,'5262',1451,,2122,10,,,0
201,'4532',710,,2194,10,,,0,125,,2188,10,,,0,101,,2189,10,,,0,100,,2190,10,,,0,101,,2191,10,,,0,100,,2192,10,,,0,100,,2193,10,,,0,100,,2182,10,,,0,100,,2183,10,,,0,100,,2199,10,,,0,99,,2184,10,,,0,100,,2185,10,,,0,100,,2186,10,,,0,100,,2187,10,,,0,100,,2197,10,,,0,99,,2195,10,,,0,115,,2196,10,,,0,100,,2198,10,,,0
201,'4623',1807,,2200,10,,,0,428,,2201,10,,,0,205,,2202,10,,,0
201,'5014',658,,2204,10,,,0,71,,2217,10,,,0,27,,2205,10,,,0,58,,2206,10,,,0,107,,2207,10,,,0,110,,2209,10,,,0,105,,2208,10,,,0,106,,2210,10,,,0,205,,2211,10,,,0,86,,2213,10,,,0,74,,2212,10,,,0,35,,2218,10,,,0,274,,2214,10,,,0,105,,2215,10,,,0,104,,2216,10,,,0
201,'5210',730,,2231,10,,,0,100,,2232,10,,,0,101,,2230,10,,,0,105,,2223,10,,,0,101,,2224,10,,,0,100,,2222,10,,,0,100,,2226,10,,,0,100,,2221,10,,,0,100,,2227,10,,,0,100,,2233,10,,,0,99,,2228,10,,,0,100,,2229,10,,,0,100,,2225,10,,,0,105,,2235,10,,,0,99,,2236,10,,,0,105,,2234,10,,,0
201,'5222',1807,,2219,10,,,0,428,,2220,10,,,0
201,'5261',1347,,2237,10,,,0,370,,2238,10,,,0
201,'5262',1347,,2239,10,,,0,370,,2240,10,,,0
901,'5014',725,,2480,10,,,0,103,,2481,10,,,0,102,,2482,10,,,0,100,,2483,10,,,0,101,,2484,10,,,0,98,,2485,10,,,0,100,,2486,10,,,0,99,,2487,10,,,0,124,,2488,10,,,0,100,,2489,10,,,0,92,,2490,10,,,0,107,,2491,10,,,0,154,,2492,10,,,0
