101,'4623',1702,,735,19,,,0,214,,739,19,,,0,198,,736,19,,,0,229,,737,19,,,0
101,'5014',651,,741,19,,,0,64,,753,19,,,0,40,,742,19,,,0,152,,743,19,,,0,99,,744,19,,,0,101,,745,19,,,0,109,,746,19,,,0,110,,747,19,,,0,30,,748,19,,,0,179,,755,19,,,0,88,,749,19,,,0,119,,754,19,,,0,89,,750,19,,,0,124,,751,19,,,0,279,,752,19,,,0
101,'5222',1702,,756,19,,,0,214,,759,19,,,0,198,,757,19,,,0,229,,758,19,,,0
101,'5227',659,,771,19,,,0,100,,766,19,,,0,141,,767,19,,,0,100,,768,19,,,0,100,,769,19,,,0,101,,770,19,,,0,100,,760,19,,,0,100,,764,19,,,0,100,,763,19,,,0,100,,762,19,,,0,100,,777,19,,,0,99,,761,19,,,0,110,,765,19,,,0,99,,772,19,,,0,105,,774,19,,,0,110,,773,19,,,0,114,,775,19,,,0,95,,776,19,,,0
101,'5228',755,,788,19,,,0,146,,790,19,,,0,100,,786,19,,,0,100,,778,19,,,0,102,,782,19,,,0,98,,780,19,,,0,100,,784,19,,,0,100,,779,19,,,0,100,,783,19,,,0,100,,789,19,,,0,99,,781,19,,,0,110,,785,19,,,0,99,,787,19,,,0,101,,791,19,,,0,105,,792,19,,,0
101,'5256',651,,794,19,,,0,64,,808,19,,,0,40,,795,19,,,0,152,,796,19,,,0,99,,797,19,,,0,101,,798,19,,,0,109,,799,19,,,0,110,,800,19,,,0,30,,801,19,,,0,170,,803,19,0,5 6,0,9,,810,19,,,0,88,,802,19,,,0,119,,809,19,,,0,89,,805,19,,,0,124,,806,19,,,0,279,,807,19,,,0
101,'5257',1702,,811,19,,,0,214,,814,19,,,0,198,,812,19,,,0,229,,813,19,,,0
101,'5258',1456,,815,19,,,0
101,'5259',1456,,816,19,,,0
101,'5260',1702,,817,19,,,0,214,,821,19,,,0,198,,818,19,,,0,229,,819,19,,,0
101,'5261',1456,,822,19,,,0
101,'5262',1456,,823,19,,,0
201,'4623',1812,,908,19,,,0,428,,909,19,,,0,205,,910,19,,,0
201,'5014',703,,912,19,,,0,31,,925,19,,,0,67,,913,19,,,0,18,,914,19,,,0,107,,915,19,,,0,110,,917,19,,,0,105,,916,19,,,0,106,,918,19,,,0,205,,919,19,,,0,87,,921,19,,,0,74,,920,19,,,0,34,,926,19,,,0,274,,922,19,,,0,105,,923,19,,,0,104,,924,19,,,0
201,'5222',1812,,927,19,,,0,428,,928,19,,,0
201,'5227',714,,941,19,,,0,126,,935,19,,,0,101,,936,19,,,0,100,,937,19,,,0,101,,938,19,,,0,100,,939,19,,,0,100,,940,19,,,0,100,,929,19,,,0,100,,930,19,,,0,100,,946,19,,,0,99,,931,19,,,0,100,,932,19,,,0,100,,933,19,,,0,100,,934,19,,,0,100,,944,19,,,0,99,,942,19,,,0,114,,943,19,,,0,100,,945,19,,,0
201,'5228',735,,957,19,,,0,100,,958,19,,,0,101,,956,19,,,0,105,,949,19,,,0,101,,950,19,,,0,100,,948,19,,,0,100,,952,19,,,0,100,,947,19,,,0,100,,953,19,,,0,100,,959,19,,,0,99,,954,19,,,0,100,,955,19,,,0,100,,951,19,,,0,105,,961,19,,,0,99,,962,19,,,0,105,,960,19,,,0
201,'5256',703,,964,19,,,0,31,,977,19,,,0,67,,965,19,,,0,18,,966,19,,,0,107,,967,19,,,0,110,,969,19,,,0,105,,968,19,,,0,106,,970,19,,,0,205,,971,19,,,0,87,,973,19,,,0,74,,972,19,,,0,34,,978,19,,,0,274,,974,19,,,0,105,,975,19,,,0,104,,976,19,,,0
201,'5257',1812,,979,19,,,0,428,,980,19,,,0
201,'5258',1352,,981,19,,,0,370,,982,19,,,0
201,'5259',1352,,983,19,,,0,370,,984,19,,,0
201,'5260',1812,,985,19,,,0,428,,986,19,,,0,205,,987,19,,,0
201,'5261',1352,,988,19,,,0,370,,989,19,,,0
201,'5262',1352,,990,19,,,0,370,,991,19,,,0
901,'5014',730,,1346,19,,,0,104,,1347,19,,,0,101,,1348,19,,,0,100,,1349,19,,,0,101,,1350,19,,,0,98,,1351,19,,,0,100,,1352,19,,,0,99,,1353,19,,,0,124,,1354,19,,,0,100,,1355,19,,,0,92,,1356,19,,,0,107,,1357,19,,,0,154,,1358,19,,,0
901,'5256',730,,1359,19,,,0,104,,1360,19,,,0,101,,1361,19,,,0,100,,1362,19,,,0,101,,1363,19,,,0,98,,1364,19,,,0,100,,1365,19,,,0,99,,1366,19,,,0,124,,1367,19,,,0,100,,1368,19,,,0,92,,1369,19,,,0,107,,1370,19,,,0,154,,1371,19,,,0
