101,'4623',1717,,735,34,,,0,212,,739,34,,,0,197,,736,34,,,0,229,,737,34,,,0,164,,738,11,,,0
101,'5014',612,,740,4,,,0,91,,741,34,,,0,25,,753,34,,,0,81,,742,34,,,0,111,,743,34,,,0,99,,744,34,,,0,101,,745,34,,,0,110,,746,34,,,0,110,,747,34,,,0,70,,748,34,,,0,140,,755,34,,,0,88,,749,34,,,0,119,,754,34,,,0,89,,750,34,,,0,162,,751,34,,,0,238,,752,34,,,0
101,'5222',1717,,756,34,,,0,212,,759,34,,,0,197,,757,34,,,0,229,,758,34,,,0
101,'5227',711,,771,34,,,0,100,,766,34,,,0,102,,767,34,,,0,100,,768,34,,,0,100,,769,34,,,0,101,,770,34,,,0,102,,760,34,,,0,100,,764,34,,,0,100,,763,34,,,0,100,,762,34,,,0,100,,777,34,,,0,99,,761,34,,,0,109,,765,34,,,0,99,,772,34,,,0,104,,774,34,,,0,110,,773,34,,,0,114,,775,34,,,0,94,,776,34,,,0
101,'5228',807,,788,34,,,0,107,,790,34,,,0,100,,786,34,,,0,100,,778,34,,,0,102,,782,34,,,0,100,,780,34,,,0,100,,784,34,,,0,100,,779,34,,,0,100,,783,34,,,0,100,,789,34,,,0,99,,781,34,,,0,109,,785,34,,,0,99,,787,34,,,0,100,,791,34,,,0,105,,792,34,,,0
101,'5256',612,,793,4,,,0,91,,794,34,,,0,25,,808,34,,,0,81,,795,34,,,0,111,,796,34,,,0,99,,797,34,,,0,101,,798,34,,,0,110,,799,34,,,0,110,,800,34,,,0,70,,801,34,,,0,97,,804,14,,,0,43,,810,34,,,0,88,,802,34,,,0,119,,809,34,,,0,89,,805,34,,,0,162,,806,34,,,0,238,,807,34,,,0
101,'5257',1717,,811,34,,,0,212,,814,34,,,0,197,,812,34,,,0,229,,813,34,,,0
101,'5258',1510,,815,34,,,0
101,'5259',1510,,816,34,,,0
101,'5260',1717,,817,34,,,0,212,,821,34,,,0,197,,818,34,,,0,229,,819,34,,,0,164,,820,11,,,0
101,'5261',1510,,822,34,,,0
101,'5262',1510,,823,34,,,0
