101,'4480',656,,1481,22,,,0,64,,1495,22,,,0,80,,1482,22,,,0,112,,1483,22,,,0,99,,1484,22,,,0,101,,1485,22,,,0,109,,1486,22,,,0,110,,1487,22,,,0,70,,1488,22,,,0,58,,1491,2,,,0,72,,1490,22,0,5 6,0,9,,1497,22,,,0,88,,1489,22,,,0,119,,1496,22,,,0,89,,1492,22,,,0,123,,1493,22,,,0,279,,1494,22,,,0
101,'4532',704,,2074,22,,,0,100,,2069,22,,,0,102,,2070,22,,,0,100,,2071,22,,,0,100,,2072,22,,,0,101,,2073,22,,,0,100,,2063,22,,,0,100,,2067,22,,,0,100,,2066,22,,,0,100,,2065,22,,,0,100,,2080,22,,,0,99,,2064,22,,,0,110,,2068,22,,,0,99,,2075,22,,,0,104,,2077,22,,,0,110,,2076,22,,,0,114,,2078,22,,,0,95,,2079,22,,,0
101,'4623',1707,,2081,22,,,0,213,,2085,22,,,0,198,,2082,22,,,0,229,,2083,22,,,0
101,'4661',1707,,1498,22,,,0,213,,1501,22,,,0,198,,1499,22,,,0,229,,1500,22,,,0
101,'4663',1707,,1504,22,,,0,213,,1508,22,,,0,198,,1505,22,,,0,229,,1506,22,,,0
101,'5014',656,,2087,22,,,0,64,,2099,22,,,0,80,,2088,22,,,0,112,,2089,22,,,0,99,,2090,22,,,0,101,,2091,22,,,0,109,,2092,22,,,0,110,,2093,22,,,0,70,,2094,22,,,0,139,,2101,22,,,0,88,,2095,22,,,0,119,,2100,22,,,0,89,,2096,22,,,0,123,,2097,22,,,0,279,,2098,22,,,0
101,'5173',1501,,1502,22,,,0
101,'5222',1707,,2102,22,,,0,213,,2105,22,,,0,198,,2103,22,,,0,229,,2104,22,,,0
101,'5228',800,,2116,22,,,0,107,,2118,22,,,0,100,,2114,22,,,0,100,,2106,22,,,0,102,,2110,22,,,0,98,,2108,22,,,0,100,,2112,22,,,0,100,,2107,22,,,0,100,,2111,22,,,0,100,,2117,22,,,0,99,,2109,22,,,0,110,,2113,22,,,0,99,,2115,22,,,0,100,,2119,22,,,0,105,,2120,22,,,0
101,'5259',1501,,1503,22,,,0
101,'5261',1501,,2121,22,,,0
101,'5262',1501,,2122,22,,,0
201,'4480',604,,1610,2,,,0,105,,1611,24,,,0,31,,1624,24,,,0,67,,1612,24,,,0,18,,1613,24,,,0,108,,1614,24,,,0,110,,1616,24,,,0,106,,1615,24,,,0,106,,1617,24,,,0,245,,1618,24,,,0,47,,1620,24,,,0,74,,1619,24,,,0,34,,1625,24,,,0,274,,1621,24,,,0,105,,1622,24,,,0,103,,1623,24,,,0
201,'4532',720,,2194,24,,,0,127,,2188,24,,,0,101,,2189,24,,,0,100,,2190,24,,,0,101,,2191,24,,,0,100,,2192,24,,,0,101,,2193,24,,,0,100,,2182,24,,,0,100,,2183,24,,,0,100,,2199,24,,,0,99,,2184,24,,,0,100,,2185,24,,,0,99,,2186,24,,,0,100,,2187,24,,,0,100,,2197,24,,,0,99,,2195,24,,,0,154,,2196,24,,,0,99,,2198,24,,,0
201,'4623',1820,,2200,24,,,0,427,,2201,24,,,0,204,,2202,24,,,0
201,'4661',1820,,1626,24,,,0,427,,1627,24,,,0
201,'4663',1820,,1632,24,,,0,427,,1633,24,,,0,204,,1634,24,,,0
201,'5014',604,,2203,2,,,0,105,,2204,24,,,0,31,,2217,24,,,0,67,,2205,24,,,0,18,,2206,24,,,0,108,,2207,24,,,0,110,,2209,24,,,0,106,,2208,24,,,0,106,,2210,24,,,0,245,,2211,24,,,0,47,,2213,24,,,0,74,,2212,24,,,0,34,,2218,24,,,0,274,,2214,24,,,0,105,,2215,24,,,0,103,,2216,24,,,0
201,'5173',1400,,1628,24,,,0,330,,1629,24,,,0
201,'5222',1820,,2219,24,,,0,427,,2220,24,,,0
201,'5228',742,,2231,24,,,0,100,,2232,24,,,0,101,,2230,24,,,0,105,,2223,24,,,0,101,,2224,24,,,0,100,,2222,24,,,0,101,,2226,24,,,0,100,,2221,24,,,0,100,,2227,24,,,0,100,,2233,24,,,0,99,,2228,24,,,0,100,,2229,24,,,0,99,,2225,24,,,0,105,,2235,24,,,0,99,,2236,24,,,0,105,,2234,24,,,0
201,'5259',1400,,1630,24,,,0,330,,1631,24,,,0
201,'5261',1400,,2237,24,,,0,330,,2238,24,,,0
201,'5262',1400,,2239,24,,,0,330,,2240,24,,,0
401,'4480',810,,1728,9,,,0,37,,1727,9,,,0,599,,1729,9,,,0,257,,1730,9,,,0
401,'4623',1623,,2305,9,,,0
401,'4661',1623,,1731,9,,,0
401,'4663',1623,,1732,9,,,0
401,'5014',810,,2307,9,,,0,37,,2306,9,,,0,599,,2308,9,,,0,257,,2309,9,,,0
401,'5222',1623,,2310,9,,,0
900,'4480',750,,1964,8,,,0,105,,1966,8,,,0,100,,1965,8,,,0,100,,1968,8,,,0,160,,1967,8,,,0,40,,1970,8,,,0,100,,1969,8,,,0,100,,1971,8,,,0,165,,1973,8,,,0,100,,1972,8,,,0,90,,1974,8,,,0,106,,1975,8,,,0,113,,1976,8,,,0
900,'5014',750,,2467,8,,,0,105,,2469,8,,,0,100,,2468,8,,,0,100,,2471,8,,,0,160,,2470,8,,,0,40,,2473,8,,,0,100,,2472,8,,,0,100,,2474,8,,,0,165,,2476,8,,,0,100,,2475,8,,,0,90,,2477,8,,,0,106,,2478,8,,,0,113,,2479,8,,,0
