100,'4623',1750,,647,29,,,0,250,,651,29,,,0,156,,648,29,,,0,268,,649,29,,,0
100,'5014',642,,652,29,,,0,93,,653,29,,,0,65,,665,29,,,0,44,,654,29,,,0,108,,655,29,,,0,98,,656,29,,,0,102,,657,28,,,0,150,,659,29,,,0,110,,658,29,,,0,30,,660,29,,,0,182,,667,29,,,0,87,,661,29,,,0,117,,666,29,,,0,89,,662,29,,,0,121,,663,29,,,0,277,,664,29,,,0
100,'5222',1750,,668,29,,,0,250,,671,29,,,0,156,,669,29,,,0,268,,670,29,,,0
100,'5227',740,,679,29,,,0,100,,674,29,,,0,103,,675,29,,,0,101,,676,29,,,0,100,,677,29,,,0,101,,678,29,,,0,102,,672,29,,,0,100,,673,29,,,0,100,,684,29,,,0,100,,685,29,,,0,100,,689,29,,,0,99,,686,29,,,0,108,,687,29,,,0,99,,688,29,,,0,103,,681,29,,,0,149,,683,29,,,0,113,,680,29,,,0
100,'5228',836,,701,29,,,0,108,,700,29,,,0,101,,698,29,,,0,100,,690,29,,,0,102,,696,29,,,0,100,,691,29,,,0,100,,697,29,,,0,100,,692,29,,,0,100,,694,29,,,0,100,,702,29,,,0,99,,693,29,,,0,108,,695,29,,,0,99,,699,29,,,0,99,,704,29,,,0,104,,703,29,,,0
100,'5256',642,,705,29,,,0,93,,706,29,,,0,65,,719,29,,,0,44,,707,29,,,0,108,,708,29,,,0,98,,709,29,,,0,102,,710,28,,,0,150,,712,29,,,0,110,,711,29,,,0,30,,713,29,,,0,98,,715,29,,,0,84,,721,29,,,0,87,,714,29,,,0,117,,720,29,,,0,89,,716,29,,,0,121,,717,29,,,0,277,,718,29,,,0
100,'5257',1750,,722,29,,,0,250,,725,29,,,0,156,,723,29,,,0,268,,724,29,,,0
100,'5258',1544,,726,29,,,0
100,'5259',1544,,727,29,,,0
100,'5260',1750,,728,29,,,0,250,,732,29,,,0,156,,729,29,,,0,268,,730,29,,,0
100,'5261',1544,,733,29,,,0
100,'5262',1544,,734,29,,,0
200,'4623',1856,,824,26,,,0,469,,825,26,,,0
200,'5014',639,,827,26,,,0,109,,828,26,,,0,67,,841,26,,,0,29,,829,26,,,0,58,,831,26,,,0,106,,830,26,,,0,110,,833,26,,,0,107,,832,26,,,0,106,,834,26,,,0,205,,836,26,,,0,87,,837,26,,,0,34,,835,26,,,0,74,,842,26,,,0,274,,838,26,,,0,109,,839,26,,,0,101,,840,26,,,0
200,'5222',1856,,843,26,,,0,469,,844,26,,,0
200,'5227',751,,857,26,,,0,173,,851,26,,,0,102,,853,26,,,0,100,,852,26,,,0,101,,854,26,,,0,100,,855,26,,,0,101,,856,26,,,0,100,,845,26,,,0,100,,846,26,,,0,100,,862,26,,,0,99,,847,26,,,0,100,,848,26,,,0,98,,849,26,,,0,100,,850,26,,,0,100,,859,26,,,0,97,,858,26,,,0,114,,860,26,,,0
200,'5228',818,,873,26,,,0,100,,874,26,,,0,102,,872,26,,,0,106,,863,26,,,0,101,,867,26,,,0,100,,865,26,,,0,101,,870,26,,,0,100,,864,26,,,0,100,,869,26,,,0,100,,875,26,,,0,99,,866,26,,,0,100,,871,26,,,0,98,,868,26,,,0,105,,878,26,,,0,99,,877,26,,,0,103,,876,26,,,0
200,'5256',639,,879,26,,,0,109,,880,26,,,0,67,,893,26,,,0,29,,881,26,,,0,58,,883,26,,,0,106,,882,26,,,0,110,,885,26,,,0,107,,884,26,,,0,106,,886,26,,,0,205,,888,26,,,0,87,,889,26,,,0,34,,887,26,,,0,74,,894,26,,,0,274,,890,26,,,0,109,,891,26,,,0,101,,892,26,,,0
200,'5257',1856,,895,26,,,0,469,,896,26,,,0
200,'5258',1436,,897,26,,,0,370,,898,26,,,0
200,'5259',1436,,899,26,,,0,370,,900,26,,,0
200,'5260',1856,,901,26,,,0,469,,902,26,,,0
200,'5261',1436,,904,26,,,0,370,,905,26,,,0
200,'5262',1436,,906,26,,,0,370,,907,26,,,0
301,'4623',2226,,992,25,,,0
301,'5014',636,,993,25,,,0,70,,994,25,,,0,30,,995,25,,,0,79,,997,25,,,0,29,,996,25,,,0,99,,999,25,,,0,80,,998,25,,,0,101,,1001,25,,,0,91,,1000,25,,,0,90,,1005,25,,,0,100,,1003,25,,,0,40,,1002,25,,,0,76,,1004,25,,,0,32,,1007,25,,,0,177,,1008,25,,,0,84,,1006,25,,,0,44,,1009,25,,,0,95,,1010,25,,,0,158,,1011,25,,,0,231,,1012,25,,,0
301,'5222',2226,,1013,25,,,0
301,'5227',701,,1029,25,,,0,121,,1022,25,,,0,100,,1023,25,,,0,101,,1026,25,,,0,101,,1024,25,,,0,101,,1021,25,,,0,100,,1027,25,,,0,100,,1018,25,,,0,100,,1017,25,,,0,100,,1019,25,,,0,100,,1015,25,,,0,97,,1020,25,,,0,100,,1014,25,,,0,99,,1016,25,,,0,100,,1025,25,,,0,100,,1030,25,,,0,115,,1028,25,,,0
301,'5228',741,,1042,25,,,0,176,,1040,25,,,0,101,,1032,25,,,0,106,,1035,25,,,0,101,,1031,25,,,0,100,,1033,25,,,0,100,,1036,25,,,0,100,,1034,25,,,0,100,,1037,25,,,0,100,,1039,25,,,0,97,,1038,25,,,0,100,,1041,25,,,0,104,,1043,25,,,0,100,,1044,25,,,0
301,'5256',636,,1045,25,,,0,70,,1046,25,,,0,30,,1047,25,,,0,79,,1049,25,,,0,29,,1048,25,,,0,99,,1051,25,,,0,80,,1050,25,,,0,101,,1053,25,,,0,91,,1052,25,,,0,90,,1057,25,,,0,100,,1055,25,,,0,40,,1054,25,,,0,76,,1056,25,,,0,32,,1059,25,,,0,177,,1060,25,,,0,84,,1058,25,,,0,44,,1061,25,,,0,95,,1062,25,,,0,158,,1063,25,,,0,231,,1064,25,,,0
301,'5257',2226,,1065,25,,,0
301,'5258',1620,,1067,25,,,0,35,,1066,25,,,0
301,'5259',1620,,1069,25,,,0,35,,1068,25,,,0
301,'5260',2226,,1070,25,,,0
301,'5261',1620,,1072,25,,,0,35,,1071,25,,,0
301,'5262',1620,,1074,25,,,0,35,,1073,25,,,0
400,'4623',1641,,1075,13,,,0
400,'5014',747,,1076,13,,,0,80,,1077,13,,,0,77,,1078,13,,,0,599,,1079,13,,,0,218,,1080,13,,,0
400,'5222',1641,,1081,13,,,0
400,'5256',747,,1082,13,,,0,80,,1083,13,,,0,77,,1084,13,,,0,599,,1085,13,,,0,97,,1087,13,,,0,121,,1086,13,,,0
400,'5257',1641,,1088,13,,,0
400,'5260',1641,,1089,13,,,0
500,'5014',736,,1102,7,,,0,82,,1103,7,,,0,34,,1104,7,,,0,82,,1105,7,,,0,73,,1106,7,,,0,48,,1107,7,,,0,73,,1108,7,,,0,82,,1109,7,,,0,33,,1110,7,,,0,87,,1111,7,,,0,73,,1112,7,,,0,42,,1113,7,,,0,73,,1114,7,,,0,87,,1115,7,,,0,33,,1116,7,,,0,82,,1117,7,,,0,33,,1118,7,,,0,86,,1119,7,,,0
500,'5227',816,,1122,7,,,0,36,,1121,7,,,0,82,,1120,7,,,0,73,,1123,7,,,0,48,,1124,7,,,0,73,,1125,7,,,0,82,,1126,7,,,0,33,,1127,7,,,0,87,,1128,7,,,0,73,,1129,7,,,0,42,,1130,7,,,0,73,,1131,7,,,0,87,,1132,7,,,0,33,,1133,7,,,0,82,,1134,7,,,0,33,,1135,7,,,0,86,,1136,7,,,0,74,,1137,7,,,0,41,,1138,7,,,0,72,,1139,7,,,0,82,,1140,7,,,0,33,,1141,7,,,0,85,,1142,7,,,0,30,,1143,7,,,0,81,,1144,7,,,0
500,'5228',816,,1156,7,,,0,36,,1157,7,,,0,82,,1158,7,,,0,73,,1159,7,,,0,48,,1160,7,,,0,73,,1161,7,,,0,82,,1162,7,,,0,33,,1163,7,,,0,87,,1164,7,,,0,73,,1165,7,,,0,42,,1166,7,,,0,73,,1145,7,,,0,87,,1146,7,,,0,33,,1148,7,,,0,82,,1147,7,,,0,33,,1150,7,,,0,86,,1152,7,,,0,74,,1149,7,,,0,41,,1153,7,,,0,72,,1151,7,,,0,82,,1154,7,,,0,33,,1155,7,,,0
500,'5256',736,,1167,7,,,0,82,,1168,7,,,0,34,,1169,7,,,0,82,,1170,7,,,0,73,,1171,7,,,0,48,,1172,7,,,0,73,,1173,7,,,0,82,,1174,7,,,0,33,,1175,7,,,0,87,,1176,7,,,0,73,,1177,7,,,0,42,,1178,7,,,0,73,,1179,7,,,0,87,,1180,7,,,0,33,,1181,7,,,0,82,,1182,7,,,0,33,,1183,7,,,0,86,,1184,7,,,0
500,'5258',1913,,1185,7,,,0,41,,1186,7,,,0,72,,1187,7,,,0,82,,1188,7,,,0,33,,1189,7,,,0
500,'5259',1913,,1190,7,,,0,41,,1191,7,,,0,72,,1192,7,,,0,82,,1193,7,,,0,33,,1194,7,,,0,85,,1195,7,,,0,30,,1196,7,,,0,81,,1197,7,,,0
500,'5261',1913,,1198,7,,,0,41,,1199,7,,,0,72,,1200,7,,,0,82,,1201,7,,,0,33,,1202,7,,,0
500,'5262',1913,,1203,7,,,0,41,,1204,7,,,0,72,,1205,7,,,0,82,,1206,7,,,0,33,,1207,7,,,0,85,,1208,7,,,0,30,,1209,7,,,0,81,,1210,7,,,0
900,'5014',808,,1320,27,,,0,105,,1322,27,,,0,100,,1321,27,,,0,100,,1324,27,,,0,120,,1323,27,,,0,80,,1326,27,,,0,100,,1325,27,,,0,102,,1327,27,,,0,124,,1329,27,,,0,100,,1328,27,,,0,89,,1330,27,,,0,105,,1331,27,,,0,113,,1332,27,,,0
900,'5256',808,,1333,27,,,0,105,,1335,27,,,0,100,,1334,27,,,0,100,,1337,27,,,0,120,,1336,27,,,0,80,,1339,27,,,0,100,,1338,27,,,0,102,,1340,27,,,0,124,,1342,27,,,0,100,,1341,27,,,0,89,,1343,27,,,0,105,,1344,27,,,0,113,,1345,27,,,0
