101,'4623',1706,,735,21,,,0,213,,739,21,,,0,198,,736,21,,,0,229,,737,21,,,0
101,'5014',655,,741,21,,,0,64,,753,21,,,0,40,,742,21,,,0,152,,743,21,,,0,99,,744,21,,,0,101,,745,21,,,0,109,,746,21,,,0,110,,747,21,,,0,70,,748,21,,,0,139,,755,21,,,0,88,,749,21,,,0,119,,754,21,,,0,89,,750,21,,,0,123,,751,21,,,0,279,,752,21,,,0
101,'5222',1706,,756,21,,,0,213,,759,21,,,0,198,,757,21,,,0,229,,758,21,,,0
101,'5227',703,,771,21,,,0,100,,766,21,,,0,102,,767,21,,,0,100,,768,21,,,0,100,,769,21,,,0,101,,770,21,,,0,100,,760,21,,,0,100,,764,21,,,0,100,,763,21,,,0,100,,762,21,,,0,100,,777,21,,,0,99,,761,21,,,0,110,,765,21,,,0,99,,772,21,,,0,104,,774,21,,,0,110,,773,21,,,0,114,,775,21,,,0,95,,776,21,,,0
101,'5228',759,,788,21,,,0,147,,790,21,,,0,100,,786,21,,,0,100,,778,21,,,0,102,,782,21,,,0,98,,780,21,,,0,100,,784,21,,,0,100,,779,21,,,0,100,,783,21,,,0,100,,789,21,,,0,99,,781,21,,,0,110,,785,21,,,0,99,,787,21,,,0,100,,791,21,,,0,105,,792,21,,,0
101,'5256',655,,794,21,,,0,64,,808,21,,,0,40,,795,21,,,0,152,,796,21,,,0,99,,797,21,,,0,101,,798,21,,,0,109,,799,21,,,0,110,,800,21,,,0,70,,801,21,,,0,58,,804,1,,,0,72,,803,21,0,5 6,0,9,,810,21,,,0,88,,802,21,,,0,119,,809,21,,,0,89,,805,21,,,0,123,,806,21,,,0,279,,807,21,,,0
101,'5257',1706,,811,21,,,0,213,,814,21,,,0,198,,812,21,,,0,229,,813,21,,,0
101,'5258',1500,,815,21,,,0
101,'5259',1500,,816,21,,,0
101,'5260',1706,,817,21,,,0,213,,821,21,,,0,198,,818,21,,,0,229,,819,21,,,0
101,'5261',1500,,822,21,,,0
101,'5262',1500,,823,21,,,0
201,'4623',1819,,908,23,,,0,427,,909,23,,,0,204,,910,23,,,0
201,'5014',603,,911,1,,,0,105,,912,23,,,0,31,,925,23,,,0,67,,913,23,,,0,18,,914,23,,,0,108,,915,23,,,0,110,,917,23,,,0,106,,916,23,,,0,106,,918,23,,,0,205,,919,23,,,0,87,,921,23,,,0,74,,920,23,,,0,34,,926,23,,,0,274,,922,23,,,0,105,,923,23,,,0,103,,924,23,,,0
201,'5222',1819,,927,23,,,0,427,,928,23,,,0
201,'5227',719,,941,23,,,0,127,,935,23,,,0,101,,936,23,,,0,100,,937,23,,,0,101,,938,23,,,0,100,,939,23,,,0,101,,940,23,,,0,100,,929,23,,,0,100,,930,23,,,0,100,,946,23,,,0,99,,931,23,,,0,100,,932,23,,,0,99,,933,23,,,0,100,,934,23,,,0,100,,944,23,,,0,99,,942,23,,,0,154,,943,23,,,0,59,,945,23,,,0
201,'5228',741,,957,23,,,0,100,,958,23,,,0,101,,956,23,,,0,105,,949,23,,,0,101,,950,23,,,0,100,,948,23,,,0,101,,952,23,,,0,100,,947,23,,,0,100,,953,23,,,0,100,,959,23,,,0,99,,954,23,,,0,100,,955,23,,,0,99,,951,23,,,0,105,,961,23,,,0,99,,962,23,,,0,105,,960,23,,,0
201,'5256',603,,963,1,,,0,105,,964,23,,,0,31,,977,23,,,0,67,,965,23,,,0,18,,966,23,,,0,108,,967,23,,,0,110,,969,23,,,0,106,,968,23,,,0,106,,970,23,,,0,205,,971,23,,,0,87,,973,23,,,0,74,,972,23,,,0,34,,978,23,,,0,274,,974,23,,,0,105,,975,23,,,0,103,,976,23,,,0
201,'5257',1819,,979,23,,,0,427,,980,23,,,0
201,'5258',1359,,981,23,,,0,370,,982,23,,,0
201,'5259',1359,,983,23,,,0,370,,984,23,,,0
201,'5260',1819,,985,23,,,0,427,,986,23,,,0,204,,987,23,,,0
201,'5261',1359,,988,23,,,0,370,,989,23,,,0
201,'5262',1359,,990,23,,,0,370,,991,23,,,0
401,'4623',1622,,1090,8,,,0
401,'5014',809,,1092,8,,,0,37,,1091,8,,,0,599,,1093,8,,,0,257,,1094,8,,,0
401,'5222',1622,,1095,8,,,0
401,'5256',809,,1097,8,,,0,37,,1096,8,,,0,599,,1098,8,,,0,257,,1099,8,,,0
401,'5257',1622,,1100,8,,,0
401,'5260',1622,,1101,8,,,0
900,'5014',749,,1320,7,,,0,105,,1322,7,,,0,100,,1321,7,,,0,100,,1324,7,,,0,160,,1323,7,,,0,40,,1326,7,,,0,100,,1325,7,,,0,100,,1327,7,,,0,165,,1329,7,,,0,100,,1328,7,,,0,90,,1330,7,,,0,106,,1331,7,,,0,113,,1332,7,,,0
900,'5256',749,,1333,7,,,0,105,,1335,7,,,0,100,,1334,7,,,0,100,,1337,7,,,0,160,,1336,7,,,0,40,,1339,7,,,0,100,,1338,7,,,0,100,,1340,7,,,0,165,,1342,7,,,0,100,,1341,7,,,0,90,,1343,7,,,0,106,,1344,7,,,0,113,,1345,7,,,0
