500,'5014',722,,1102,1,,,0,82,,1103,1,,,0,33,,1104,1,,,0,82,,1105,1,,,0,33,,1106,1,,,0,88,,1107,1,,,0,73,,1108,1,,,0,42,,1109,1,,,0,73,,1110,1,,,0,87,,1111,1,,,0,33,,1112,1,,,0,82,,1113,1,,,0,73,,1114,1,,,0,47,,1115,1,,,0,73,,1116,1,,,0,82,,1117,1,,,0,33,,1118,1,,,0,86,,1119,1,,,0
500,'5227',802,,1122,1,,,0,35,,1121,1,,,0,82,,1120,1,,,0,33,,1123,1,,,0,88,,1124,1,,,0,73,,1125,1,,,0,42,,1126,1,,,0,73,,1127,1,,,0,87,,1128,1,,,0,33,,1129,1,,,0,82,,1130,1,,,0,73,,1131,1,,,0,47,,1132,1,,,0,73,,1133,1,,,0,82,,1134,1,,,0,33,,1135,1,,,0,86,,1136,1,,,0,34,,1137,1,,,0,81,,1138,1,,,0,73,,1139,1,,,0,42,,1140,1,,,0,73,,1141,1,,,0,85,,1142,1,,,0,30,,1143,1,,,0,81,,1144,1,,,0
500,'5228',802,,1156,1,,,0,35,,1157,1,,,0,82,,1158,1,,,0,33,,1159,1,,,0,88,,1160,1,,,0,73,,1161,1,,,0,42,,1162,1,,,0,73,,1163,1,,,0,87,,1164,1,,,0,33,,1165,1,,,0,82,,1166,1,,,0,73,,1145,1,,,0,47,,1146,1,,,0,73,,1148,1,,,0,82,,1147,1,,,0,33,,1150,1,,,0,86,,1152,1,,,0,34,,1149,1,,,0,81,,1153,1,,,0,73,,1151,1,,,0,42,,1154,1,,,0,73,,1155,1,,,0
500,'5256',722,,1167,1,,,0,82,,1168,1,,,0,33,,1169,1,,,0,82,,1170,1,,,0,33,,1171,1,,,0,88,,1172,1,,,0,73,,1173,1,,,0,42,,1174,1,,,0,73,,1175,1,,,0,87,,1176,1,,,0,33,,1177,1,,,0,82,,1178,1,,,0,73,,1179,1,,,0,47,,1180,1,,,0,73,,1181,1,,,0,82,,1182,1,,,0,33,,1183,1,,,0,86,,1184,1,,,0
500,'5258',1858,,1185,1,,,0,81,,1186,1,,,0,73,,1187,1,,,0,42,,1188,1,,,0,73,,1189,1,,,0
500,'5259',1858,,1190,1,,,0,81,,1191,1,,,0,73,,1192,1,,,0,42,,1193,1,,,0,73,,1194,1,,,0,85,,1195,1,,,0,30,,1196,1,,,0,81,,1197,1,,,0
500,'5261',1858,,1198,1,,,0,81,,1199,1,,,0,73,,1200,1,,,0,42,,1201,1,,,0,73,,1202,1,,,0
500,'5262',1858,,1203,1,,,0,81,,1204,1,,,0,73,,1205,1,,,0,42,,1206,1,,,0,73,,1207,1,,,0,85,,1208,1,,,0,30,,1209,1,,,0,81,,1210,1,,,0
501,'5014',722,,1211,7,4,,0,82,,1212,8,4,,0,33,,1213,7,4,,0,82,,1214,8,4,,0,33,,1215,7,4,,0,88,,1216,8,4,,0,73,,1217,7,4,,0,42,,1218,8,4,,0,73,,1219,7,4,,0,87,,1220,8,4,,0,33,,1221,7,4,,0,82,,1222,8,4,,0,73,,1223,7,4,,0,47,,1224,8,4,,0,73,,1225,7,4,,0,82,,1227,8,4,,0,33,,1226,7,4,,0,86,,1228,8,4,,0
501,'5227',802,,1229,7,4,,0,35,,1230,7,4,,0,82,,1231,8,4,,0,33,,1232,7,4,,0,88,,1233,8,4,,0,73,,1234,7,4,,0,42,,1235,8,4,,0,73,,1236,7,4,,0,87,,1237,8,4,,0,33,,1238,7,4,,0,82,,1239,8,4,,0,73,,1240,7,4,,0,47,,1241,8,4,,0,73,,1242,7,4,,0,82,,1243,8,4,,0,33,,1244,7,4,,0,86,,1245,8,4,,0,34,,1246,7,4,,0,81,,1247,8,4,,0,73,,1248,7,4,,0,42,,1249,8,4,,0,73,,1250,7,4,,0,85,,1251,8,4,,0,30,,1252,7,4,,0,81,,1253,8,4,,0
501,'5228',802,,1265,7,4,,0,35,,1266,7,4,,0,82,,1267,8,4,,0,33,,1268,7,4,,0,88,,1269,8,4,,0,73,,1270,7,4,,0,42,,1271,8,4,,0,73,,1272,7,4,,0,87,,1273,8,4,,0,33,,1274,7,4,,0,82,,1275,8,4,,0,73,,1264,7,4,,0,47,,1254,8,4,,0,73,,1255,7,4,,0,82,,1256,8,4,,0,33,,1257,7,4,,0,86,,1261,8,4,,0,34,,1258,7,4,,0,81,,1259,8,4,,0,73,,1260,7,4,,0,42,,1262,8,4,,0,73,,1263,7,4,,0
501,'5256',722,,1276,7,4,,0,82,,1277,8,4,,0,33,,1278,7,4,,0,82,,1279,8,4,,0,33,,1280,7,4,,0,88,,1281,8,4,,0,73,,1282,7,4,,0,42,,1283,8,4,,0,73,,1284,7,4,,0,87,,1285,8,4,,0,33,,1286,7,4,,0,82,,1287,8,4,,0,73,,1288,7,4,,0,47,,1289,8,4,,0,73,,1290,7,4,,0,82,,1292,8,4,,0,33,,1291,7,4,,0,86,,1293,8,4,,0
501,'5258',1858,,1294,7,4,,0,81,,1295,8,4,,0,73,,1296,7,4,,0,42,,1297,8,4,,0,73,,1298,7,4,,0
501,'5259',1858,,1299,7,4,,0,81,,1300,8,4,,0,73,,1301,7,4,,0,42,,1303,8,4,,0,73,,1304,7,4,,0,85,,1302,8,4,,0,30,,1306,7,4,,0,81,,1305,8,4,,0
501,'5261',1858,,1307,7,4,,0,81,,1308,8,4,,0,73,,1309,7,4,,0,42,,1310,8,4,,0,73,,1311,7,4,,0
501,'5262',1858,,1312,7,4,,0,81,,1313,8,4,,0,73,,1314,7,4,,0,42,,1316,8,4,,0,73,,1317,7,4,,0,85,,1315,8,4,,0,30,,1319,7,4,,0,81,,1318,8,4,,0
