201,'4480',615,,1610,14,,,0,109,,1611,40,,,0,27,,1624,36,,,0,67,,1612,36,,,0,18,,1613,36,,,0,108,,1614,36,,,0,110,,1616,36,,,0,146,,1615,36,,,0,106,,1617,36,,,0,205,,1618,36,,,0,47,,1620,36,,,0,74,,1619,36,,,0,74,,1625,36,,,0,234,,1621,36,,,0,109,,1622,40,,,0,103,,1623,40,,,0
201,'4532',729,,2194,36,,,0,172,,2188,40,,,0,101,,2189,40,,,0,100,,2190,40,,,0,101,,2191,40,,,0,100,,2192,40,,,0,101,,2193,40,,,0,100,,2182,40,,,0,100,,2183,40,,,0,100,,2199,40,,,0,99,,2184,40,,,0,100,,2185,40,,,0,99,,2186,40,,,0,100,,2187,40,,,0,100,,2197,40,,,0,98,,2195,40,,,0,114,,2196,40,,,0,99,,2198,40,,,0
201,'4623',1831,,2200,36,,,0,471,,2201,40,,,0,204,,2202,40,,,0
201,'4661',1831,,1626,36,,,0,471,,1627,40,,,0
201,'4663',1831,,1632,36,,,0,471,,1633,40,,,0,204,,1634,40,,,0
201,'5014',615,,2203,14,,,0,109,,2204,40,,,0,27,,2217,36,,,0,67,,2205,36,,,0,18,,2206,36,,,0,108,,2207,36,,,0,110,,2209,36,,,0,146,,2208,36,,,0,106,,2210,36,,,0,205,,2211,36,,,0,47,,2213,36,,,0,74,,2212,36,,,0,74,,2218,36,,,0,234,,2214,36,,,0,109,,2215,40,,,0,103,,2216,40,,,0
201,'5173',1411,,1628,36,,,0,330,,1629,36,,,0
201,'5222',1831,,2219,36,,,0,471,,2220,40,,,0
201,'5228',755,,2231,40,,,0,100,,2232,40,,,0,101,,2230,40,,,0,146,,2223,40,,,0,101,,2224,40,,,0,100,,2222,40,,,0,101,,2226,40,,,0,100,,2221,40,,,0,100,,2227,40,,,0,100,,2233,40,,,0,99,,2228,40,,,0,100,,2229,40,,,0,99,,2225,40,,,0,105,,2235,40,,,0,99,,2236,40,,,0,104,,2234,40,,,0
201,'5259',1411,,1630,36,,,0,330,,1631,36,,,0
201,'5261',1411,,2237,36,,,0,330,,2238,36,,,0
201,'5262',1411,,2239,36,,,0,330,,2240,36,,,0
