100,'4623',1740,,647,18,,,0,212,,651,18,,,0,196,,648,18,,,0,268,,649,18,,,0
100,'5014',634,,652,18,,,0,93,,653,18,,,0,25,,665,18,,,0,81,,654,18,,,0,110,,655,18,,,0,99,,656,18,,,0,101,,657,17,,,0,110,,659,18,,,0,150,,658,18,,,0,30,,660,18,,,0,181,,667,18,,,0,87,,661,18,,,0,119,,666,18,,,0,89,,662,18,,,0,121,,663,18,,,0,277,,664,18,,,0
100,'5222',1740,,668,18,,,0,212,,671,18,,,0,196,,669,18,,,0,268,,670,18,,,0
100,'5227',733,,679,18,,,0,100,,674,18,,,0,102,,675,18,,,0,101,,676,18,,,0,100,,677,18,,,0,101,,678,18,,,0,102,,672,18,,,0,100,,673,18,,,0,100,,684,18,,,0,100,,685,18,,,0,100,,689,18,,,0,99,,686,18,,,0,108,,687,18,,,0,99,,688,18,,,0,103,,681,18,,,0,110,,683,18,,,0,153,,680,18,,,0
100,'5228',829,,701,18,,,0,107,,700,18,,,0,101,,698,18,,,0,100,,690,18,,,0,102,,696,18,,,0,100,,691,18,,,0,100,,697,18,,,0,100,,692,18,,,0,100,,694,18,,,0,100,,702,18,,,0,99,,693,18,,,0,108,,695,18,,,0,99,,699,18,,,0,99,,704,18,,,0,105,,703,18,,,0
100,'5256',634,,705,18,,,0,93,,706,18,,,0,25,,719,18,,,0,81,,707,18,,,0,110,,708,18,,,0,99,,709,18,,,0,101,,710,17,,,0,110,,712,18,,,0,150,,711,18,,,0,30,,713,18,,,0,97,,715,18,,,0,84,,721,18,,,0,87,,714,18,,,0,119,,720,18,,,0,89,,716,18,,,0,121,,717,18,,,0,277,,718,18,,,0
100,'5257',1740,,722,18,,,0,212,,725,18,,,0,196,,723,18,,,0,268,,724,18,,,0
100,'5258',1534,,726,18,,,0
100,'5259',1534,,727,18,,,0
100,'5260',1740,,728,18,,,0,212,,732,18,,,0,196,,729,18,,,0,268,,730,18,,,0
100,'5261',1534,,733,18,,,0
100,'5262',1534,,734,18,,,0
200,'4623',1847,,824,15,,,0,470,,825,15,,,0
200,'5014',631,,827,15,,,0,109,,828,15,,,0,67,,841,15,,,0,28,,829,15,,,0,18,,831,15,,,0,147,,830,15,,,0,110,,833,15,,,0,106,,832,15,,,0,106,,834,15,,,0,205,,836,15,,,0,87,,837,15,,,0,34,,835,15,,,0,74,,842,15,,,0,234,,838,15,,,0,149,,839,15,,,0,102,,840,15,,,0
200,'5222',1847,,843,15,,,0,470,,844,15,,,0
200,'5227',744,,857,15,,,0,172,,851,15,,,0,102,,853,15,,,0,100,,852,15,,,0,101,,854,15,,,0,100,,855,15,,,0,101,,856,15,,,0,100,,845,15,,,0,100,,846,15,,,0,100,,862,15,,,0,99,,847,15,,,0,100,,848,15,,,0,99,,849,15,,,0,100,,850,15,,,0,100,,859,15,,,0,97,,858,15,,,0,114,,860,15,,,0
200,'5228',810,,873,15,,,0,100,,874,15,,,0,102,,872,15,,,0,106,,863,15,,,0,101,,867,15,,,0,100,,865,15,,,0,101,,870,15,,,0,100,,864,15,,,0,100,,869,15,,,0,100,,875,15,,,0,99,,866,15,,,0,100,,871,15,,,0,99,,868,15,,,0,105,,878,15,,,0,99,,877,15,,,0,103,,876,15,,,0
200,'5256',631,,879,15,,,0,109,,880,15,,,0,67,,893,15,,,0,28,,881,15,,,0,18,,883,15,,,0,147,,882,15,,,0,110,,885,15,,,0,106,,884,15,,,0,106,,886,15,,,0,205,,888,15,,,0,87,,889,15,,,0,34,,887,15,,,0,74,,894,15,,,0,234,,890,15,,,0,149,,891,15,,,0,102,,892,15,,,0
200,'5257',1847,,895,15,,,0,470,,896,15,,,0
200,'5258',1427,,897,15,,,0,330,,898,15,,,0
200,'5259',1427,,899,15,,,0,330,,900,15,,,0
200,'5260',1847,,901,15,,,0,470,,902,15,,,0
200,'5261',1427,,904,15,,,0,330,,905,15,,,0
200,'5262',1427,,906,15,,,0,330,,907,15,,,0
900,'5014',800,,1320,16,,,0,105,,1322,16,,,0,100,,1321,16,,,0,100,,1324,16,,,0,120,,1323,16,,,0,80,,1326,16,,,0,100,,1325,16,,,0,100,,1327,16,,,0,125,,1329,16,,,0,100,,1328,16,,,0,89,,1330,16,,,0,106,,1331,16,,,0,113,,1332,16,,,0
900,'5256',800,,1333,16,,,0,105,,1335,16,,,0,100,,1334,16,,,0,100,,1337,16,,,0,120,,1336,16,,,0,80,,1339,16,,,0,100,,1338,16,,,0,100,,1340,16,,,0,125,,1342,16,,,0,100,,1341,16,,,0,89,,1343,16,,,0,106,,1344,16,,,0,113,,1345,16,,,0
