100,'4480',645,,1411,30,4,,0,93,,1412,30,4,,0,65,,1425,30,4,,0,44,,1413,30,4,,0,108,,1414,30,4,,0,98,,1415,30,4,,0,102,,1416,29,4,,0,150,,1418,30,4,,0,110,,1417,30,4,,0,30,,1419,30,4,,0,98,,1421,30,4,,0,84,,1427,30,4,,0,87,,1420,30,4,,0,117,,1426,30,4,,0,89,,1422,30,4,,0,121,,1423,30,4,,0,276,,1424,30,4,,0
100,'4532',742,,2010,30,4,,0,100,,2005,30,4,,0,103,,2006,30,4,,0,102,,2007,30,4,,0,100,,2008,30,4,,0,101,,2009,30,4,,0,102,,2003,30,4,,0,100,,2004,30,4,,0,100,,2015,30,4,,0,100,,2016,30,4,,0,100,,2020,30,4,,0,98,,2017,30,4,,0,108,,2018,30,4,,0,99,,2019,30,4,,0,103,,2012,30,4,,0,149,,2014,30,4,,0,113,,2011,30,4,,0
100,'4623',1753,,2021,30,4,,0,250,,2025,30,4,,0,156,,2022,30,4,,0,267,,2023,30,4,,0
100,'4661',1753,,1428,30,4,,0,250,,1431,30,4,,0,156,,1429,30,4,,0,267,,1430,30,4,,0
100,'4663',1753,,1434,30,4,,0,250,,1438,30,4,,0,156,,1435,30,4,,0,267,,1436,30,4,,0
100,'5014',645,,2026,30,4,,0,93,,2027,30,4,,0,65,,2039,30,4,,0,44,,2028,30,4,,0,108,,2029,30,4,,0,98,,2030,30,4,,0,102,,2031,29,4,,0,150,,2033,30,4,,0,110,,2032,30,4,,0,30,,2034,30,4,,0,182,,2041,30,4,,0,87,,2035,30,4,,0,117,,2040,30,4,,0,89,,2036,30,4,,0,121,,2037,30,4,,0,276,,2038,30,4,,0
100,'5173',1547,,1432,30,4,,0
100,'5222',1753,,2042,30,4,,0,250,,2045,30,4,,0,156,,2043,30,4,,0,267,,2044,30,4,,0
100,'5228',838,,2057,30,4,,0,108,,2056,30,4,,0,102,,2054,30,4,,0,100,,2046,30,4,,0,102,,2052,30,4,,0,100,,2047,30,4,,0,100,,2053,30,4,,0,100,,2048,30,4,,0,100,,2050,30,4,,0,100,,2058,30,4,,0,98,,2049,30,4,,0,108,,2051,30,4,,0,99,,2055,30,4,,0,99,,2060,30,4,,0,104,,2059,30,4,,0
100,'5259',1547,,1433,30,4,,0
100,'5261',1547,,2061,30,4,,0
100,'5262',1547,,2062,30,4,,0
101,'4480',641,,1481,1,,,0,64,,1495,1,,,0,38,,1482,1,,,0,112,,1483,1,,,0,100,,1484,1,,,0,100,,1485,1,,,0,149,,1486,1,,,0,110,,1487,1,,,0,30,,1488,1,,,0,167,,1490,1,0,5 6,0,10,,1497,1,,,0,89,,1489,1,,,0,120,,1496,1,,,0,90,,1492,1,,,0,124,,1493,1,,,0,280,,1494,1,,,0
101,'4532',649,,2074,1,,,0,100,,2069,1,,,0,100,,2070,1,,,0,100,,2071,1,,,0,100,,2072,1,,,0,100,,2073,1,,,0,100,,2063,1,,,0,100,,2067,1,,,0,100,,2066,1,,,0,100,,2065,1,,,0,100,,2080,1,,,0,100,,2064,1,,,0,110,,2068,1,,,0,100,,2075,1,,,0,145,,2077,1,,,0,110,,2076,1,,,0,115,,2078,1,,,0,95,,2079,1,,,0
101,'4623',1650,,2081,1,,,0,255,,2085,1,,,0,198,,2082,1,,,0,231,,2083,1,,,0
101,'4661',1650,,1498,1,,,0,255,,1501,1,,,0,198,,1499,1,,,0,231,,1500,1,,,0
101,'4663',1650,,1504,1,,,0,255,,1508,1,,,0,198,,1505,1,,,0,231,,1506,1,,,0
101,'5014',641,,2087,1,,,0,64,,2099,1,,,0,38,,2088,1,,,0,112,,2089,1,,,0,100,,2090,1,,,0,100,,2091,1,,,0,149,,2092,1,,,0,110,,2093,1,,,0,30,,2094,1,,,0,177,,2101,1,,,0,89,,2095,1,,,0,120,,2100,1,,,0,90,,2096,1,,,0,124,,2097,1,,,0,280,,2098,1,,,0
101,'5173',1444,,1502,1,,,0
101,'5222',1650,,2102,1,,,0,255,,2105,1,,,0,198,,2103,1,,,0,231,,2104,1,,,0
101,'5228',745,,2116,1,,,0,105,,2118,1,,,0,100,,2114,1,,,0,100,,2106,1,,,0,101,,2110,1,,,0,98,,2108,1,,,0,100,,2112,1,,,0,100,,2107,1,,,0,100,,2111,1,,,0,100,,2117,1,,,0,100,,2109,1,,,0,110,,2113,1,,,0,100,,2115,1,,,0,141,,2119,1,,,0,105,,2120,1,,,0
101,'5259',1444,,1503,1,,,0
101,'5261',1444,,2121,1,,,0
101,'5262',1444,,2122,1,,,0
200,'4480',641,,1546,27,4,,0,109,,1547,27,4,,0,68,,1560,27,4,,0,29,,1548,27,4,,0,58,,1550,27,4,,0,106,,1549,27,4,,0,109,,1552,27,4,,0,108,,1551,27,4,,0,106,,1553,27,4,,0,205,,1555,27,4,,0,87,,1556,27,4,,0,74,,1554,27,4,,0,33,,1561,27,4,,0,274,,1557,27,4,,0,109,,1558,27,4,,0,101,,1559,27,4,,0
200,'4532',753,,2135,27,4,,0,173,,2129,27,4,,0,102,,2131,27,4,,0,100,,2130,27,4,,0,101,,2132,27,4,,0,101,,2133,27,4,,0,101,,2134,27,4,,0,100,,2123,27,4,,0,100,,2124,27,4,,0,99,,2140,27,4,,0,99,,2125,27,4,,0,100,,2126,27,4,,0,98,,2127,27,4,,0,100,,2128,27,4,,0,100,,2137,27,4,,0,97,,2136,27,4,,0,114,,2138,27,4,,0
200,'4623',1858,,2141,27,4,,0,469,,2142,27,4,,0
200,'4661',1858,,1562,27,4,,0,469,,1563,27,4,,0
200,'4663',1858,,1568,27,4,,0,469,,1569,27,4,,0
200,'5014',641,,2144,27,4,,0,109,,2145,27,4,,0,68,,2158,27,4,,0,29,,2146,27,4,,0,58,,2148,27,4,,0,106,,2147,27,4,,0,109,,2150,27,4,,0,108,,2149,27,4,,0,106,,2151,27,4,,0,205,,2153,27,4,,0,87,,2154,27,4,,0,74,,2152,27,4,,0,33,,2159,27,4,,0,274,,2155,27,4,,0,109,,2156,27,4,,0,101,,2157,27,4,,0
200,'5173',1439,,1564,27,4,,0,369,,1565,27,4,,0
200,'5222',1858,,2160,27,4,,0,469,,2161,27,4,,0
200,'5228',820,,2172,27,4,,0,100,,2173,27,4,,0,102,,2171,27,4,,0,106,,2162,27,4,,0,101,,2166,27,4,,0,101,,2164,27,4,,0,101,,2169,27,4,,0,100,,2163,27,4,,0,100,,2168,27,4,,0,99,,2174,27,4,,0,99,,2165,27,4,,0,100,,2170,27,4,,0,98,,2167,27,4,,0,105,,2177,27,4,,0,99,,2176,27,4,,0,103,,2175,27,4,,0
200,'5259',1439,,1566,27,4,,0,369,,1567,27,4,,0
200,'5261',1439,,2178,27,4,,0,369,,2179,27,4,,0
200,'5262',1439,,2180,27,4,,0,369,,2181,27,4,,0
201,'4480',653,,1611,1,,,0,71,,1624,1,,,0,26,,1612,1,,,0,58,,1613,1,,,0,107,,1614,1,,,0,110,,1616,1,,,0,105,,1615,1,,,0,105,,1617,1,,,0,205,,1618,1,,,0,85,,1620,1,,,0,75,,1619,1,,,0,35,,1625,1,,,0,275,,1621,1,,,0,105,,1622,1,,,0,105,,1623,1,,,0
201,'4532',705,,2194,1,,,0,125,,2188,1,,,0,100,,2189,1,,,0,100,,2190,1,,,0,100,,2191,1,,,0,100,,2192,1,,,0,100,,2193,1,,,0,100,,2182,1,,,0,100,,2183,1,,,0,100,,2199,1,,,0,100,,2184,1,,,0,100,,2185,1,,,0,100,,2186,1,,,0,100,,2187,1,,,0,100,,2197,1,,,0,100,,2195,1,,,0,115,,2196,1,,,0,100,,2198,1,,,0
201,'4623',1800,,2200,1,,,0,430,,2201,1,,,0,205,,2202,1,,,0
201,'4661',1800,,1626,1,,,0,430,,1627,1,,,0
201,'4663',1800,,1632,1,,,0,430,,1633,1,,,0,205,,1634,1,,,0
201,'5014',653,,2204,1,,,0,71,,2217,1,,,0,26,,2205,1,,,0,58,,2206,1,,,0,107,,2207,1,,,0,110,,2209,1,,,0,105,,2208,1,,,0,105,,2210,1,,,0,205,,2211,1,,,0,85,,2213,1,,,0,75,,2212,1,,,0,35,,2218,1,,,0,275,,2214,1,,,0,105,,2215,1,,,0,105,,2216,1,,,0
201,'5173',1340,,1628,1,,,0,370,,1629,1,,,0
201,'5222',1800,,2219,1,,,0,430,,2220,1,,,0
201,'5228',725,,2231,1,,,0,100,,2232,1,,,0,100,,2230,1,,,0,105,,2223,1,,,0,100,,2224,1,,,0,100,,2222,1,,,0,100,,2226,1,,,0,100,,2221,1,,,0,100,,2227,1,,,0,100,,2233,1,,,0,100,,2228,1,,,0,100,,2229,1,,,0,100,,2225,1,,,0,105,,2235,1,,,0,100,,2236,1,,,0,105,,2234,1,,,0
201,'5259',1340,,1630,1,,,0,370,,1631,1,,,0
201,'5261',1340,,2237,1,,,0,370,,2238,1,,,0
201,'5262',1340,,2239,1,,,0,370,,2240,1,,,0
301,'4480',615,,1676,1,0,9,0,24,,1676,26,4,,0,6,,1677,1,0,9,0,64,,1677,26,4,,0,6,,1678,1,0,9,0,24,,1678,26,4,,0,14,,1680,1,0,9,0,65,,1679,1,0,9,0,29,,1679,26,4,,0,73,,1682,1,0,9,0,26,,1682,26,4,,0,54,,1681,1,0,9,0,26,,1681,26,4,,0,74,,1684,1,0,9,0,27,,1684,26,4,,0,23,,1683,1,0,9,0,68,,1683,26,4,,0,22,,1688,1,0,9,0,68,,1688,26,4,,0,32,,1686,1,0,9,0,68,,1686,26,4,,0,12,,1685,1,0,9,0,28,,1685,26,4,,0,6,,1687,1,0,9,0,70,,1687,26,4,,0,2,,1690,1,0,9,0,30,,1690,26,4,,0,149,,1691,1,0,9,0,28,,1691,26,4,,0,17,,1689,1,0,9,0,67,,1689,26,4,,0,18,,1692,1,0,9,0,66,,1692,26,4,,0,29,,1693,1,0,9,0,26,,1693,26,4,,0,94,,1694,1,0,9,0,63,,1694,26,4,,0,208,,1695,1,0,9,0,23,,1695,26,4,,0
301,'4532',640,,2256,1,0,9,0,63,,2256,26,4,,0,97,,2249,1,0,9,0,24,,2249,26,4,,0,76,,2250,1,0,9,0,25,,2250,26,4,,0,75,,2253,1,0,9,0,26,,2253,26,4,,0,74,,2251,1,0,9,0,27,,2251,26,4,,0,73,,2248,1,0,9,0,28,,2248,26,4,,0,72,,2254,1,0,9,0,28,,2254,26,4,,0,72,,2245,1,0,9,0,28,,2245,26,4,,0,72,,2244,1,0,9,0,28,,2244,26,4,,0,72,,2246,1,0,9,0,28,,2246,26,4,,0,72,,2242,1,0,9,0,28,,2242,26,4,,0,72,,2247,1,0,9,0,25,,2247,26,4,,0,75,,2241,1,0,9,0,25,,2241,26,4,,0,75,,2243,1,0,9,0,23,,2243,26,4,,0,77,,2252,1,0,9,0,23,,2252,26,4,,0,77,,2257,1,0,9,0,23,,2257,26,4,,0,92,,2255,1,0,9,0,23,,2255,26,4,,0
301,'4623',2205,,2258,1,0,9,0,23,,2258,26,4,,0
301,'4661',2205,,1696,1,0,9,0,23,,1696,26,4,,0
301,'4663',2205,,1701,1,0,9,0,23,,1701,26,4,,0
301,'5014',615,,2259,1,0,9,0,24,,2259,26,4,,0,6,,2260,1,0,9,0,64,,2260,26,4,,0,6,,2261,1,0,9,0,24,,2261,26,4,,0,14,,2263,1,0,9,0,65,,2262,1,0,9,0,29,,2262,26,4,,0,73,,2265,1,0,9,0,26,,2265,26,4,,0,54,,2264,1,0,9,0,26,,2264,26,4,,0,74,,2267,1,0,9,0,27,,2267,26,4,,0,23,,2266,1,0,9,0,68,,2266,26,4,,0,22,,2271,1,0,9,0,68,,2271,26,4,,0,32,,2269,1,0,9,0,68,,2269,26,4,,0,12,,2268,1,0,9,0,28,,2268,26,4,,0,6,,2270,1,0,9,0,70,,2270,26,4,,0,2,,2273,1,0,9,0,30,,2273,26,4,,0,149,,2274,1,0,9,0,28,,2274,26,4,,0,17,,2272,1,0,9,0,67,,2272,26,4,,0,18,,2275,1,0,9,0,66,,2275,26,4,,0,29,,2276,1,0,9,0,26,,2276,26,4,,0,94,,2277,1,0,9,0,63,,2277,26,4,,0,208,,2278,1,0,9,0,23,,2278,26,4,,0
301,'5173',1555,,1698,1,0,9,0,68,,1698,26,4,,0,7,,1697,1,0,9,0,28,,1697,26,4,,0
301,'5222',2205,,2279,1,0,9,0,23,,2279,26,4,,0
301,'5228',720,,2291,1,0,9,0,23,,2291,26,4,,0,112,,2289,1,0,9,0,64,,2289,26,4,,0,36,,2281,1,0,9,0,66,,2281,26,4,,0,79,,2284,1,0,9,0,27,,2284,26,4,,0,73,,2280,1,0,9,0,28,,2280,26,4,,0,72,,2282,1,0,9,0,28,,2282,26,4,,0,72,,2285,1,0,9,0,28,,2285,26,4,,0,72,,2283,1,0,9,0,28,,2283,26,4,,0,72,,2286,1,0,9,0,28,,2286,26,4,,0,72,,2288,1,0,9,0,28,,2288,26,4,,0,72,,2287,1,0,9,0,25,,2287,26,4,,0,75,,2290,1,0,9,0,25,,2290,26,4,,0,80,,2292,1,0,9,0,23,,2292,26,4,,0,77,,2293,1,0,9,0,23,,2293,26,4,,0
301,'5259',1555,,1700,1,0,9,0,68,,1700,26,4,,0,7,,1699,1,0,9,0,28,,1699,26,4,,0
301,'5261',1555,,2295,1,0,9,0,68,,2295,26,4,,0,7,,2294,1,0,9,0,28,,2294,26,4,,0
301,'5262',1555,,2297,1,0,9,0,68,,2297,26,4,,0,7,,2296,1,0,9,0,28,,2296,26,4,,0
400,'4480',749,,1713,14,4,,0,80,,1714,14,4,,0,77,,1715,14,4,,0,600,,1716,14,4,,0,97,,1718,14,4,,0,121,,1717,14,4,,0
400,'4623',1644,,2298,14,4,,0
400,'4661',1644,,1719,14,4,,0
400,'4663',1644,,1720,14,4,,0
400,'5014',749,,2299,14,4,,0,80,,2300,14,4,,0,77,,2301,14,4,,0,600,,2302,14,4,,0,218,,2303,14,4,,0
400,'5222',1644,,2304,14,4,,0
401,'4480',758,,1728,1,,,0,77,,1727,1,,,0,598,,1729,1,,,0,217,,1730,1,,,0
401,'4623',1610,,2305,1,,,0
401,'4661',1610,,1731,1,,,0
401,'4663',1610,,1732,1,,,0
401,'5014',758,,2307,1,,,0,77,,2306,1,,,0,598,,2308,1,,,0,217,,2309,1,,,0
401,'5222',1610,,2310,1,,,0
500,'4480',738,,1798,8,4,,0,82,,1799,8,4,,0,34,,1800,8,4,,0,82,,1801,8,4,,0,73,,1802,8,4,,0,48,,1803,8,4,,0,73,,1804,8,4,,0,82,,1805,8,4,,0,33,,1806,8,4,,0,87,,1807,8,4,,0,73,,1808,8,4,,0,42,,1809,8,4,,0,73,,1810,8,4,,0,87,,1811,8,4,,0,33,,1812,8,4,,0,82,,1813,8,4,,0,33,,1814,8,4,,0,86,,1815,8,4,,0
500,'4532',818,,2313,8,4,,0,36,,2312,8,4,,0,82,,2311,8,4,,0,73,,2314,8,4,,0,48,,2315,8,4,,0,73,,2316,8,4,,0,82,,2317,8,4,,0,33,,2318,8,4,,0,87,,2319,8,4,,0,73,,2320,8,4,,0,42,,2321,8,4,,0,73,,2322,8,4,,0,87,,2323,8,4,,0,33,,2324,8,4,,0,82,,2325,8,4,,0,33,,2326,8,4,,0,86,,2327,8,4,,0,74,,2328,8,4,,0,41,,2329,8,4,,0,72,,2330,8,4,,0,82,,2331,8,4,,0,33,,2332,8,4,,0,85,,2333,8,4,,0,30,,2334,8,4,,0,81,,2335,8,4,,0
500,'5014',738,,2336,8,4,,0,82,,2337,8,4,,0,34,,2338,8,4,,0,82,,2339,8,4,,0,73,,2340,8,4,,0,48,,2341,8,4,,0,73,,2342,8,4,,0,82,,2343,8,4,,0,33,,2344,8,4,,0,87,,2345,8,4,,0,73,,2346,8,4,,0,42,,2347,8,4,,0,73,,2348,8,4,,0,87,,2349,8,4,,0,33,,2350,8,4,,0,82,,2351,8,4,,0,33,,2352,8,4,,0,86,,2353,8,4,,0
500,'5173',1915,,1816,8,4,,0,41,,1817,8,4,,0,72,,1818,8,4,,0,82,,1819,8,4,,0,33,,1820,8,4,,0
500,'5228',818,,2365,8,4,,0,36,,2366,8,4,,0,82,,2367,8,4,,0,73,,2368,8,4,,0,48,,2369,8,4,,0,73,,2370,8,4,,0,82,,2371,8,4,,0,33,,2372,8,4,,0,87,,2373,8,4,,0,73,,2374,8,4,,0,42,,2375,8,4,,0,73,,2354,8,4,,0,87,,2355,8,4,,0,33,,2357,8,4,,0,82,,2356,8,4,,0,33,,2359,8,4,,0,86,,2361,8,4,,0,74,,2358,8,4,,0,41,,2362,8,4,,0,72,,2360,8,4,,0,82,,2363,8,4,,0,33,,2364,8,4,,0
500,'5259',1915,,1821,8,4,,0,41,,1822,8,4,,0,72,,1823,8,4,,0,82,,1824,8,4,,0,33,,1825,8,4,,0,85,,1826,8,4,,0,30,,1827,8,4,,0,81,,1828,8,4,,0
500,'5261',1915,,2376,8,4,,0,41,,2377,8,4,,0,72,,2378,8,4,,0,82,,2379,8,4,,0,33,,2380,8,4,,0
500,'5262',1915,,2381,8,4,,0,41,,2382,8,4,,0,72,,2383,8,4,,0,82,,2384,8,4,,0,33,,2385,8,4,,0,85,,2386,8,4,,0,30,,2387,8,4,,0,81,,2388,8,4,,0
501,'4480',710,,1907,1,,,0,35,,1908,1,,,0,80,,1909,1,,,0,75,,1910,1,,,0,40,,1911,1,,,0,80,,1912,1,,,0,80,,1913,1,,,0,35,,1914,1,,,0,80,,1915,1,,,0,40,,1916,1,,,0,80,,1917,1,,,0,75,,1918,1,,,0,40,,1919,1,,,0,80,,1920,1,,,0,80,,1921,1,,,0,35,,1923,1,,,0,80,,1922,1,,,0,80,,1924,1,,,0
501,'4532',750,,2389,1,,,0,75,,2390,1,,,0,75,,2391,1,,,0,40,,2392,1,,,0,80,,2393,1,,,0,80,,2394,1,,,0,35,,2395,1,,,0,80,,2396,1,,,0,40,,2397,1,,,0,80,,2398,1,,,0,75,,2399,1,,,0,40,,2400,1,,,0,80,,2401,1,,,0,80,,2402,1,,,0,35,,2403,1,,,0,80,,2404,1,,,0,80,,2405,1,,,0,40,,2406,1,,,0,75,,2407,1,,,0,80,,2408,1,,,0,35,,2409,1,,,0,80,,2410,1,,,0,39,,2411,1,,,0,76,,2412,1,,,0,75,,2413,1,,,0
501,'5014',710,,2414,1,,,0,35,,2415,1,,,0,80,,2416,1,,,0,75,,2417,1,,,0,40,,2418,1,,,0,80,,2419,1,,,0,80,,2420,1,,,0,35,,2421,1,,,0,80,,2422,1,,,0,40,,2423,1,,,0,80,,2424,1,,,0,75,,2425,1,,,0,40,,2426,1,,,0,80,,2427,1,,,0,80,,2428,1,,,0,35,,2430,1,,,0,80,,2429,1,,,0,80,,2431,1,,,0
501,'5173',1845,,1925,1,,,0,75,,1926,1,,,0,80,,1927,1,,,0,35,,1928,1,,,0,80,,1929,1,,,0
501,'5228',750,,2443,1,,,0,75,,2444,1,,,0,75,,2445,1,,,0,40,,2446,1,,,0,80,,2447,1,,,0,80,,2448,1,,,0,35,,2449,1,,,0,80,,2450,1,,,0,40,,2451,1,,,0,80,,2452,1,,,0,75,,2453,1,,,0,40,,2442,1,,,0,80,,2432,1,,,0,80,,2433,1,,,0,35,,2434,1,,,0,80,,2435,1,,,0,80,,2439,1,,,0,40,,2436,1,,,0,75,,2437,1,,,0,80,,2438,1,,,0,35,,2440,1,,,0,80,,2441,1,,,0
501,'5259',1845,,1930,1,,,0,75,,1931,1,,,0,80,,1932,1,,,0,35,,1934,1,,,0,80,,1935,1,,,0,39,,1933,1,,,0,76,,1937,1,,,0,75,,1936,1,,,0
501,'5261',1845,,2454,1,,,0,75,,2455,1,,,0,80,,2456,1,,,0,35,,2457,1,,,0,80,,2458,1,,,0
501,'5262',1845,,2459,1,,,0,75,,2460,1,,,0,80,,2461,1,,,0,35,,2463,1,,,0,80,,2464,1,,,0,39,,2462,1,,,0,76,,2466,1,,,0,75,,2465,1,,,0
900,'4480',811,,1964,28,4,,0,105,,1966,28,4,,0,100,,1965,28,4,,0,100,,1968,28,4,,0,120,,1967,28,4,,0,80,,1970,28,4,,0,100,,1969,28,4,,0,102,,1971,28,4,,0,124,,1973,28,4,,0,100,,1972,28,4,,0,89,,1974,28,4,,0,104,,1975,28,4,,0,113,,1976,28,4,,0
900,'5014',811,,2467,28,4,,0,105,,2469,28,4,,0,100,,2468,28,4,,0,100,,2471,28,4,,0,120,,2470,28,4,,0,80,,2473,28,4,,0,100,,2472,28,4,,0,102,,2474,28,4,,0,124,,2476,28,4,,0,100,,2475,28,4,,0,89,,2477,28,4,,0,104,,2478,28,4,,0,113,,2479,28,4,,0
901,'4480',720,,1990,1,,,0,103,,1991,1,,,0,102,,1992,1,,,0,99,,1993,1,,,0,101,,1994,1,,,0,98,,1995,1,,,0,100,,1996,1,,,0,98,,1997,1,,,0,124,,1998,1,,,0,100,,1999,1,,,0,93,,2000,1,,,0,108,,2001,1,,,0,154,,2002,1,,,0
901,'5014',720,,2480,1,,,0,103,,2481,1,,,0,102,,2482,1,,,0,99,,2483,1,,,0,101,,2484,1,,,0,98,,2485,1,,,0,100,,2486,1,,,0,98,,2487,1,,,0,124,,2488,1,,,0,100,,2489,1,,,0,93,,2490,1,,,0,108,,2491,1,,,0,154,,2492,1,,,0
