301,'4623',2219,,992,20,,,0
301,'5014',629,,993,20,,,0,30,,994,20,,,0,70,,995,20,,,0,79,,997,20,,,0,26,,996,20,,,0,101,,999,20,,,0,80,,998,20,,,0,101,,1001,20,,,0,90,,1000,20,,,0,50,,1005,20,,,0,100,,1003,20,,,0,80,,1002,20,,,0,75,,1004,20,,,0,32,,1007,20,,,0,178,,1008,20,,,0,85,,1006,20,,,0,44,,1009,20,,,0,95,,1010,20,,,0,159,,1011,20,,,0,231,,1012,20,,,0
301,'5222',2219,,1013,20,,,0
301,'5227',654,,1029,20,,,0,161,,1022,20,,,0,100,,1023,20,,,0,100,,1026,20,,,0,101,,1024,20,,,0,100,,1021,20,,,0,100,,1027,20,,,0,100,,1018,20,,,0,100,,1017,20,,,0,100,,1019,20,,,0,100,,1015,20,,,0,99,,1020,20,,,0,100,,1014,20,,,0,99,,1016,20,,,0,100,,1025,20,,,0,100,,1030,20,,,0,115,,1028,20,,,0
301,'5228',734,,1042,20,,,0,176,,1040,20,,,0,100,,1032,20,,,0,106,,1035,20,,,0,100,,1031,20,,,0,100,,1033,20,,,0,100,,1036,20,,,0,100,,1034,20,,,0,100,,1037,20,,,0,100,,1039,20,,,0,99,,1038,20,,,0,100,,1041,20,,,0,104,,1043,20,,,0,100,,1044,20,,,0
301,'5256',629,,1045,20,,,0,30,,1046,20,,,0,70,,1047,20,,,0,79,,1049,20,,,0,26,,1048,20,,,0,101,,1051,20,,,0,80,,1050,20,,,0,101,,1053,20,,,0,90,,1052,20,,,0,50,,1057,20,,,0,100,,1055,20,,,0,80,,1054,20,,,0,75,,1056,20,,,0,32,,1059,20,,,0,178,,1060,20,,,0,85,,1058,20,,,0,44,,1061,20,,,0,95,,1062,20,,,0,159,,1063,20,,,0,231,,1064,20,,,0
301,'5257',2219,,1065,20,,,0
301,'5258',1611,,1067,20,,,0,35,,1066,20,,,0
301,'5259',1611,,1069,20,,,0,35,,1068,20,,,0
301,'5260',2219,,1070,20,,,0
301,'5261',1611,,1072,20,,,0,35,,1071,20,,,0
301,'5262',1611,,1074,20,,,0,35,,1073,20,,,0
