100,'4623',1727,,647,9,,,0,212,,651,9,,,0,197,,648,9,,,0,269,,649,9,,,0,124,,650,9,0,5 6,0
100,'5014',622,,652,9,,,0,92,,653,9,,,0,25,,665,9,,,0,81,,654,9,,,0,110,,655,9,,,0,99,,656,9,,,0,101,,657,8,,,0,110,,659,9,,,0,110,,658,9,,,0,70,,660,9,,,0,181,,667,9,,,0,47,,661,9,,,0,159,,666,9,,,0,49,,662,9,,,0,162,,663,9,,,0,238,,664,9,,,0
100,'5222',1727,,668,9,,,0,212,,671,9,,,0,197,,669,9,,,0,269,,670,9,,,0
100,'5227',720,,679,9,,,0,100,,674,9,,,0,102,,675,9,,,0,101,,676,9,,,0,100,,677,9,,,0,101,,678,9,,,0,102,,672,9,,,0,100,,673,9,,,0,100,,684,9,,,0,100,,685,9,,,0,100,,689,9,,,0,99,,686,9,,,0,109,,687,9,,,0,99,,688,9,,,0,104,,681,9,,,0,110,,683,9,,,0,154,,680,9,,,0,54,,682,9,0,5 6,0
100,'5228',816,,701,9,,,0,107,,700,9,,,0,101,,698,9,,,0,100,,690,9,,,0,102,,696,9,,,0,100,,691,9,,,0,100,,697,9,,,0,100,,692,9,,,0,100,,694,9,,,0,100,,702,9,,,0,99,,693,9,,,0,109,,695,9,,,0,99,,699,9,,,0,100,,704,9,,,0,105,,703,9,,,0
100,'5256',622,,705,9,,,0,92,,706,9,,,0,25,,719,9,,,0,81,,707,9,,,0,110,,708,9,,,0,99,,709,9,,,0,101,,710,8,,,0,110,,712,9,,,0,110,,711,9,,,0,70,,713,9,,,0,97,,715,9,,,0,84,,721,9,,,0,47,,714,9,,,0,159,,720,9,,,0,49,,716,9,,,0,162,,717,9,,,0,238,,718,9,,,0
100,'5257',1727,,722,9,,,0,212,,725,9,,,0,197,,723,9,,,0,269,,724,9,,,0
100,'5258',1521,,726,9,,,0
100,'5259',1521,,727,9,,,0
100,'5260',1727,,728,9,,,0,212,,732,9,,,0,197,,729,9,,,0,269,,730,9,,,0,124,,731,9,0,5 6,0
100,'5261',1521,,733,9,,,0
100,'5262',1521,,734,9,,,0
