100,'4480',638,,1411,25,,,0,93,,1412,25,,,0,25,,1425,25,,,0,83,,1413,25,,,0,109,,1414,25,,,0,98,,1415,25,,,0,102,,1416,24,,,0,110,,1418,25,,,0,150,,1417,25,,,0,30,,1419,25,,,0,98,,1421,25,,,0,84,,1427,25,,,0,87,,1420,25,,,0,117,,1426,25,,,0,89,,1422,25,,,0,121,,1423,25,,,0,277,,1424,25,,,0
100,'4532',737,,2010,25,,,0,100,,2005,25,,,0,102,,2006,25,,,0,101,,2007,25,,,0,100,,2008,25,,,0,101,,2009,25,,,0,102,,2003,25,,,0,100,,2004,25,,,0,100,,2015,25,,,0,100,,2016,25,,,0,100,,2020,25,,,0,99,,2017,25,,,0,108,,2018,25,,,0,99,,2019,25,,,0,103,,2012,25,,,0,150,,2014,25,,,0,113,,2011,25,,,0
100,'4623',1746,,2021,25,,,0,210,,2025,25,,,0,196,,2022,25,,,0,268,,2023,25,,,0
100,'4661',1746,,1428,25,,,0,210,,1431,25,,,0,196,,1429,25,,,0,268,,1430,25,,,0
100,'4663',1746,,1434,25,,,0,210,,1438,25,,,0,196,,1435,25,,,0,268,,1436,25,,,0
100,'5014',638,,2026,25,,,0,93,,2027,25,,,0,25,,2039,25,,,0,83,,2028,25,,,0,109,,2029,25,,,0,98,,2030,25,,,0,102,,2031,24,,,0,110,,2033,25,,,0,150,,2032,25,,,0,30,,2034,25,,,0,182,,2041,25,,,0,87,,2035,25,,,0,117,,2040,25,,,0,89,,2036,25,,,0,121,,2037,25,,,0,277,,2038,25,,,0
100,'5173',1540,,1432,25,,,0
100,'5222',1746,,2042,25,,,0,210,,2045,25,,,0,196,,2043,25,,,0,268,,2044,25,,,0
100,'5228',833,,2057,25,,,0,107,,2056,25,,,0,101,,2054,25,,,0,100,,2046,25,,,0,102,,2052,25,,,0,100,,2047,25,,,0,100,,2053,25,,,0,100,,2048,25,,,0,100,,2050,25,,,0,100,,2058,25,,,0,99,,2049,25,,,0,108,,2051,25,,,0,99,,2055,25,,,0,99,,2060,25,,,0,105,,2059,25,,,0
100,'5259',1540,,1433,25,,,0
100,'5261',1540,,2061,25,,,0
100,'5262',1540,,2062,25,,,0
200,'4480',635,,1546,22,,,0,109,,1547,22,,,0,67,,1560,22,,,0,28,,1548,22,,,0,18,,1550,22,,,0,147,,1549,22,,,0,110,,1552,22,,,0,107,,1551,22,,,0,106,,1553,22,,,0,205,,1555,22,,,0,87,,1556,22,,,0,34,,1554,22,,,0,74,,1561,22,,,0,274,,1557,22,,,0,109,,1558,22,,,0,101,,1559,22,,,0
200,'4532',748,,2135,22,,,0,172,,2129,22,,,0,102,,2131,22,,,0,100,,2130,22,,,0,101,,2132,22,,,0,100,,2133,22,,,0,101,,2134,22,,,0,100,,2123,22,,,0,100,,2124,22,,,0,100,,2140,22,,,0,99,,2125,22,,,0,100,,2126,22,,,0,99,,2127,22,,,0,100,,2128,22,,,0,100,,2137,22,,,0,97,,2136,22,,,0,114,,2138,22,,,0
200,'4623',1852,,2141,22,,,0,469,,2142,22,,,0
200,'4661',1852,,1562,22,,,0,469,,1563,22,,,0
200,'4663',1852,,1568,22,,,0,469,,1569,22,,,0
200,'5014',635,,2144,22,,,0,109,,2145,22,,,0,67,,2158,22,,,0,28,,2146,22,,,0,18,,2148,22,,,0,147,,2147,22,,,0,110,,2150,22,,,0,107,,2149,22,,,0,106,,2151,22,,,0,205,,2153,22,,,0,87,,2154,22,,,0,34,,2152,22,,,0,74,,2159,22,,,0,274,,2155,22,,,0,109,,2156,22,,,0,101,,2157,22,,,0
200,'5173',1432,,1564,22,,,0,370,,1565,22,,,0
200,'5222',1852,,2160,22,,,0,469,,2161,22,,,0
200,'5228',814,,2172,22,,,0,100,,2173,22,,,0,102,,2171,22,,,0,106,,2162,22,,,0,101,,2166,22,,,0,100,,2164,22,,,0,101,,2169,22,,,0,100,,2163,22,,,0,100,,2168,22,,,0,100,,2174,22,,,0,99,,2165,22,,,0,100,,2170,22,,,0,99,,2167,22,,,0,105,,2177,22,,,0,99,,2176,22,,,0,103,,2175,22,,,0
200,'5259',1432,,1566,22,,,0,370,,1567,22,,,0
200,'5261',1432,,2178,22,,,0,370,,2179,22,,,0
200,'5262',1432,,2180,22,,,0,370,,2181,22,,,0
900,'4480',804,,1964,23,,,0,105,,1966,23,,,0,100,,1965,23,,,0,100,,1968,23,,,0,120,,1967,23,,,0,80,,1970,23,,,0,100,,1969,23,,,0,101,,1971,23,,,0,125,,1973,23,,,0,100,,1972,23,,,0,89,,1974,23,,,0,105,,1975,23,,,0,113,,1976,23,,,0
900,'5014',804,,2467,23,,,0,105,,2469,23,,,0,100,,2468,23,,,0,100,,2471,23,,,0,120,,2470,23,,,0,80,,2473,23,,,0,100,,2472,23,,,0,101,,2474,23,,,0,125,,2476,23,,,0,100,,2475,23,,,0,89,,2477,23,,,0,105,,2478,23,,,0,113,,2479,23,,,0
