100,'4532',725,,2010,14,,,0,100,,2005,14,,,0,102,,2006,14,,,0,101,,2007,14,,,0,100,,2008,14,,,0,101,,2009,14,,,0,102,,2003,14,,,0,100,,2004,14,,,0,100,,2015,14,,,0,100,,2016,14,,,0,100,,2020,14,,,0,99,,2017,14,,,0,109,,2018,14,,,0,99,,2019,14,,,0,103,,2012,14,,,0,110,,2014,14,,,0,154,,2011,14,,,0,54,,2013,14,0,5 6,0
100,'4623',1732,,2021,14,,,0,212,,2025,14,,,0,197,,2022,14,,,0,269,,2023,14,,,0,123,,2024,14,0,5 6,0
100,'5014',626,,2026,14,,,0,93,,2027,14,,,0,25,,2039,14,,,0,81,,2028,14,,,0,110,,2029,14,,,0,99,,2030,14,,,0,101,,2031,13,,,0,110,,2033,14,,,0,110,,2032,14,,,0,70,,2034,14,,,0,181,,2041,14,,,0,47,,2035,14,,,0,159,,2040,14,,,0,89,,2036,14,,,0,122,,2037,14,,,0,278,,2038,14,,,0
100,'5210',821,,2057,14,,,0,107,,2056,14,,,0,101,,2054,14,,,0,100,,2046,14,,,0,102,,2052,14,,,0,100,,2047,14,,,0,100,,2053,14,,,0,100,,2048,14,,,0,100,,2050,14,,,0,100,,2058,14,,,0,99,,2049,14,,,0,109,,2051,14,,,0,99,,2055,14,,,0,99,,2060,14,,,0,105,,2059,14,,,0
100,'5222',1732,,2042,14,,,0,212,,2045,14,,,0,197,,2043,14,,,0,269,,2044,14,,,0
100,'5261',1526,,2061,14,,,0
100,'5262',1526,,2062,14,,,0
200,'4532',734,,2135,9,,,0,172,,2129,9,,,0,101,,2131,9,,,0,100,,2130,9,,,0,101,,2132,9,,,0,100,,2133,9,,,0,101,,2134,9,,,0,100,,2123,9,,,0,100,,2124,9,,,0,100,,2140,9,,,0,99,,2125,9,,,0,100,,2126,9,,,0,99,,2127,9,,,0,100,,2128,9,,,0,100,,2137,9,,,0,98,,2136,9,,,0,114,,2138,9,,,0,99,,2139,9,,,0
200,'4623',1837,,2141,9,,,0,471,,2142,9,,,0
200,'5014',621,,2144,9,,,0,109,,2145,9,,,0,27,,2158,9,,,0,67,,2146,9,,,0,18,,2148,9,,,0,108,,2147,9,,,0,150,,2150,9,,,0,106,,2149,9,,,0,106,,2151,9,,,0,205,,2153,9,,,0,87,,2154,9,,,0,34,,2152,9,,,0,74,,2159,9,,,0,234,,2155,9,,,0,109,,2156,9,,,0,103,,2157,9,,,0
200,'5210',800,,2172,9,,,0,100,,2173,9,,,0,101,,2171,9,,,0,106,,2162,9,,,0,101,,2166,9,,,0,100,,2164,9,,,0,101,,2169,9,,,0,100,,2163,9,,,0,100,,2168,9,,,0,100,,2174,9,,,0,99,,2165,9,,,0,100,,2170,9,,,0,99,,2167,9,,,0,105,,2177,9,,,0,99,,2176,9,,,0,104,,2175,9,,,0
200,'5222',1837,,2160,9,,,0,471,,2161,9,,,0
200,'5261',1417,,2178,9,,,0,330,,2179,9,,,0
200,'5262',1417,,2180,9,,,0,330,,2181,9,,,0
400,'4623',1631,,2298,8,,,0
400,'5014',738,,2299,8,,,0,80,,2300,8,,,0,37,,2301,8,,,0,599,,2302,8,,,0,257,,2303,8,,,0
400,'5222',1631,,2304,8,,,0
901,'5014',738,,2480,26,,,0,104,,2481,26,,,0,101,,2482,26,,,0,100,,2483,26,,,0,101,,2484,26,,,0,98,,2485,26,,,0,100,,2486,26,,,0,100,,2487,26,,,0,164,,2488,26,,,0,100,,2489,26,,,0,51,,2490,26,,,0,147,,2491,26,,,0,113,,2492,26,,,0
