101,'4623',1654,,735,5,,,0,255,,739,5,,,0,198,,736,5,,,0,230,,737,5,,,0
101,'5014',644,,741,5,,,0,64,,753,5,,,0,39,,742,5,,,0,112,,743,5,,,0,100,,744,5,,,0,100,,745,5,,,0,149,,746,5,,,0,110,,747,5,,,0,30,,748,5,,,0,177,,755,5,,,0,89,,749,5,,,0,120,,754,5,,,0,90,,750,5,,,0,124,,751,5,,,0,279,,752,5,,,0
101,'5222',1654,,756,5,,,0,255,,759,5,,,0,198,,757,5,,,0,230,,758,5,,,0
101,'5227',652,,771,5,,,0,100,,766,5,,,0,101,,767,5,,,0,100,,768,5,,,0,100,,769,5,,,0,100,,770,5,,,0,100,,760,5,,,0,100,,764,5,,,0,100,,763,5,,,0,100,,762,5,,,0,100,,777,5,,,0,100,,761,5,,,0,150,,765,5,,,0,99,,772,5,,,0,105,,774,5,,,0,110,,773,5,,,0,115,,775,5,,,0,95,,776,5,,,0
101,'5228',748,,788,5,,,0,106,,790,5,,,0,100,,786,5,,,0,100,,778,5,,,0,101,,782,5,,,0,98,,780,5,,,0,100,,784,5,,,0,100,,779,5,,,0,100,,783,5,,,0,100,,789,5,,,0,100,,781,5,,,0,150,,785,5,,,0,99,,787,5,,,0,101,,791,5,,,0,105,,792,5,,,0
101,'5256',644,,794,5,,,0,64,,808,5,,,0,39,,795,5,,,0,112,,796,5,,,0,100,,797,5,,,0,100,,798,5,,,0,149,,799,5,,,0,110,,800,5,,,0,30,,801,5,,,0,167,,803,5,0,5 6,0,10,,810,5,,,0,89,,802,5,,,0,120,,809,5,,,0,90,,805,5,,,0,124,,806,5,,,0,279,,807,5,,,0
101,'5257',1654,,811,5,,,0,255,,814,5,,,0,198,,812,5,,,0,230,,813,5,,,0
101,'5258',1448,,815,5,,,0
101,'5259',1448,,816,5,,,0
101,'5260',1654,,817,5,,,0,255,,821,5,,,0,198,,818,5,,,0,230,,819,5,,,0
101,'5261',1448,,822,5,,,0
101,'5262',1448,,823,5,,,0
201,'4623',1804,,908,5,,,0,429,,909,5,,,0,205,,910,5,,,0
201,'5014',656,,912,5,,,0,71,,925,5,,,0,27,,913,5,,,0,58,,914,5,,,0,107,,915,5,,,0,110,,917,5,,,0,105,,916,5,,,0,105,,918,5,,,0,205,,919,5,,,0,85,,921,5,,,0,75,,920,5,,,0,35,,926,5,,,0,275,,922,5,,,0,105,,923,5,,,0,104,,924,5,,,0
201,'5222',1804,,927,5,,,0,429,,928,5,,,0
201,'5227',708,,941,5,,,0,125,,935,5,,,0,101,,936,5,,,0,100,,937,5,,,0,100,,938,5,,,0,100,,939,5,,,0,100,,940,5,,,0,100,,929,5,,,0,100,,930,5,,,0,100,,946,5,,,0,100,,931,5,,,0,100,,932,5,,,0,100,,933,5,,,0,100,,934,5,,,0,100,,944,5,,,0,99,,942,5,,,0,115,,943,5,,,0,100,,945,5,,,0
201,'5228',728,,957,5,,,0,100,,958,5,,,0,101,,956,5,,,0,105,,949,5,,,0,100,,950,5,,,0,100,,948,5,,,0,100,,952,5,,,0,100,,947,5,,,0,100,,953,5,,,0,100,,959,5,,,0,100,,954,5,,,0,100,,955,5,,,0,100,,951,5,,,0,105,,961,5,,,0,99,,962,5,,,0,105,,960,5,,,0
201,'5256',656,,964,5,,,0,71,,977,5,,,0,27,,965,5,,,0,58,,966,5,,,0,107,,967,5,,,0,110,,969,5,,,0,105,,968,5,,,0,105,,970,5,,,0,205,,971,5,,,0,85,,973,5,,,0,75,,972,5,,,0,35,,978,5,,,0,275,,974,5,,,0,105,,975,5,,,0,104,,976,5,,,0
201,'5257',1804,,979,5,,,0,429,,980,5,,,0
201,'5258',1344,,981,5,,,0,370,,982,5,,,0
201,'5259',1344,,983,5,,,0,370,,984,5,,,0
201,'5260',1804,,985,5,,,0,429,,986,5,,,0,205,,987,5,,,0
201,'5261',1344,,988,5,,,0,370,,989,5,,,0
201,'5262',1344,,990,5,,,0,370,,991,5,,,0
901,'5014',723,,1346,5,,,0,103,,1347,5,,,0,102,,1348,5,,,0,100,,1349,5,,,0,101,,1350,5,,,0,98,,1351,5,,,0,100,,1352,5,,,0,98,,1353,5,,,0,124,,1354,5,,,0,100,,1355,5,,,0,93,,1356,5,,,0,107,,1357,5,,,0,154,,1358,5,,,0
901,'5256',723,,1359,5,,,0,103,,1360,5,,,0,102,,1361,5,,,0,100,,1362,5,,,0,101,,1363,5,,,0,98,,1364,5,,,0,100,,1365,5,,,0,98,,1366,5,,,0,124,,1367,5,,,0,100,,1368,5,,,0,93,,1369,5,,,0,107,,1370,5,,,0,154,,1371,5,,,0
