200,'4480',617,,1546,4,,,0,109,,1547,4,,,0,27,,1560,4,,,0,67,,1548,4,,,0,18,,1550,4,,,0,108,,1549,4,,,0,110,,1552,4,,,0,146,,1551,4,,,0,106,,1553,4,,,0,205,,1555,4,,,0,87,,1556,4,,,0,34,,1554,4,,,0,74,,1561,4,,,0,234,,1557,4,,,0,109,,1558,4,,,0,103,,1559,4,,,0
200,'4532',731,,2135,4,,,0,172,,2129,4,,,0,101,,2131,4,,,0,100,,2130,4,,,0,101,,2132,4,,,0,100,,2133,4,,,0,101,,2134,4,,,0,100,,2123,4,,,0,100,,2124,4,,,0,100,,2140,4,,,0,99,,2125,4,,,0,100,,2126,4,,,0,99,,2127,4,,,0,100,,2128,4,,,0,100,,2137,4,,,0,98,,2136,4,,,0,114,,2138,4,,,0,99,,2139,4,,,0
200,'4623',1833,,2141,4,,,0,471,,2142,4,,,0,204,,2143,4,0,5 6,0
200,'4661',1833,,1562,4,,,0,471,,1563,4,,,0
200,'4663',1833,,1568,4,,,0,471,,1569,4,,,0,204,,1570,4,0,5 6,0
200,'5014',617,,2144,4,,,0,109,,2145,4,,,0,27,,2158,4,,,0,67,,2146,4,,,0,18,,2148,4,,,0,108,,2147,4,,,0,110,,2150,4,,,0,146,,2149,4,,,0,106,,2151,4,,,0,205,,2153,4,,,0,87,,2154,4,,,0,34,,2152,4,,,0,74,,2159,4,,,0,234,,2155,4,,,0,109,,2156,4,,,0,103,,2157,4,,,0
200,'5173',1413,,1564,4,,,0,330,,1565,4,,,0
200,'5222',1833,,2160,4,,,0,471,,2161,4,,,0
200,'5228',757,,2172,4,,,0,100,,2173,4,,,0,101,,2171,4,,,0,146,,2162,4,,,0,101,,2166,4,,,0,100,,2164,4,,,0,101,,2169,4,,,0,100,,2163,4,,,0,100,,2168,4,,,0,100,,2174,4,,,0,99,,2165,4,,,0,100,,2170,4,,,0,99,,2167,4,,,0,105,,2177,4,,,0,99,,2176,4,,,0,104,,2175,4,,,0
200,'5259',1413,,1566,4,,,0,330,,1567,4,,,0
200,'5261',1413,,2178,4,,,0,330,,2179,4,,,0
200,'5262',1413,,2180,4,,,0,330,,2181,4,,,0
