101,'4623',1711,,735,26,,,0,213,,739,26,,,0,197,,736,26,,,0,229,,737,26,,,0,164,,738,3,,,0
101,'5014',658,,741,26,,,0,65,,753,26,,,0,80,,742,26,,,0,112,,743,26,,,0,99,,744,26,,,0,101,,745,26,,,0,109,,746,26,,,0,110,,747,26,,,0,70,,748,26,,,0,140,,755,26,,,0,88,,749,26,,,0,119,,754,26,,,0,89,,750,26,,,0,163,,751,26,,,0,238,,752,26,,,0
101,'5222',1711,,756,26,,,0,213,,759,26,,,0,197,,757,26,,,0,229,,758,26,,,0
101,'5227',706,,771,26,,,0,100,,766,26,,,0,102,,767,26,,,0,100,,768,26,,,0,100,,769,26,,,0,101,,770,26,,,0,101,,760,26,,,0,100,,764,26,,,0,100,,763,26,,,0,101,,762,26,,,0,100,,777,26,,,0,99,,761,26,,,0,109,,765,26,,,0,99,,772,26,,,0,104,,774,26,,,0,110,,773,26,,,0,114,,775,26,,,0,94,,776,26,,,0
101,'5228',802,,788,26,,,0,107,,790,26,,,0,100,,786,26,,,0,100,,778,26,,,0,102,,782,26,,,0,99,,780,26,,,0,100,,784,26,,,0,100,,779,26,,,0,101,,783,26,,,0,100,,789,26,,,0,99,,781,26,,,0,109,,785,26,,,0,99,,787,26,,,0,100,,791,26,,,0,105,,792,26,,,0
101,'5256',658,,794,26,,,0,65,,808,26,,,0,80,,795,26,,,0,112,,796,26,,,0,99,,797,26,,,0,101,,798,26,,,0,109,,799,26,,,0,110,,800,26,,,0,70,,801,26,,,0,98,,804,6,,,0,42,,810,26,,,0,88,,802,26,,,0,119,,809,26,,,0,89,,805,26,,,0,163,,806,26,,,0,238,,807,26,,,0
101,'5257',1711,,811,26,,,0,213,,814,26,,,0,197,,812,26,,,0,229,,813,26,,,0
101,'5258',1504,,815,26,,,0
101,'5259',1504,,816,26,,,0
101,'5260',1711,,817,26,,,0,213,,821,26,,,0,197,,818,26,,,0,229,,819,26,,,0,164,,820,3,,,0
101,'5261',1504,,822,26,,,0
101,'5262',1504,,823,26,,,0
