100,'4480',620,,1411,6,,,0,92,,1412,6,,,0,25,,1425,6,,,0,81,,1413,6,,,0,110,,1414,6,,,0,99,,1415,6,,,0,101,,1416,5,,,0,110,,1418,6,,,0,110,,1417,6,,,0,70,,1419,6,,,0,97,,1421,6,,,0,44,,1427,6,,,0,87,,1420,6,,,0,159,,1426,6,,,0,49,,1422,6,,,0,162,,1423,6,,,0,238,,1424,6,,,0
100,'4532',718,,2010,6,,,0,100,,2005,6,,,0,102,,2006,6,,,0,101,,2007,6,,,0,100,,2008,6,,,0,101,,2009,6,,,0,102,,2003,6,,,0,100,,2004,6,,,0,100,,2015,6,,,0,100,,2016,6,,,0,100,,2020,6,,,0,99,,2017,6,,,0,109,,2018,6,,,0,99,,2019,6,,,0,104,,2012,6,,,0,110,,2014,6,,,0,114,,2011,6,,,0,94,,2013,6,0,5 6,0
100,'4623',1725,,2021,6,,,0,212,,2025,6,,,0,197,,2022,6,,,0,269,,2023,6,,,0,124,,2024,6,0,5 6,0
100,'4661',1725,,1428,6,,,0,212,,1431,6,,,0,197,,1429,6,,,0,269,,1430,6,,,0
100,'4663',1725,,1434,6,,,0,212,,1438,6,,,0,197,,1435,6,,,0,269,,1436,6,,,0,124,,1437,6,0,5 6,0
100,'5014',620,,2026,6,,,0,92,,2027,6,,,0,25,,2039,6,,,0,81,,2028,6,,,0,110,,2029,6,,,0,99,,2030,6,,,0,101,,2031,5,,,0,110,,2033,6,,,0,110,,2032,6,,,0,70,,2034,6,,,0,141,,2041,6,,,0,87,,2035,6,,,0,159,,2040,6,,,0,49,,2036,6,,,0,162,,2037,6,,,0,238,,2038,6,,,0
100,'5173',1519,,1432,6,,,0
100,'5222',1725,,2042,6,,,0,212,,2045,6,,,0,197,,2043,6,,,0,269,,2044,6,,,0
100,'5228',814,,2057,6,,,0,107,,2056,6,,,0,101,,2054,6,,,0,100,,2046,6,,,0,102,,2052,6,,,0,100,,2047,6,,,0,100,,2053,6,,,0,100,,2048,6,,,0,100,,2050,6,,,0,100,,2058,6,,,0,99,,2049,6,,,0,109,,2051,6,,,0,99,,2055,6,,,0,100,,2060,6,,,0,105,,2059,6,,,0
100,'5259',1519,,1433,6,,,0
100,'5261',1519,,2061,6,,,0
100,'5262',1519,,2062,6,,,0
