400,'4480',735,,1713,1,,,0,79,,1714,1,,,0,37,,1715,1,,,0,599,,1716,1,,,0,97,,1718,1,,,0,160,,1717,1,,,0
400,'4623',1627,,2298,1,,,0
400,'4661',1627,,1719,1,,,0
400,'4663',1627,,1720,1,,,0
400,'5014',735,,2299,1,,,0,79,,2300,1,,,0,37,,2301,1,,,0,599,,2302,1,,,0,257,,2303,1,,,0
400,'5222',1627,,2304,1,,,0
401,'4480',814,,1728,12,4,,0,37,,1727,12,4,,0,599,,1729,12,4,,0,257,,1730,12,4,,0
401,'4623',1627,,2305,12,4,,0
401,'4661',1627,,1731,12,4,,0
401,'4663',1627,,1732,12,4,,0
401,'5014',814,,2307,12,4,,0,37,,2306,12,4,,0,599,,2308,12,4,,0,257,,2309,12,4,,0
401,'5222',1627,,2310,12,4,,0
