100,'4623',1739,,647,17,,,0,212,,651,17,,,0,196,,648,17,,,0,269,,649,17,,,0
100,'5014',633,,652,17,,,0,93,,653,17,,,0,25,,665,17,,,0,81,,654,17,,,0,110,,655,17,,,0,99,,656,17,,,0,101,,657,16,,,0,110,,659,17,,,0,150,,658,17,,,0,30,,660,17,,,0,181,,667,17,,,0,87,,661,17,,,0,119,,666,17,,,0,89,,662,17,,,0,121,,663,17,,,0,278,,664,17,,,0
100,'5222',1739,,668,17,,,0,212,,671,17,,,0,196,,669,17,,,0,269,,670,17,,,0
100,'5227',732,,679,17,,,0,100,,674,17,,,0,102,,675,17,,,0,101,,676,17,,,0,100,,677,17,,,0,101,,678,17,,,0,102,,672,17,,,0,100,,673,17,,,0,100,,684,17,,,0,100,,685,17,,,0,100,,689,17,,,0,99,,686,17,,,0,108,,687,17,,,0,99,,688,17,,,0,103,,681,17,,,0,110,,683,17,,,0,154,,680,17,,,0
100,'5228',828,,701,17,,,0,107,,700,17,,,0,101,,698,17,,,0,100,,690,17,,,0,102,,696,17,,,0,100,,691,17,,,0,100,,697,17,,,0,100,,692,17,,,0,100,,694,17,,,0,100,,702,17,,,0,99,,693,17,,,0,108,,695,17,,,0,99,,699,17,,,0,99,,704,17,,,0,105,,703,17,,,0
100,'5256',633,,705,17,,,0,93,,706,17,,,0,25,,719,17,,,0,81,,707,17,,,0,110,,708,17,,,0,99,,709,17,,,0,101,,710,16,,,0,110,,712,17,,,0,150,,711,17,,,0,30,,713,17,,,0,97,,715,17,,,0,84,,721,17,,,0,87,,714,17,,,0,119,,720,17,,,0,89,,716,17,,,0,121,,717,17,,,0,278,,718,17,,,0
100,'5257',1739,,722,17,,,0,212,,725,17,,,0,196,,723,17,,,0,269,,724,17,,,0
100,'5258',1533,,726,17,,,0
100,'5259',1533,,727,17,,,0
100,'5260',1739,,728,17,,,0,212,,732,17,,,0,196,,729,17,,,0,269,,730,17,,,0
100,'5261',1533,,733,17,,,0
100,'5262',1533,,734,17,,,0
200,'4623',1846,,824,14,,,0,470,,825,14,,,0
200,'5014',630,,827,14,,,0,109,,828,14,,,0,67,,841,14,,,0,28,,829,14,,,0,18,,831,14,,,0,107,,830,14,,,0,150,,833,14,,,0,106,,832,14,,,0,106,,834,14,,,0,205,,836,14,,,0,87,,837,14,,,0,34,,835,14,,,0,74,,842,14,,,0,234,,838,14,,,0,149,,839,14,,,0,102,,840,14,,,0
200,'5222',1846,,843,14,,,0,470,,844,14,,,0
200,'5227',744,,857,14,,,0,172,,851,14,,,0,101,,853,14,,,0,100,,852,14,,,0,101,,854,14,,,0,100,,855,14,,,0,101,,856,14,,,0,100,,845,14,,,0,100,,846,14,,,0,100,,862,14,,,0,99,,847,14,,,0,100,,848,14,,,0,99,,849,14,,,0,100,,850,14,,,0,100,,859,14,,,0,97,,858,14,,,0,114,,860,14,,,0
200,'5228',810,,873,14,,,0,100,,874,14,,,0,101,,872,14,,,0,106,,863,14,,,0,101,,867,14,,,0,100,,865,14,,,0,101,,870,14,,,0,100,,864,14,,,0,100,,869,14,,,0,100,,875,14,,,0,99,,866,14,,,0,100,,871,14,,,0,99,,868,14,,,0,105,,878,14,,,0,99,,877,14,,,0,103,,876,14,,,0
200,'5256',630,,879,14,,,0,109,,880,14,,,0,67,,893,14,,,0,28,,881,14,,,0,18,,883,14,,,0,107,,882,14,,,0,150,,885,14,,,0,106,,884,14,,,0,106,,886,14,,,0,205,,888,14,,,0,87,,889,14,,,0,34,,887,14,,,0,74,,894,14,,,0,234,,890,14,,,0,149,,891,14,,,0,102,,892,14,,,0
200,'5257',1846,,895,14,,,0,470,,896,14,,,0
200,'5258',1426,,897,14,,,0,330,,898,14,,,0
200,'5259',1426,,899,14,,,0,330,,900,14,,,0
200,'5260',1846,,901,14,,,0,470,,902,14,,,0
200,'5261',1426,,904,14,,,0,330,,905,14,,,0
200,'5262',1426,,906,14,,,0,330,,907,14,,,0
900,'5014',759,,1320,15,,,0,145,,1322,15,,,0,100,,1321,15,,,0,100,,1324,15,,,0,120,,1323,15,,,0,80,,1326,15,,,0,100,,1325,15,,,0,100,,1327,15,,,0,125,,1329,15,,,0,100,,1328,15,,,0,90,,1330,15,,,0,106,,1331,15,,,0,113,,1332,15,,,0
900,'5256',759,,1333,15,,,0,145,,1335,15,,,0,100,,1334,15,,,0,100,,1337,15,,,0,120,,1336,15,,,0,80,,1339,15,,,0,100,,1338,15,,,0,100,,1340,15,,,0,125,,1342,15,,,0,100,,1341,15,,,0,90,,1343,15,,,0,106,,1344,15,,,0,113,,1345,15,,,0
