101,'4480',647,,1481,11,,,0,64,,1495,11,,,0,39,,1482,11,,,0,152,,1483,11,,,0,100,,1484,11,,,0,100,,1485,11,,,0,109,,1486,11,,,0,110,,1487,11,,,0,30,,1488,11,,,0,169,,1490,11,0,5 6,0,9,,1497,11,,,0,88,,1489,11,,,0,120,,1496,11,,,0,90,,1492,11,,,0,124,,1493,11,,,0,279,,1494,11,,,0
101,'4532',655,,2074,11,,,0,100,,2069,11,,,0,101,,2070,11,,,0,100,,2071,11,,,0,100,,2072,11,,,0,100,,2073,11,,,0,100,,2063,11,,,0,100,,2067,11,,,0,100,,2066,11,,,0,100,,2065,11,,,0,100,,2080,11,,,0,100,,2064,11,,,0,150,,2068,11,,,0,99,,2075,11,,,0,105,,2077,11,,,0,110,,2076,11,,,0,115,,2078,11,,,0,95,,2079,11,,,0
101,'4623',1657,,2081,11,,,0,255,,2085,11,,,0,198,,2082,11,,,0,230,,2083,11,,,0
101,'4661',1657,,1498,11,,,0,255,,1501,11,,,0,198,,1499,11,,,0,230,,1500,11,,,0
101,'4663',1657,,1504,11,,,0,255,,1508,11,,,0,198,,1505,11,,,0,230,,1506,11,,,0
101,'5014',647,,2087,11,,,0,64,,2099,11,,,0,39,,2088,11,,,0,152,,2089,11,,,0,100,,2090,11,,,0,100,,2091,11,,,0,109,,2092,11,,,0,110,,2093,11,,,0,30,,2094,11,,,0,178,,2101,11,,,0,88,,2095,11,,,0,120,,2100,11,,,0,90,,2096,11,,,0,124,,2097,11,,,0,279,,2098,11,,,0
101,'5173',1451,,1502,11,,,0
101,'5222',1657,,2102,11,,,0,255,,2105,11,,,0,198,,2103,11,,,0,230,,2104,11,,,0
101,'5228',751,,2116,11,,,0,106,,2118,11,,,0,100,,2114,11,,,0,100,,2106,11,,,0,101,,2110,11,,,0,98,,2108,11,,,0,100,,2112,11,,,0,100,,2107,11,,,0,100,,2111,11,,,0,100,,2117,11,,,0,100,,2109,11,,,0,150,,2113,11,,,0,99,,2115,11,,,0,101,,2119,11,,,0,105,,2120,11,,,0
101,'5259',1451,,1503,11,,,0
101,'5261',1451,,2121,11,,,0
101,'5262',1451,,2122,11,,,0
201,'4480',659,,1611,11,,,0,71,,1624,11,,,0,27,,1612,11,,,0,58,,1613,11,,,0,107,,1614,11,,,0,110,,1616,11,,,0,105,,1615,11,,,0,105,,1617,11,,,0,205,,1618,11,,,0,86,,1620,11,,,0,74,,1619,11,,,0,35,,1625,11,,,0,275,,1621,11,,,0,105,,1622,11,,,0,104,,1623,11,,,0
201,'4532',710,,2194,11,,,0,126,,2188,11,,,0,101,,2189,11,,,0,100,,2190,11,,,0,100,,2191,11,,,0,100,,2192,11,,,0,100,,2193,11,,,0,100,,2182,11,,,0,100,,2183,11,,,0,100,,2199,11,,,0,100,,2184,11,,,0,100,,2185,11,,,0,100,,2186,11,,,0,100,,2187,11,,,0,100,,2197,11,,,0,99,,2195,11,,,0,114,,2196,11,,,0,100,,2198,11,,,0
201,'4623',1807,,2200,11,,,0,429,,2201,11,,,0,205,,2202,11,,,0
201,'4661',1807,,1626,11,,,0,429,,1627,11,,,0
201,'4663',1807,,1632,11,,,0,429,,1633,11,,,0,205,,1634,11,,,0
201,'5014',659,,2204,11,,,0,71,,2217,11,,,0,27,,2205,11,,,0,58,,2206,11,,,0,107,,2207,11,,,0,110,,2209,11,,,0,105,,2208,11,,,0,105,,2210,11,,,0,205,,2211,11,,,0,86,,2213,11,,,0,74,,2212,11,,,0,35,,2218,11,,,0,275,,2214,11,,,0,105,,2215,11,,,0,104,,2216,11,,,0
201,'5173',1347,,1628,11,,,0,370,,1629,11,,,0
201,'5222',1807,,2219,11,,,0,429,,2220,11,,,0
201,'5228',731,,2231,11,,,0,100,,2232,11,,,0,101,,2230,11,,,0,105,,2223,11,,,0,100,,2224,11,,,0,100,,2222,11,,,0,100,,2226,11,,,0,100,,2221,11,,,0,100,,2227,11,,,0,100,,2233,11,,,0,100,,2228,11,,,0,100,,2229,11,,,0,100,,2225,11,,,0,105,,2235,11,,,0,99,,2236,11,,,0,105,,2234,11,,,0
201,'5259',1347,,1630,11,,,0,370,,1631,11,,,0
201,'5261',1347,,2237,11,,,0,370,,2238,11,,,0
201,'5262',1347,,2239,11,,,0,370,,2240,11,,,0
901,'4480',726,,1990,11,,,0,103,,1991,11,,,0,102,,1992,11,,,0,100,,1993,11,,,0,101,,1994,11,,,0,98,,1995,11,,,0,100,,1996,11,,,0,98,,1997,11,,,0,124,,1998,11,,,0,100,,1999,11,,,0,93,,2000,11,,,0,107,,2001,11,,,0,154,,2002,11,,,0
901,'5014',726,,2480,11,,,0,103,,2481,11,,,0,102,,2482,11,,,0,100,,2483,11,,,0,101,,2484,11,,,0,98,,2485,11,,,0,100,,2486,11,,,0,98,,2487,11,,,0,124,,2488,11,,,0,100,,2489,11,,,0,93,,2490,11,,,0,107,,2491,11,,,0,154,,2492,11,,,0
