100,'4623',1724,,647,4,,,0,212,,651,4,,,0,197,,648,4,,,0,269,,649,4,,,0,124,,650,4,0,5 6,0
100,'5014',619,,652,4,,,0,92,,653,4,,,0,25,,665,4,,,0,81,,654,4,,,0,110,,655,4,,,0,99,,656,4,,,0,101,,657,3,,,0,110,,659,4,,,0,110,,658,4,,,0,70,,660,4,,,0,141,,667,4,,,0,87,,661,4,,,0,159,,666,4,,,0,49,,662,4,,,0,162,,663,4,,,0,238,,664,4,,,0
100,'5222',1724,,668,4,,,0,212,,671,4,,,0,197,,669,4,,,0,269,,670,4,,,0
100,'5227',717,,679,4,,,0,100,,674,4,,,0,102,,675,4,,,0,101,,676,4,,,0,100,,677,4,,,0,101,,678,4,,,0,102,,672,4,,,0,100,,673,4,,,0,100,,684,4,,,0,100,,685,4,,,0,100,,689,4,,,0,99,,686,4,,,0,109,,687,4,,,0,99,,688,4,,,0,104,,681,4,,,0,110,,683,4,,,0,114,,680,4,,,0,94,,682,4,0,5 6,0
100,'5228',813,,701,4,,,0,107,,700,4,,,0,101,,698,4,,,0,100,,690,4,,,0,102,,696,4,,,0,100,,691,4,,,0,100,,697,4,,,0,100,,692,4,,,0,100,,694,4,,,0,100,,702,4,,,0,99,,693,4,,,0,109,,695,4,,,0,99,,699,4,,,0,100,,704,4,,,0,105,,703,4,,,0
100,'5256',619,,705,4,,,0,92,,706,4,,,0,25,,719,4,,,0,81,,707,4,,,0,110,,708,4,,,0,99,,709,4,,,0,101,,710,3,,,0,110,,712,4,,,0,110,,711,4,,,0,70,,713,4,,,0,97,,715,4,,,0,44,,721,4,,,0,87,,714,4,,,0,159,,720,4,,,0,49,,716,4,,,0,162,,717,4,,,0,238,,718,4,,,0
100,'5257',1724,,722,4,,,0,212,,725,4,,,0,197,,723,4,,,0,269,,724,4,,,0
100,'5258',1518,,726,4,,,0
100,'5259',1518,,727,4,,,0
100,'5260',1724,,728,4,,,0,212,,732,4,,,0,197,,729,4,,,0,269,,730,4,,,0,124,,731,4,0,5 6,0
100,'5261',1518,,733,4,,,0
100,'5262',1518,,734,4,,,0
