100,'4532',738,,2010,27,,,0,100,,2005,27,,,0,102,,2006,27,,,0,101,,2007,27,,,0,100,,2008,27,,,0,101,,2009,27,,,0,102,,2003,27,,,0,100,,2004,27,,,0,100,,2015,27,,,0,100,,2016,27,,,0,100,,2020,27,,,0,99,,2017,27,,,0,108,,2018,27,,,0,99,,2019,27,,,0,103,,2012,27,,,0,150,,2014,27,,,0,113,,2011,27,,,0
100,'4623',1747,,2021,27,,,0,210,,2025,27,,,0,196,,2022,27,,,0,268,,2023,27,,,0
100,'5014',639,,2026,27,,,0,93,,2027,27,,,0,25,,2039,27,,,0,83,,2028,27,,,0,109,,2029,27,,,0,98,,2030,27,,,0,102,,2031,26,,,0,110,,2033,27,,,0,150,,2032,27,,,0,30,,2034,27,,,0,182,,2041,27,,,0,87,,2035,27,,,0,117,,2040,27,,,0,89,,2036,27,,,0,121,,2037,27,,,0,277,,2038,27,,,0
100,'5210',834,,2057,27,,,0,107,,2056,27,,,0,101,,2054,27,,,0,100,,2046,27,,,0,102,,2052,27,,,0,100,,2047,27,,,0,100,,2053,27,,,0,100,,2048,27,,,0,100,,2050,27,,,0,100,,2058,27,,,0,99,,2049,27,,,0,108,,2051,27,,,0,99,,2055,27,,,0,99,,2060,27,,,0,105,,2059,27,,,0
100,'5222',1747,,2042,27,,,0,210,,2045,27,,,0,196,,2043,27,,,0,268,,2044,27,,,0
100,'5261',1541,,2061,27,,,0
100,'5262',1541,,2062,27,,,0
200,'4532',749,,2135,24,,,0,172,,2129,24,,,0,102,,2131,24,,,0,100,,2130,24,,,0,101,,2132,24,,,0,100,,2133,24,,,0,101,,2134,24,,,0,100,,2123,24,,,0,100,,2124,24,,,0,100,,2140,24,,,0,99,,2125,24,,,0,100,,2126,24,,,0,98,,2127,24,,,0,100,,2128,24,,,0,100,,2137,24,,,0,97,,2136,24,,,0,114,,2138,24,,,0
200,'4623',1853,,2141,24,,,0,469,,2142,24,,,0
200,'5014',636,,2144,24,,,0,109,,2145,24,,,0,67,,2158,24,,,0,28,,2146,24,,,0,18,,2148,24,,,0,147,,2147,24,,,0,110,,2150,24,,,0,107,,2149,24,,,0,106,,2151,24,,,0,205,,2153,24,,,0,87,,2154,24,,,0,34,,2152,24,,,0,74,,2159,24,,,0,274,,2155,24,,,0,109,,2156,24,,,0,101,,2157,24,,,0
200,'5210',815,,2172,24,,,0,100,,2173,24,,,0,102,,2171,24,,,0,106,,2162,24,,,0,101,,2166,24,,,0,100,,2164,24,,,0,101,,2169,24,,,0,100,,2163,24,,,0,100,,2168,24,,,0,100,,2174,24,,,0,99,,2165,24,,,0,100,,2170,24,,,0,98,,2167,24,,,0,105,,2177,24,,,0,99,,2176,24,,,0,103,,2175,24,,,0
200,'5222',1853,,2160,24,,,0,469,,2161,24,,,0
200,'5261',1433,,2178,24,,,0,370,,2179,24,,,0
200,'5262',1433,,2180,24,,,0,370,,2181,24,,,0
900,'5014',805,,2467,25,,,0,105,,2469,25,,,0,100,,2468,25,,,0,100,,2471,25,,,0,120,,2470,25,,,0,80,,2473,25,,,0,100,,2472,25,,,0,102,,2474,25,,,0,124,,2476,25,,,0,100,,2475,25,,,0,89,,2477,25,,,0,105,,2478,25,,,0,113,,2479,25,,,0
