301,'4623',2213,,992,10,0,9,0
301,'5014',623,,993,10,0,9,0,30,,994,10,0,9,0,70,,995,10,0,9,0,78,,997,10,0,9,0,26,,996,10,0,9,0,101,,999,10,0,9,0,80,,998,10,0,9,0,101,,1001,10,0,9,0,50,,1000,10,0,9,0,90,,1005,10,0,9,0,100,,1003,10,0,9,0,80,,1002,10,0,9,0,75,,1004,10,0,9,0,32,,1007,10,0,9,0,178,,1008,10,0,9,0,45,,1006,10,0,9,0,85,,1009,10,0,9,0,95,,1010,10,0,9,0,119,,1011,10,0,9,0,271,,1012,10,0,9,0
301,'5222',2213,,1013,10,0,9,0
301,'5227',648,,1029,10,0,9,0,160,,1022,10,0,9,0,100,,1023,10,0,9,0,100,,1026,10,0,9,0,101,,1024,10,0,9,0,100,,1021,10,0,9,0,100,,1027,10,0,9,0,100,,1018,10,0,9,0,100,,1017,10,0,9,0,100,,1019,10,0,9,0,100,,1015,10,0,9,0,100,,1020,10,0,9,0,100,,1014,10,0,9,0,99,,1016,10,0,9,0,100,,1025,10,0,9,0,100,,1030,10,0,9,0,115,,1028,10,0,9,0
301,'5228',728,,1042,10,0,9,0,175,,1040,10,0,9,0,100,,1032,10,0,9,0,106,,1035,10,0,9,0,100,,1031,10,0,9,0,100,,1033,10,0,9,0,100,,1036,10,0,9,0,100,,1034,10,0,9,0,100,,1037,10,0,9,0,100,,1039,10,0,9,0,100,,1038,10,0,9,0,100,,1041,10,0,9,0,104,,1043,10,0,9,0,100,,1044,10,0,9,0
301,'5256',623,,1045,10,0,9,0,30,,1046,10,0,9,0,70,,1047,10,0,9,0,78,,1049,10,0,9,0,26,,1048,10,0,9,0,101,,1051,10,0,9,0,80,,1050,10,0,9,0,101,,1053,10,0,9,0,50,,1052,10,0,9,0,90,,1057,10,0,9,0,100,,1055,10,0,9,0,80,,1054,10,0,9,0,75,,1056,10,0,9,0,32,,1059,10,0,9,0,178,,1060,10,0,9,0,45,,1058,10,0,9,0,85,,1061,10,0,9,0,95,,1062,10,0,9,0,119,,1063,10,0,9,0,271,,1064,10,0,9,0
301,'5257',2213,,1065,10,0,9,0
301,'5258',1604,,1067,10,0,9,0,35,,1066,10,0,9,0
301,'5259',1604,,1069,10,0,9,0,35,,1068,10,0,9,0
301,'5260',2213,,1070,10,0,9,0
301,'5261',1604,,1072,10,0,9,0,35,,1071,10,0,9,0
301,'5262',1604,,1074,10,0,9,0,35,,1073,10,0,9,0
