100,'4532',714,,2010,1,,,0,100,,2005,1,,,0,102,,2006,1,,,0,101,,2007,1,,,0,100,,2008,1,,,0,101,,2009,1,,,0,102,,2003,1,,,0,100,,2004,1,,,0,100,,2015,1,,,0,100,,2016,1,,,0,100,,2020,1,,,0,99,,2017,1,,,0,109,,2018,1,,,0,99,,2019,1,,,0,104,,2012,1,,,0,110,,2014,1,,,0,114,,2011,1,,,0,94,,2013,1,0,5 6,0
100,'4623',1721,,2021,1,,,0,212,,2025,1,,,0,197,,2022,1,,,0,229,,2023,1,,,0,164,,2024,1,0,5 6,0
100,'5014',616,,2026,1,,,0,91,,2027,1,,,0,25,,2039,1,,,0,81,,2028,1,,,0,111,,2029,1,,,0,99,,2030,1,,,0,211,,2033,1,,,0,110,,2032,1,,,0,70,,2034,1,,,0,141,,2041,1,,,0,87,,2035,1,,,0,159,,2040,1,,,0,49,,2036,1,,,0,162,,2037,1,,,0,238,,2038,1,,,0
100,'5210',810,,2057,1,,,0,107,,2056,1,,,0,101,,2054,1,,,0,100,,2046,1,,,0,102,,2052,1,,,0,100,,2047,1,,,0,100,,2053,1,,,0,100,,2048,1,,,0,100,,2050,1,,,0,100,,2058,1,,,0,99,,2049,1,,,0,109,,2051,1,,,0,99,,2055,1,,,0,100,,2060,1,,,0,105,,2059,1,,,0
100,'5222',1721,,2042,1,,,0,212,,2045,1,,,0,197,,2043,1,,,0,229,,2044,1,,,0
100,'5261',1514,,2061,1,,,0
100,'5262',1514,,2062,1,,,0
101,'4532',714,,2074,38,4,,0,100,,2069,38,4,,0,102,,2070,38,4,,0,101,,2071,38,4,,0,100,,2072,38,4,,0,101,,2073,38,4,,0,102,,2063,38,4,,0,100,,2067,38,4,,0,100,,2066,38,4,,0,100,,2065,38,4,,0,100,,2080,38,4,,0,99,,2064,38,4,,0,109,,2068,38,4,,0,99,,2075,38,4,,0,104,,2077,38,4,,0,110,,2076,38,4,,0,114,,2078,38,4,,0,94,,2079,38,4,,0
101,'4623',1721,,2081,38,4,,0,212,,2085,38,4,,0,197,,2082,38,4,,0,229,,2083,38,4,,0,164,,2084,15,4,,0
101,'5014',616,,2086,8,4,,0,91,,2087,38,4,,0,25,,2099,38,4,,0,81,,2088,38,4,,0,111,,2089,38,4,,0,99,,2090,38,4,,0,211,,2092,38,4,,0,110,,2093,38,4,,0,70,,2094,38,4,,0,141,,2101,38,4,,0,87,,2095,38,4,,0,159,,2100,38,4,,0,49,,2096,38,4,,0,162,,2097,38,4,,0,238,,2098,38,4,,0
101,'5210',810,,2116,38,4,,0,107,,2118,38,4,,0,101,,2114,38,4,,0,100,,2106,38,4,,0,102,,2110,38,4,,0,100,,2108,38,4,,0,100,,2112,38,4,,0,100,,2107,38,4,,0,100,,2111,38,4,,0,100,,2117,38,4,,0,99,,2109,38,4,,0,109,,2113,38,4,,0,99,,2115,38,4,,0,100,,2119,38,4,,0,105,,2120,38,4,,0
101,'5222',1721,,2102,38,4,,0,212,,2105,38,4,,0,197,,2103,38,4,,0,229,,2104,38,4,,0
101,'5261',1514,,2121,38,4,,0
101,'5262',1514,,2122,38,4,,0
