100,'4623',1748,,647,28,,,0,210,,651,28,,,0,196,,648,28,,,0,268,,649,28,,,0
100,'5014',640,,652,28,,,0,93,,653,28,,,0,25,,665,28,,,0,83,,654,28,,,0,109,,655,28,,,0,98,,656,28,,,0,102,,657,27,,,0,150,,659,28,,,0,110,,658,28,,,0,30,,660,28,,,0,182,,667,28,,,0,87,,661,28,,,0,117,,666,28,,,0,89,,662,28,,,0,121,,663,28,,,0,277,,664,28,,,0
100,'5222',1748,,668,28,,,0,210,,671,28,,,0,196,,669,28,,,0,268,,670,28,,,0
100,'5227',739,,679,28,,,0,100,,674,28,,,0,102,,675,28,,,0,101,,676,28,,,0,100,,677,28,,,0,101,,678,28,,,0,102,,672,28,,,0,100,,673,28,,,0,100,,684,28,,,0,100,,685,28,,,0,100,,689,28,,,0,99,,686,28,,,0,108,,687,28,,,0,99,,688,28,,,0,103,,681,28,,,0,150,,683,28,,,0,113,,680,28,,,0
100,'5228',835,,701,28,,,0,107,,700,28,,,0,101,,698,28,,,0,100,,690,28,,,0,102,,696,28,,,0,100,,691,28,,,0,100,,697,28,,,0,100,,692,28,,,0,100,,694,28,,,0,100,,702,28,,,0,99,,693,28,,,0,108,,695,28,,,0,99,,699,28,,,0,99,,704,28,,,0,105,,703,28,,,0
100,'5256',640,,705,28,,,0,93,,706,28,,,0,25,,719,28,,,0,83,,707,28,,,0,109,,708,28,,,0,98,,709,28,,,0,102,,710,27,,,0,150,,712,28,,,0,110,,711,28,,,0,30,,713,28,,,0,98,,715,28,,,0,84,,721,28,,,0,87,,714,28,,,0,117,,720,28,,,0,89,,716,28,,,0,121,,717,28,,,0,277,,718,28,,,0
100,'5257',1748,,722,28,,,0,210,,725,28,,,0,196,,723,28,,,0,268,,724,28,,,0
100,'5258',1542,,726,28,,,0
100,'5259',1542,,727,28,,,0
100,'5260',1748,,728,28,,,0,210,,732,28,,,0,196,,729,28,,,0,268,,730,28,,,0
100,'5261',1542,,733,28,,,0
100,'5262',1542,,734,28,,,0
200,'4623',1854,,824,25,,,0,469,,825,25,,,0
200,'5014',637,,827,25,,,0,109,,828,25,,,0,67,,841,25,,,0,28,,829,25,,,0,18,,831,25,,,0,147,,830,25,,,0,110,,833,25,,,0,107,,832,25,,,0,106,,834,25,,,0,205,,836,25,,,0,87,,837,25,,,0,34,,835,25,,,0,74,,842,25,,,0,274,,838,25,,,0,109,,839,25,,,0,101,,840,25,,,0
200,'5222',1854,,843,25,,,0,469,,844,25,,,0
200,'5227',750,,857,25,,,0,172,,851,25,,,0,102,,853,25,,,0,100,,852,25,,,0,101,,854,25,,,0,100,,855,25,,,0,101,,856,25,,,0,100,,845,25,,,0,100,,846,25,,,0,100,,862,25,,,0,99,,847,25,,,0,100,,848,25,,,0,98,,849,25,,,0,100,,850,25,,,0,100,,859,25,,,0,97,,858,25,,,0,114,,860,25,,,0
200,'5228',816,,873,25,,,0,100,,874,25,,,0,102,,872,25,,,0,106,,863,25,,,0,101,,867,25,,,0,100,,865,25,,,0,101,,870,25,,,0,100,,864,25,,,0,100,,869,25,,,0,100,,875,25,,,0,99,,866,25,,,0,100,,871,25,,,0,98,,868,25,,,0,105,,878,25,,,0,99,,877,25,,,0,103,,876,25,,,0
200,'5256',637,,879,25,,,0,109,,880,25,,,0,67,,893,25,,,0,28,,881,25,,,0,18,,883,25,,,0,147,,882,25,,,0,110,,885,25,,,0,107,,884,25,,,0,106,,886,25,,,0,205,,888,25,,,0,87,,889,25,,,0,34,,887,25,,,0,74,,894,25,,,0,274,,890,25,,,0,109,,891,25,,,0,101,,892,25,,,0
200,'5257',1854,,895,25,,,0,469,,896,25,,,0
200,'5258',1434,,897,25,,,0,370,,898,25,,,0
200,'5259',1434,,899,25,,,0,370,,900,25,,,0
200,'5260',1854,,901,25,,,0,469,,902,25,,,0
200,'5261',1434,,904,25,,,0,370,,905,25,,,0
200,'5262',1434,,906,25,,,0,370,,907,25,,,0
900,'5014',806,,1320,26,,,0,105,,1322,26,,,0,100,,1321,26,,,0,100,,1324,26,,,0,120,,1323,26,,,0,80,,1326,26,,,0,100,,1325,26,,,0,102,,1327,26,,,0,124,,1329,26,,,0,100,,1328,26,,,0,89,,1330,26,,,0,105,,1331,26,,,0,113,,1332,26,,,0
900,'5256',806,,1333,26,,,0,105,,1335,26,,,0,100,,1334,26,,,0,100,,1337,26,,,0,120,,1336,26,,,0,80,,1339,26,,,0,100,,1338,26,,,0,102,,1340,26,,,0,124,,1342,26,,,0,100,,1341,26,,,0,89,,1343,26,,,0,105,,1344,26,,,0,113,,1345,26,,,0
