301,'4623',2224,,992,24,,,0
301,'5014',634,,993,24,,,0,70,,994,24,,,0,30,,995,24,,,0,79,,997,24,,,0,28,,996,24,,,0,100,,999,24,,,0,80,,998,24,,,0,101,,1001,24,,,0,90,,1000,24,,,0,90,,1005,24,,,0,100,,1003,24,,,0,40,,1002,24,,,0,76,,1004,24,,,0,32,,1007,24,,,0,177,,1008,24,,,0,85,,1006,24,,,0,44,,1009,24,,,0,95,,1010,24,,,0,158,,1011,24,,,0,231,,1012,24,,,0
301,'5222',2224,,1013,24,,,0
301,'5227',659,,1029,24,,,0,161,,1022,24,,,0,100,,1023,24,,,0,101,,1026,24,,,0,101,,1024,24,,,0,100,,1021,24,,,0,100,,1027,24,,,0,100,,1018,24,,,0,100,,1017,24,,,0,100,,1019,24,,,0,100,,1015,24,,,0,98,,1020,24,,,0,100,,1014,24,,,0,99,,1016,24,,,0,100,,1025,24,,,0,100,,1030,24,,,0,115,,1028,24,,,0
301,'5228',739,,1042,24,,,0,176,,1040,24,,,0,101,,1032,24,,,0,106,,1035,24,,,0,100,,1031,24,,,0,100,,1033,24,,,0,100,,1036,24,,,0,100,,1034,24,,,0,100,,1037,24,,,0,100,,1039,24,,,0,98,,1038,24,,,0,100,,1041,24,,,0,104,,1043,24,,,0,100,,1044,24,,,0
301,'5256',634,,1045,24,,,0,70,,1046,24,,,0,30,,1047,24,,,0,79,,1049,24,,,0,28,,1048,24,,,0,100,,1051,24,,,0,80,,1050,24,,,0,101,,1053,24,,,0,90,,1052,24,,,0,90,,1057,24,,,0,100,,1055,24,,,0,40,,1054,24,,,0,76,,1056,24,,,0,32,,1059,24,,,0,177,,1060,24,,,0,85,,1058,24,,,0,44,,1061,24,,,0,95,,1062,24,,,0,158,,1063,24,,,0,231,,1064,24,,,0
301,'5257',2224,,1065,24,,,0
301,'5258',1617,,1067,24,,,0,35,,1066,24,,,0
301,'5259',1617,,1069,24,,,0,35,,1068,24,,,0
301,'5260',2224,,1070,24,,,0
301,'5261',1617,,1072,24,,,0,35,,1071,24,,,0
301,'5262',1617,,1074,24,,,0,35,,1073,24,,,0
400,'4623',1639,,1075,12,,,0
400,'5014',745,,1076,12,,,0,80,,1077,12,,,0,77,,1078,12,,,0,599,,1079,12,,,0,218,,1080,12,,,0
400,'5222',1639,,1081,12,,,0
400,'5256',745,,1082,12,,,0,80,,1083,12,,,0,77,,1084,12,,,0,599,,1085,12,,,0,57,,1087,12,,,0,161,,1086,12,,,0
400,'5257',1639,,1088,12,,,0
400,'5260',1639,,1089,12,,,0
500,'5014',735,,1102,6,,,0,82,,1103,6,,,0,33,,1104,6,,,0,82,,1105,6,,,0,73,,1106,6,,,0,48,,1107,6,,,0,73,,1108,6,,,0,82,,1109,6,,,0,33,,1110,6,,,0,87,,1111,6,,,0,73,,1112,6,,,0,42,,1113,6,,,0,73,,1114,6,,,0,87,,1115,6,,,0,33,,1116,6,,,0,82,,1117,6,,,0,33,,1118,6,,,0,86,,1119,6,,,0
500,'5227',815,,1122,6,,,0,35,,1121,6,,,0,82,,1120,6,,,0,73,,1123,6,,,0,48,,1124,6,,,0,73,,1125,6,,,0,82,,1126,6,,,0,33,,1127,6,,,0,87,,1128,6,,,0,73,,1129,6,,,0,42,,1130,6,,,0,73,,1131,6,,,0,87,,1132,6,,,0,33,,1133,6,,,0,82,,1134,6,,,0,33,,1135,6,,,0,86,,1136,6,,,0,74,,1137,6,,,0,41,,1138,6,,,0,73,,1139,6,,,0,82,,1140,6,,,0,33,,1141,6,,,0,85,,1142,6,,,0,30,,1143,6,,,0,81,,1144,6,,,0
500,'5228',815,,1156,6,,,0,35,,1157,6,,,0,82,,1158,6,,,0,73,,1159,6,,,0,48,,1160,6,,,0,73,,1161,6,,,0,82,,1162,6,,,0,33,,1163,6,,,0,87,,1164,6,,,0,73,,1165,6,,,0,42,,1166,6,,,0,73,,1145,6,,,0,87,,1146,6,,,0,33,,1148,6,,,0,82,,1147,6,,,0,33,,1150,6,,,0,86,,1152,6,,,0,74,,1149,6,,,0,41,,1153,6,,,0,73,,1151,6,,,0,82,,1154,6,,,0,33,,1155,6,,,0
500,'5256',735,,1167,6,,,0,82,,1168,6,,,0,33,,1169,6,,,0,82,,1170,6,,,0,73,,1171,6,,,0,48,,1172,6,,,0,73,,1173,6,,,0,82,,1174,6,,,0,33,,1175,6,,,0,87,,1176,6,,,0,73,,1177,6,,,0,42,,1178,6,,,0,73,,1179,6,,,0,87,,1180,6,,,0,33,,1181,6,,,0,82,,1182,6,,,0,33,,1183,6,,,0,86,,1184,6,,,0
500,'5258',1911,,1185,6,,,0,41,,1186,6,,,0,73,,1187,6,,,0,82,,1188,6,,,0,33,,1189,6,,,0
500,'5259',1911,,1190,6,,,0,41,,1191,6,,,0,73,,1192,6,,,0,82,,1193,6,,,0,33,,1194,6,,,0,85,,1195,6,,,0,30,,1196,6,,,0,81,,1197,6,,,0
500,'5261',1911,,1198,6,,,0,41,,1199,6,,,0,73,,1200,6,,,0,82,,1201,6,,,0,33,,1202,6,,,0
500,'5262',1911,,1203,6,,,0,41,,1204,6,,,0,73,,1205,6,,,0,82,,1206,6,,,0,33,,1207,6,,,0,85,,1208,6,,,0,30,,1209,6,,,0,81,,1210,6,,,0
