301,'4623',2218,,992,17,0,9,0
301,'5014',628,,993,17,0,9,0,30,,994,17,0,9,0,70,,995,17,0,9,0,79,,997,17,0,9,0,25,,996,17,0,9,0,102,,999,17,0,9,0,80,,998,17,0,9,0,101,,1001,17,0,9,0,90,,1000,17,0,9,0,50,,1005,17,0,9,0,100,,1003,17,0,9,0,80,,1002,17,0,9,0,74,,1004,17,0,9,0,32,,1007,17,0,9,0,179,,1008,17,0,9,0,85,,1006,17,0,9,0,44,,1009,17,0,9,0,95,,1010,17,0,9,0,159,,1011,17,0,9,0,231,,1012,17,0,9,0
301,'5222',2218,,1013,17,0,9,0
301,'5227',653,,1029,17,0,9,0,161,,1022,17,0,9,0,100,,1023,17,0,9,0,100,,1026,17,0,9,0,101,,1024,17,0,9,0,100,,1021,17,0,9,0,100,,1027,17,0,9,0,100,,1018,17,0,9,0,100,,1017,17,0,9,0,100,,1019,17,0,9,0,100,,1015,17,0,9,0,99,,1020,17,0,9,0,100,,1014,17,0,9,0,99,,1016,17,0,9,0,100,,1025,17,0,9,0,100,,1030,17,0,9,0,115,,1028,17,0,9,0
301,'5228',733,,1042,17,0,9,0,176,,1040,17,0,9,0,100,,1032,17,0,9,0,106,,1035,17,0,9,0,100,,1031,17,0,9,0,100,,1033,17,0,9,0,100,,1036,17,0,9,0,100,,1034,17,0,9,0,100,,1037,17,0,9,0,100,,1039,17,0,9,0,99,,1038,17,0,9,0,100,,1041,17,0,9,0,104,,1043,17,0,9,0,100,,1044,17,0,9,0
301,'5256',628,,1045,17,0,9,0,30,,1046,17,0,9,0,70,,1047,17,0,9,0,79,,1049,17,0,9,0,25,,1048,17,0,9,0,102,,1051,17,0,9,0,80,,1050,17,0,9,0,101,,1053,17,0,9,0,90,,1052,17,0,9,0,50,,1057,17,0,9,0,100,,1055,17,0,9,0,80,,1054,17,0,9,0,74,,1056,17,0,9,0,32,,1059,17,0,9,0,179,,1060,17,0,9,0,85,,1058,17,0,9,0,44,,1061,17,0,9,0,95,,1062,17,0,9,0,159,,1063,17,0,9,0,231,,1064,17,0,9,0
301,'5257',2218,,1065,17,0,9,0
301,'5258',1610,,1067,17,0,9,0,35,,1066,17,0,9,0
301,'5259',1610,,1069,17,0,9,0,35,,1068,17,0,9,0
301,'5260',2218,,1070,17,0,9,0
301,'5261',1610,,1072,17,0,9,0,35,,1071,17,0,9,0
301,'5262',1610,,1074,17,0,9,0,35,,1073,17,0,9,0
