101,'4623',1717,,735,35,,,0,213,,739,35,,,0,197,,736,35,,,0,229,,737,35,,,0,164,,738,12,,,0
101,'5014',613,,740,5,,,0,91,,741,35,,,0,25,,753,35,,,0,80,,742,35,,,0,112,,743,35,,,0,99,,744,35,,,0,101,,745,35,,,0,109,,746,35,,,0,110,,747,35,,,0,70,,748,35,,,0,141,,755,35,,,0,87,,749,35,,,0,119,,754,35,,,0,89,,750,35,,,0,163,,751,35,,,0,238,,752,35,,,0
101,'5222',1717,,756,35,,,0,213,,759,35,,,0,197,,757,35,,,0,229,,758,35,,,0
101,'5227',711,,771,35,,,0,100,,766,35,,,0,102,,767,35,,,0,101,,768,35,,,0,100,,769,35,,,0,101,,770,35,,,0,101,,760,35,,,0,100,,764,35,,,0,100,,763,35,,,0,101,,762,35,,,0,100,,777,35,,,0,99,,761,35,,,0,109,,765,35,,,0,99,,772,35,,,0,104,,774,35,,,0,110,,773,35,,,0,114,,775,35,,,0,94,,776,35,,,0
101,'5228',807,,788,35,,,0,107,,790,35,,,0,101,,786,35,,,0,100,,778,35,,,0,102,,782,35,,,0,99,,780,35,,,0,100,,784,35,,,0,100,,779,35,,,0,101,,783,35,,,0,100,,789,35,,,0,99,,781,35,,,0,109,,785,35,,,0,99,,787,35,,,0,100,,791,35,,,0,105,,792,35,,,0
101,'5256',613,,793,5,,,0,91,,794,35,,,0,25,,808,35,,,0,80,,795,35,,,0,112,,796,35,,,0,99,,797,35,,,0,101,,798,35,,,0,109,,799,35,,,0,110,,800,35,,,0,70,,801,35,,,0,98,,804,15,,,0,43,,810,35,,,0,87,,802,35,,,0,119,,809,35,,,0,89,,805,35,,,0,163,,806,35,,,0,238,,807,35,,,0
101,'5257',1717,,811,35,,,0,213,,814,35,,,0,197,,812,35,,,0,229,,813,35,,,0
101,'5258',1510,,815,35,,,0
101,'5259',1510,,816,35,,,0
101,'5260',1717,,817,35,,,0,213,,821,35,,,0,197,,818,35,,,0,229,,819,35,,,0,164,,820,12,,,0
101,'5261',1510,,822,35,,,0
101,'5262',1510,,823,35,,,0
