101,'4532',657,,2074,15,,,0,100,,2069,15,,,0,101,,2070,15,,,0,100,,2071,15,,,0,100,,2072,15,,,0,101,,2073,15,,,0,100,,2063,15,,,0,100,,2067,15,,,0,100,,2066,15,,,0,100,,2065,15,,,0,100,,2080,15,,,0,99,,2064,15,,,0,150,,2068,15,,,0,99,,2075,15,,,0,105,,2077,15,,,0,110,,2076,15,,,0,115,,2078,15,,,0,95,,2079,15,,,0
101,'4623',1700,,2081,15,,,0,214,,2085,15,,,0,198,,2082,15,,,0,230,,2083,15,,,0
101,'5014',649,,2087,15,,,0,64,,2099,15,,,0,40,,2088,15,,,0,152,,2089,15,,,0,99,,2090,15,,,0,101,,2091,15,,,0,109,,2092,15,,,0,110,,2093,15,,,0,30,,2094,15,,,0,178,,2101,15,,,0,88,,2095,15,,,0,120,,2100,15,,,0,89,,2096,15,,,0,124,,2097,15,,,0,279,,2098,15,,,0
101,'5210',753,,2116,15,,,0,106,,2118,15,,,0,100,,2114,15,,,0,100,,2106,15,,,0,142,,2110,15,,,0,58,,2108,15,,,0,100,,2112,15,,,0,100,,2107,15,,,0,100,,2111,15,,,0,100,,2117,15,,,0,99,,2109,15,,,0,150,,2113,15,,,0,99,,2115,15,,,0,101,,2119,15,,,0,105,,2120,15,,,0
101,'5222',1700,,2102,15,,,0,214,,2105,15,,,0,198,,2103,15,,,0,230,,2104,15,,,0
101,'5261',1454,,2121,15,,,0
101,'5262',1454,,2122,15,,,0
201,'4532',712,,2194,15,,,0,126,,2188,15,,,0,101,,2189,15,,,0,100,,2190,15,,,0,101,,2191,15,,,0,100,,2192,15,,,0,100,,2193,15,,,0,100,,2182,15,,,0,100,,2183,15,,,0,100,,2199,15,,,0,99,,2184,15,,,0,100,,2185,15,,,0,100,,2186,15,,,0,100,,2187,15,,,0,100,,2197,15,,,0,99,,2195,15,,,0,114,,2196,15,,,0,100,,2198,15,,,0
201,'4623',1810,,2200,15,,,0,428,,2201,15,,,0,205,,2202,15,,,0
201,'5014',701,,2204,15,,,0,31,,2217,15,,,0,27,,2205,15,,,0,58,,2206,15,,,0,107,,2207,15,,,0,110,,2209,15,,,0,105,,2208,15,,,0,106,,2210,15,,,0,205,,2211,15,,,0,86,,2213,15,,,0,74,,2212,15,,,0,35,,2218,15,,,0,274,,2214,15,,,0,105,,2215,15,,,0,104,,2216,15,,,0
201,'5210',733,,2231,15,,,0,100,,2232,15,,,0,101,,2230,15,,,0,105,,2223,15,,,0,101,,2224,15,,,0,100,,2222,15,,,0,100,,2226,15,,,0,100,,2221,15,,,0,100,,2227,15,,,0,100,,2233,15,,,0,99,,2228,15,,,0,100,,2229,15,,,0,100,,2225,15,,,0,105,,2235,15,,,0,99,,2236,15,,,0,105,,2234,15,,,0
201,'5222',1810,,2219,15,,,0,428,,2220,15,,,0
201,'5261',1350,,2237,15,,,0,370,,2238,15,,,0
201,'5262',1350,,2239,15,,,0,370,,2240,15,,,0
901,'5014',728,,2480,15,,,0,103,,2481,15,,,0,102,,2482,15,,,0,100,,2483,15,,,0,101,,2484,15,,,0,98,,2485,15,,,0,100,,2486,15,,,0,99,,2487,15,,,0,124,,2488,15,,,0,100,,2489,15,,,0,92,,2490,15,,,0,107,,2491,15,,,0,154,,2492,15,,,0
