101,'4532',654,,2074,9,,,0,100,,2069,9,,,0,101,,2070,9,,,0,100,,2071,9,,,0,100,,2072,9,,,0,100,,2073,9,,,0,100,,2063,9,,,0,100,,2067,9,,,0,100,,2066,9,,,0,100,,2065,9,,,0,100,,2080,9,,,0,100,,2064,9,,,0,150,,2068,9,,,0,99,,2075,9,,,0,105,,2077,9,,,0,110,,2076,9,,,0,115,,2078,9,,,0,95,,2079,9,,,0
101,'4623',1656,,2081,9,,,0,255,,2085,9,,,0,198,,2082,9,,,0,230,,2083,9,,,0
101,'5014',646,,2087,9,,,0,64,,2099,9,,,0,39,,2088,9,,,0,152,,2089,9,,,0,100,,2090,9,,,0,100,,2091,9,,,0,109,,2092,9,,,0,110,,2093,9,,,0,30,,2094,9,,,0,178,,2101,9,,,0,88,,2095,9,,,0,120,,2100,9,,,0,90,,2096,9,,,0,124,,2097,9,,,0,279,,2098,9,,,0
101,'5210',750,,2116,9,,,0,106,,2118,9,,,0,100,,2114,9,,,0,100,,2106,9,,,0,101,,2110,9,,,0,98,,2108,9,,,0,100,,2112,9,,,0,100,,2107,9,,,0,100,,2111,9,,,0,100,,2117,9,,,0,100,,2109,9,,,0,150,,2113,9,,,0,99,,2115,9,,,0,101,,2119,9,,,0,105,,2120,9,,,0
101,'5222',1656,,2102,9,,,0,255,,2105,9,,,0,198,,2103,9,,,0,230,,2104,9,,,0
101,'5261',1450,,2121,9,,,0
101,'5262',1450,,2122,9,,,0
201,'4532',709,,2194,9,,,0,126,,2188,9,,,0,101,,2189,9,,,0,100,,2190,9,,,0,100,,2191,9,,,0,100,,2192,9,,,0,100,,2193,9,,,0,100,,2182,9,,,0,100,,2183,9,,,0,100,,2199,9,,,0,100,,2184,9,,,0,100,,2185,9,,,0,100,,2186,9,,,0,100,,2187,9,,,0,100,,2197,9,,,0,99,,2195,9,,,0,114,,2196,9,,,0,100,,2198,9,,,0
201,'4623',1806,,2200,9,,,0,429,,2201,9,,,0,205,,2202,9,,,0
201,'5014',658,,2204,9,,,0,71,,2217,9,,,0,27,,2205,9,,,0,58,,2206,9,,,0,107,,2207,9,,,0,110,,2209,9,,,0,105,,2208,9,,,0,105,,2210,9,,,0,205,,2211,9,,,0,86,,2213,9,,,0,74,,2212,9,,,0,35,,2218,9,,,0,275,,2214,9,,,0,105,,2215,9,,,0,104,,2216,9,,,0
201,'5210',730,,2231,9,,,0,100,,2232,9,,,0,101,,2230,9,,,0,105,,2223,9,,,0,100,,2224,9,,,0,100,,2222,9,,,0,100,,2226,9,,,0,100,,2221,9,,,0,100,,2227,9,,,0,100,,2233,9,,,0,100,,2228,9,,,0,100,,2229,9,,,0,100,,2225,9,,,0,105,,2235,9,,,0,99,,2236,9,,,0,105,,2234,9,,,0
201,'5222',1806,,2219,9,,,0,429,,2220,9,,,0
201,'5261',1346,,2237,9,,,0,370,,2238,9,,,0
201,'5262',1346,,2239,9,,,0,370,,2240,9,,,0
901,'5014',725,,2480,9,,,0,103,,2481,9,,,0,102,,2482,9,,,0,100,,2483,9,,,0,101,,2484,9,,,0,98,,2485,9,,,0,100,,2486,9,,,0,98,,2487,9,,,0,124,,2488,9,,,0,100,,2489,9,,,0,93,,2490,9,,,0,107,,2491,9,,,0,154,,2492,9,,,0
