201,'4480',611,,1610,11,,,0,109,,1611,37,,,0,27,,1624,33,,,0,67,,1612,33,,,0,18,,1613,33,,,0,108,,1614,33,,,0,110,,1616,33,,,0,106,,1615,33,,,0,146,,1617,33,,,0,205,,1618,33,,,0,47,,1620,33,,,0,74,,1619,33,,,0,74,,1625,33,,,0,234,,1621,33,,,0,109,,1622,37,,,0,103,,1623,37,,,0
201,'4532',727,,2194,33,,,0,131,,2188,37,,,0,101,,2189,37,,,0,100,,2190,37,,,0,141,,2191,37,,,0,100,,2192,37,,,0,101,,2193,37,,,0,100,,2182,37,,,0,100,,2183,37,,,0,100,,2199,37,,,0,99,,2184,37,,,0,100,,2185,37,,,0,59,,2186,37,,,0,100,,2187,37,,,0,100,,2197,37,,,0,99,,2195,37,,,0,154,,2196,37,,,0,99,,2198,37,,,0
201,'4623',1827,,2200,33,,,0,431,,2201,37,,,0,244,,2202,37,,,0
201,'4661',1827,,1626,33,,,0,431,,1627,37,,,0
201,'4663',1827,,1632,33,,,0,431,,1633,37,,,0,244,,1634,37,,,0
201,'5014',611,,2203,11,,,0,109,,2204,37,,,0,27,,2217,33,,,0,67,,2205,33,,,0,18,,2206,33,,,0,108,,2207,33,,,0,110,,2209,33,,,0,106,,2208,33,,,0,146,,2210,33,,,0,205,,2211,33,,,0,47,,2213,33,,,0,74,,2212,33,,,0,74,,2218,33,,,0,234,,2214,33,,,0,109,,2215,37,,,0,103,,2216,37,,,0
201,'5173',1407,,1628,33,,,0,330,,1629,33,,,0
201,'5222',1827,,2219,33,,,0,431,,2220,37,,,0
201,'5228',753,,2231,37,,,0,100,,2232,37,,,0,101,,2230,37,,,0,105,,2223,37,,,0,141,,2224,37,,,0,100,,2222,37,,,0,101,,2226,37,,,0,100,,2221,37,,,0,100,,2227,37,,,0,100,,2233,37,,,0,99,,2228,37,,,0,100,,2229,37,,,0,59,,2225,37,,,0,145,,2235,37,,,0,99,,2236,37,,,0,105,,2234,37,,,0
201,'5259',1407,,1630,33,,,0,330,,1631,33,,,0
201,'5261',1407,,2237,33,,,0,330,,2238,33,,,0
201,'5262',1407,,2239,33,,,0,330,,2240,33,,,0
