301,'4623',2221,,992,23,,,0
301,'5014',631,,993,23,,,0,70,,994,23,,,0,30,,995,23,,,0,79,,997,23,,,0,27,,996,23,,,0,101,,999,23,,,0,80,,998,23,,,0,101,,1001,23,,,0,90,,1000,23,,,0,50,,1005,23,,,0,100,,1003,23,,,0,80,,1002,23,,,0,75,,1004,23,,,0,32,,1007,23,,,0,178,,1008,23,,,0,85,,1006,23,,,0,44,,1009,23,,,0,95,,1010,23,,,0,158,,1011,23,,,0,231,,1012,23,,,0
301,'5222',2221,,1013,23,,,0
301,'5227',656,,1029,23,,,0,161,,1022,23,,,0,100,,1023,23,,,0,101,,1026,23,,,0,101,,1024,23,,,0,100,,1021,23,,,0,100,,1027,23,,,0,100,,1018,23,,,0,100,,1017,23,,,0,100,,1019,23,,,0,100,,1015,23,,,0,98,,1020,23,,,0,100,,1014,23,,,0,99,,1016,23,,,0,100,,1025,23,,,0,100,,1030,23,,,0,115,,1028,23,,,0
301,'5228',736,,1042,23,,,0,176,,1040,23,,,0,101,,1032,23,,,0,106,,1035,23,,,0,100,,1031,23,,,0,100,,1033,23,,,0,100,,1036,23,,,0,100,,1034,23,,,0,100,,1037,23,,,0,100,,1039,23,,,0,98,,1038,23,,,0,100,,1041,23,,,0,104,,1043,23,,,0,100,,1044,23,,,0
301,'5256',631,,1045,23,,,0,70,,1046,23,,,0,30,,1047,23,,,0,79,,1049,23,,,0,27,,1048,23,,,0,101,,1051,23,,,0,80,,1050,23,,,0,101,,1053,23,,,0,90,,1052,23,,,0,50,,1057,23,,,0,100,,1055,23,,,0,80,,1054,23,,,0,75,,1056,23,,,0,32,,1059,23,,,0,178,,1060,23,,,0,85,,1058,23,,,0,44,,1061,23,,,0,95,,1062,23,,,0,158,,1063,23,,,0,231,,1064,23,,,0
301,'5257',2221,,1065,23,,,0
301,'5258',1614,,1067,23,,,0,35,,1066,23,,,0
301,'5259',1614,,1069,23,,,0,35,,1068,23,,,0
301,'5260',2221,,1070,23,,,0
301,'5261',1614,,1072,23,,,0,35,,1071,23,,,0
301,'5262',1614,,1074,23,,,0,35,,1073,23,,,0
