201,'4623',1828,,908,34,,,0,431,,909,38,,,0,244,,910,38,,,0
201,'5014',612,,911,12,,,0,109,,912,38,,,0,27,,925,34,,,0,67,,913,34,,,0,18,,914,34,,,0,108,,915,34,,,0,110,,917,34,,,0,106,,916,34,,,0,146,,918,34,,,0,205,,919,34,,,0,47,,921,34,,,0,74,,920,34,,,0,74,,926,34,,,0,234,,922,34,,,0,109,,923,38,,,0,103,,924,38,,,0
201,'5222',1828,,927,34,,,0,431,,928,38,,,0
201,'5227',727,,941,34,,,0,132,,935,38,,,0,141,,936,38,,,0,100,,937,38,,,0,101,,938,38,,,0,100,,939,38,,,0,101,,940,38,,,0,100,,929,38,,,0,100,,930,38,,,0,100,,946,38,,,0,99,,931,38,,,0,100,,932,38,,,0,99,,933,38,,,0,100,,934,38,,,0,100,,944,38,,,0,58,,942,38,,,0,154,,943,38,,,0,99,,945,38,,,0
201,'5228',753,,957,38,,,0,100,,958,38,,,0,101,,956,38,,,0,146,,949,38,,,0,101,,950,38,,,0,100,,948,38,,,0,101,,952,38,,,0,100,,947,38,,,0,100,,953,38,,,0,100,,959,38,,,0,99,,954,38,,,0,100,,955,38,,,0,99,,951,38,,,0,105,,961,38,,,0,99,,962,38,,,0,104,,960,38,,,0
201,'5256',612,,963,12,,,0,109,,964,38,,,0,27,,977,34,,,0,67,,965,34,,,0,18,,966,34,,,0,108,,967,34,,,0,110,,969,34,,,0,106,,968,34,,,0,146,,970,34,,,0,205,,971,34,,,0,47,,973,34,,,0,74,,972,34,,,0,74,,978,34,,,0,234,,974,34,,,0,109,,975,38,,,0,103,,976,38,,,0
201,'5257',1828,,979,34,,,0,431,,980,38,,,0
201,'5258',1408,,981,34,,,0,330,,982,34,,,0
201,'5259',1408,,983,34,,,0,330,,984,34,,,0
201,'5260',1828,,985,34,,,0,431,,986,38,,,0,244,,987,38,,,0
201,'5261',1408,,988,34,,,0,330,,989,34,,,0
201,'5262',1408,,990,34,,,0,330,,991,34,,,0
