200,'4480',623,,1546,11,,,0,109,,1547,11,,,0,27,,1560,11,,,0,67,,1548,11,,,0,18,,1550,11,,,0,108,,1549,11,,,0,150,,1552,11,,,0,106,,1551,11,,,0,106,,1553,11,,,0,205,,1555,11,,,0,87,,1556,11,,,0,34,,1554,11,,,0,74,,1561,11,,,0,234,,1557,11,,,0,109,,1558,11,,,0,143,,1559,11,,,0
200,'4532',736,,2135,11,,,0,172,,2129,11,,,0,101,,2131,11,,,0,100,,2130,11,,,0,101,,2132,11,,,0,100,,2133,11,,,0,101,,2134,11,,,0,100,,2123,11,,,0,100,,2124,11,,,0,100,,2140,11,,,0,99,,2125,11,,,0,100,,2126,11,,,0,99,,2127,11,,,0,100,,2128,11,,,0,100,,2137,11,,,0,97,,2136,11,,,0,114,,2138,11,,,0
200,'4623',1839,,2141,11,,,0,471,,2142,11,,,0
200,'4661',1839,,1562,11,,,0,471,,1563,11,,,0
200,'4663',1839,,1568,11,,,0,471,,1569,11,,,0
200,'5014',623,,2144,11,,,0,109,,2145,11,,,0,27,,2158,11,,,0,67,,2146,11,,,0,18,,2148,11,,,0,108,,2147,11,,,0,150,,2150,11,,,0,106,,2149,11,,,0,106,,2151,11,,,0,205,,2153,11,,,0,87,,2154,11,,,0,34,,2152,11,,,0,74,,2159,11,,,0,234,,2155,11,,,0,109,,2156,11,,,0,143,,2157,11,,,0
200,'5173',1419,,1564,11,,,0,330,,1565,11,,,0
200,'5222',1839,,2160,11,,,0,471,,2161,11,,,0
200,'5228',802,,2172,11,,,0,100,,2173,11,,,0,101,,2171,11,,,0,106,,2162,11,,,0,101,,2166,11,,,0,100,,2164,11,,,0,101,,2169,11,,,0,100,,2163,11,,,0,100,,2168,11,,,0,100,,2174,11,,,0,99,,2165,11,,,0,100,,2170,11,,,0,99,,2167,11,,,0,105,,2177,11,,,0,99,,2176,11,,,0,103,,2175,11,,,0
200,'5259',1419,,1566,11,,,0,330,,1567,11,,,0
200,'5261',1419,,2178,11,,,0,330,,2179,11,,,0
200,'5262',1419,,2180,11,,,0,330,,2181,11,,,0
