100,'4623',1731,,647,13,,,0,212,,651,13,,,0,197,,648,13,,,0,269,,649,13,,,0,124,,650,13,0,5 6,0
100,'5014',626,,652,13,,,0,92,,653,13,,,0,25,,665,13,,,0,81,,654,13,,,0,110,,655,13,,,0,99,,656,13,,,0,101,,657,12,,,0,110,,659,13,,,0,110,,658,13,,,0,70,,660,13,,,0,181,,667,13,,,0,47,,661,13,,,0,159,,666,13,,,0,89,,662,13,,,0,122,,663,13,,,0,278,,664,13,,,0
100,'5222',1731,,668,13,,,0,212,,671,13,,,0,197,,669,13,,,0,269,,670,13,,,0
100,'5227',724,,679,13,,,0,100,,674,13,,,0,102,,675,13,,,0,101,,676,13,,,0,100,,677,13,,,0,101,,678,13,,,0,102,,672,13,,,0,100,,673,13,,,0,100,,684,13,,,0,100,,685,13,,,0,100,,689,13,,,0,99,,686,13,,,0,109,,687,13,,,0,99,,688,13,,,0,104,,681,13,,,0,110,,683,13,,,0,154,,680,13,,,0,54,,682,13,0,5 6,0
100,'5228',820,,701,13,,,0,107,,700,13,,,0,101,,698,13,,,0,100,,690,13,,,0,102,,696,13,,,0,100,,691,13,,,0,100,,697,13,,,0,100,,692,13,,,0,100,,694,13,,,0,100,,702,13,,,0,99,,693,13,,,0,109,,695,13,,,0,99,,699,13,,,0,100,,704,13,,,0,105,,703,13,,,0
100,'5256',626,,705,13,,,0,92,,706,13,,,0,25,,719,13,,,0,81,,707,13,,,0,110,,708,13,,,0,99,,709,13,,,0,101,,710,12,,,0,110,,712,13,,,0,110,,711,13,,,0,70,,713,13,,,0,97,,715,13,,,0,84,,721,13,,,0,47,,714,13,,,0,159,,720,13,,,0,89,,716,13,,,0,122,,717,13,,,0,278,,718,13,,,0
100,'5257',1731,,722,13,,,0,212,,725,13,,,0,197,,723,13,,,0,269,,724,13,,,0
100,'5258',1525,,726,13,,,0
100,'5259',1525,,727,13,,,0
100,'5260',1731,,728,13,,,0,212,,732,13,,,0,197,,729,13,,,0,269,,730,13,,,0,124,,731,13,0,5 6,0
100,'5261',1525,,733,13,,,0
100,'5262',1525,,734,13,,,0
200,'4623',1837,,824,8,,,0,471,,825,8,,,0
200,'5014',621,,827,8,,,0,109,,828,8,,,0,27,,841,8,,,0,67,,829,8,,,0,18,,831,8,,,0,108,,830,8,,,0,150,,833,8,,,0,106,,832,8,,,0,106,,834,8,,,0,205,,836,8,,,0,87,,837,8,,,0,34,,835,8,,,0,74,,842,8,,,0,234,,838,8,,,0,109,,839,8,,,0,103,,840,8,,,0
200,'5222',1837,,843,8,,,0,471,,844,8,,,0
200,'5227',733,,857,8,,,0,172,,851,8,,,0,101,,853,8,,,0,100,,852,8,,,0,101,,854,8,,,0,100,,855,8,,,0,101,,856,8,,,0,100,,845,8,,,0,100,,846,8,,,0,100,,862,8,,,0,99,,847,8,,,0,100,,848,8,,,0,99,,849,8,,,0,100,,850,8,,,0,100,,859,8,,,0,98,,858,8,,,0,114,,860,8,,,0,99,,861,8,,,0
200,'5228',759,,873,8,,,0,100,,874,8,,,0,141,,872,8,,,0,106,,863,8,,,0,101,,867,8,,,0,100,,865,8,,,0,101,,870,8,,,0,100,,864,8,,,0,100,,869,8,,,0,100,,875,8,,,0,99,,866,8,,,0,100,,871,8,,,0,99,,868,8,,,0,105,,878,8,,,0,99,,877,8,,,0,104,,876,8,,,0
200,'5256',621,,879,8,,,0,109,,880,8,,,0,27,,893,8,,,0,67,,881,8,,,0,18,,883,8,,,0,108,,882,8,,,0,150,,885,8,,,0,106,,884,8,,,0,106,,886,8,,,0,205,,888,8,,,0,87,,889,8,,,0,34,,887,8,,,0,74,,894,8,,,0,234,,890,8,,,0,109,,891,8,,,0,103,,892,8,,,0
200,'5257',1837,,895,8,,,0,471,,896,8,,,0
200,'5258',1417,,897,8,,,0,330,,898,8,,,0
200,'5259',1417,,899,8,,,0,330,,900,8,,,0
200,'5260',1837,,901,8,,,0,471,,902,8,,,0
200,'5261',1417,,904,8,,,0,330,,905,8,,,0
200,'5262',1417,,906,8,,,0,330,,907,8,,,0
400,'4623',1631,,1075,7,,,0
400,'5014',738,,1076,7,,,0,80,,1077,7,,,0,37,,1078,7,,,0,599,,1079,7,,,0,257,,1080,7,,,0
400,'5222',1631,,1081,7,,,0
400,'5256',738,,1082,7,,,0,80,,1083,7,,,0,37,,1084,7,,,0,599,,1085,7,,,0,97,,1087,7,,,0,160,,1086,7,,,0
400,'5257',1631,,1088,7,,,0
400,'5260',1631,,1089,7,,,0
901,'5014',737,,1346,25,,,0,104,,1347,25,,,0,101,,1348,25,,,0,100,,1349,25,,,0,101,,1350,25,,,0,98,,1351,25,,,0,100,,1352,25,,,0,100,,1353,25,,,0,164,,1354,25,,,0,100,,1355,25,,,0,51,,1356,25,,,0,147,,1357,25,,,0,113,,1358,25,,,0
901,'5256',737,,1359,25,,,0,104,,1360,25,,,0,101,,1361,25,,,0,100,,1362,25,,,0,101,,1363,25,,,0,98,,1364,25,,,0,100,,1365,25,,,0,100,,1366,25,,,0,164,,1367,25,,,0,100,,1368,25,,,0,51,,1369,25,,,0,147,,1370,25,,,0,113,,1371,25,,,0
