101,'4480',642,,1481,3,,,0,64,,1495,3,,,0,39,,1482,3,,,0,112,,1483,3,,,0,100,,1484,3,,,0,100,,1485,3,,,0,149,,1486,3,,,0,110,,1487,3,,,0,30,,1488,3,,,0,167,,1490,3,0,5 6,0,10,,1497,3,,,0,89,,1489,3,,,0,120,,1496,3,,,0,90,,1492,3,,,0,124,,1493,3,,,0,279,,1494,3,,,0
101,'4532',650,,2074,3,,,0,100,,2069,3,,,0,101,,2070,3,,,0,100,,2071,3,,,0,100,,2072,3,,,0,100,,2073,3,,,0,100,,2063,3,,,0,100,,2067,3,,,0,100,,2066,3,,,0,100,,2065,3,,,0,100,,2080,3,,,0,100,,2064,3,,,0,150,,2068,3,,,0,99,,2075,3,,,0,105,,2077,3,,,0,110,,2076,3,,,0,115,,2078,3,,,0,95,,2079,3,,,0
101,'4623',1652,,2081,3,,,0,255,,2085,3,,,0,198,,2082,3,,,0,230,,2083,3,,,0
101,'4661',1652,,1498,3,,,0,255,,1501,3,,,0,198,,1499,3,,,0,230,,1500,3,,,0
101,'4663',1652,,1504,3,,,0,255,,1508,3,,,0,198,,1505,3,,,0,230,,1506,3,,,0
101,'5014',642,,2087,3,,,0,64,,2099,3,,,0,39,,2088,3,,,0,112,,2089,3,,,0,100,,2090,3,,,0,100,,2091,3,,,0,149,,2092,3,,,0,110,,2093,3,,,0,30,,2094,3,,,0,177,,2101,3,,,0,89,,2095,3,,,0,120,,2100,3,,,0,90,,2096,3,,,0,124,,2097,3,,,0,279,,2098,3,,,0
101,'5173',1446,,1502,3,,,0
101,'5222',1652,,2102,3,,,0,255,,2105,3,,,0,198,,2103,3,,,0,230,,2104,3,,,0
101,'5228',746,,2116,3,,,0,106,,2118,3,,,0,100,,2114,3,,,0,100,,2106,3,,,0,101,,2110,3,,,0,98,,2108,3,,,0,100,,2112,3,,,0,100,,2107,3,,,0,100,,2111,3,,,0,100,,2117,3,,,0,100,,2109,3,,,0,150,,2113,3,,,0,99,,2115,3,,,0,101,,2119,3,,,0,105,,2120,3,,,0
101,'5259',1446,,1503,3,,,0
101,'5261',1446,,2121,3,,,0
101,'5262',1446,,2122,3,,,0
201,'4480',654,,1611,3,,,0,71,,1624,3,,,0,27,,1612,3,,,0,58,,1613,3,,,0,107,,1614,3,,,0,110,,1616,3,,,0,105,,1615,3,,,0,105,,1617,3,,,0,205,,1618,3,,,0,85,,1620,3,,,0,75,,1619,3,,,0,35,,1625,3,,,0,275,,1621,3,,,0,105,,1622,3,,,0,104,,1623,3,,,0
201,'4532',706,,2194,3,,,0,125,,2188,3,,,0,101,,2189,3,,,0,100,,2190,3,,,0,100,,2191,3,,,0,100,,2192,3,,,0,100,,2193,3,,,0,100,,2182,3,,,0,100,,2183,3,,,0,100,,2199,3,,,0,100,,2184,3,,,0,100,,2185,3,,,0,100,,2186,3,,,0,100,,2187,3,,,0,100,,2197,3,,,0,99,,2195,3,,,0,115,,2196,3,,,0,100,,2198,3,,,0
201,'4623',1802,,2200,3,,,0,429,,2201,3,,,0,205,,2202,3,,,0
201,'4661',1802,,1626,3,,,0,429,,1627,3,,,0
201,'4663',1802,,1632,3,,,0,429,,1633,3,,,0,205,,1634,3,,,0
201,'5014',654,,2204,3,,,0,71,,2217,3,,,0,27,,2205,3,,,0,58,,2206,3,,,0,107,,2207,3,,,0,110,,2209,3,,,0,105,,2208,3,,,0,105,,2210,3,,,0,205,,2211,3,,,0,85,,2213,3,,,0,75,,2212,3,,,0,35,,2218,3,,,0,275,,2214,3,,,0,105,,2215,3,,,0,104,,2216,3,,,0
201,'5173',1342,,1628,3,,,0,370,,1629,3,,,0
201,'5222',1802,,2219,3,,,0,429,,2220,3,,,0
201,'5228',726,,2231,3,,,0,100,,2232,3,,,0,101,,2230,3,,,0,105,,2223,3,,,0,100,,2224,3,,,0,100,,2222,3,,,0,100,,2226,3,,,0,100,,2221,3,,,0,100,,2227,3,,,0,100,,2233,3,,,0,100,,2228,3,,,0,100,,2229,3,,,0,100,,2225,3,,,0,105,,2235,3,,,0,99,,2236,3,,,0,105,,2234,3,,,0
201,'5259',1342,,1630,3,,,0,370,,1631,3,,,0
201,'5261',1342,,2237,3,,,0,370,,2238,3,,,0
201,'5262',1342,,2239,3,,,0,370,,2240,3,,,0
301,'4480',617,,1676,3,0,9,0,30,,1677,3,0,9,0,70,,1678,3,0,9,0,38,,1680,3,0,9,0,65,,1679,3,0,9,0,102,,1682,3,0,9,0,80,,1681,3,0,9,0,100,,1684,3,0,9,0,50,,1683,3,0,9,0,90,,1688,3,0,9,0,100,,1686,3,0,9,0,80,,1685,3,0,9,0,34,,1687,3,0,9,0,72,,1690,3,0,9,0,179,,1691,3,0,9,0,45,,1689,3,0,9,0,85,,1692,3,0,9,0,95,,1693,3,0,9,0,120,,1694,3,0,9,0,271,,1695,3,0,9,0
301,'4532',642,,2256,3,0,9,0,160,,2249,3,0,9,0,100,,2250,3,0,9,0,100,,2253,3,0,9,0,100,,2251,3,0,9,0,100,,2248,3,0,9,0,100,,2254,3,0,9,0,100,,2245,3,0,9,0,100,,2244,3,0,9,0,100,,2246,3,0,9,0,100,,2242,3,0,9,0,100,,2247,3,0,9,0,100,,2241,3,0,9,0,100,,2243,3,0,9,0,100,,2252,3,0,9,0,100,,2257,3,0,9,0,115,,2255,3,0,9,0
301,'4623',2207,,2258,3,0,9,0
301,'4661',2207,,1696,3,0,9,0
301,'4663',2207,,1701,3,0,9,0
301,'5014',617,,2259,3,0,9,0,30,,2260,3,0,9,0,70,,2261,3,0,9,0,38,,2263,3,0,9,0,65,,2262,3,0,9,0,102,,2265,3,0,9,0,80,,2264,3,0,9,0,100,,2267,3,0,9,0,50,,2266,3,0,9,0,90,,2271,3,0,9,0,100,,2269,3,0,9,0,80,,2268,3,0,9,0,34,,2270,3,0,9,0,72,,2273,3,0,9,0,179,,2274,3,0,9,0,45,,2272,3,0,9,0,85,,2275,3,0,9,0,95,,2276,3,0,9,0,120,,2277,3,0,9,0,271,,2278,3,0,9,0
301,'5173',1557,,1698,3,0,9,0,75,,1697,3,0,9,0
301,'5222',2207,,2279,3,0,9,0
301,'5228',722,,2291,3,0,9,0,135,,2289,3,0,9,0,100,,2281,3,0,9,0,145,,2284,3,0,9,0,100,,2280,3,0,9,0,100,,2282,3,0,9,0,100,,2285,3,0,9,0,100,,2283,3,0,9,0,100,,2286,3,0,9,0,100,,2288,3,0,9,0,100,,2287,3,0,9,0,100,,2290,3,0,9,0,105,,2292,3,0,9,0,100,,2293,3,0,9,0
301,'5259',1557,,1700,3,0,9,0,75,,1699,3,0,9,0
301,'5261',1557,,2295,3,0,9,0,75,,2294,3,0,9,0
301,'5262',1557,,2297,3,0,9,0,75,,2296,3,0,9,0
401,'4480',800,,1728,3,,,0,37,,1727,3,,,0,598,,1729,3,,,0,217,,1730,3,,,0
401,'4623',1612,,2305,3,,,0
401,'4661',1612,,1731,3,,,0
401,'4663',1612,,1732,3,,,0
401,'5014',800,,2307,3,,,0,37,,2306,3,,,0,598,,2308,3,,,0,217,,2309,3,,,0
401,'5222',1612,,2310,3,,,0
501,'4480',712,,1907,3,,,0,42,,1908,4,,,0,73,,1909,3,,,0,82,,1910,4,,,0,33,,1911,3,,,0,88,,1912,4,,,0,72,,1913,3,,,0,43,,1914,4,,,0,72,,1915,3,,,0,88,,1916,4,,,0,32,,1917,3,,,0,83,,1918,4,,,0,32,,1919,3,,,0,88,,1920,4,,,0,72,,1921,3,,,0,43,,1923,4,,,0,72,,1922,3,,,0,87,,1924,4,,,0
501,'4532',752,,2389,3,,,0,75,,2390,3,,,0,82,,2391,4,,,0,33,,2392,3,,,0,88,,2393,4,,,0,72,,2394,3,,,0,43,,2395,4,,,0,72,,2396,3,,,0,88,,2397,4,,,0,32,,2398,3,,,0,83,,2399,4,,,0,32,,2400,3,,,0,88,,2401,4,,,0,72,,2402,3,,,0,43,,2403,4,,,0,72,,2404,3,,,0,87,,2405,4,,,0,33,,2406,3,,,0,82,,2407,4,,,0,73,,2408,3,,,0,42,,2409,4,,,0,73,,2410,3,,,0,85,,2411,4,,,0,30,,2412,3,,,0,81,,2413,4,,,0
501,'5014',712,,2414,3,,,0,42,,2415,4,,,0,73,,2416,3,,,0,82,,2417,4,,,0,33,,2418,3,,,0,88,,2419,4,,,0,72,,2420,3,,,0,43,,2421,4,,,0,72,,2422,3,,,0,88,,2423,4,,,0,32,,2424,3,,,0,83,,2425,4,,,0,32,,2426,3,,,0,88,,2427,4,,,0,72,,2428,3,,,0,43,,2430,4,,,0,72,,2429,3,,,0,87,,2431,4,,,0
501,'5173',1847,,1925,3,,,0,82,,1926,4,,,0,73,,1927,3,,,0,42,,1928,4,,,0,73,,1929,3,,,0
501,'5228',752,,2443,3,,,0,75,,2444,3,,,0,82,,2445,4,,,0,33,,2446,3,,,0,88,,2447,4,,,0,72,,2448,3,,,0,43,,2449,4,,,0,72,,2450,3,,,0,88,,2451,4,,,0,32,,2452,3,,,0,83,,2453,4,,,0,32,,2442,3,,,0,88,,2432,4,,,0,72,,2433,3,,,0,43,,2434,4,,,0,72,,2435,3,,,0,87,,2439,4,,,0,33,,2436,3,,,0,82,,2437,4,,,0,73,,2438,3,,,0,42,,2440,4,,,0,73,,2441,3,,,0
501,'5259',1847,,1930,3,,,0,82,,1931,4,,,0,73,,1932,3,,,0,42,,1934,4,,,0,73,,1935,3,,,0,85,,1933,4,,,0,30,,1937,3,,,0,81,,1936,4,,,0
501,'5261',1847,,2454,3,,,0,82,,2455,4,,,0,73,,2456,3,,,0,42,,2457,4,,,0,73,,2458,3,,,0
501,'5262',1847,,2459,3,,,0,82,,2460,4,,,0,73,,2461,3,,,0,42,,2463,4,,,0,73,,2464,3,,,0,85,,2462,4,,,0,30,,2466,3,,,0,81,,2465,4,,,0
901,'4480',721,,1990,3,,,0,103,,1991,3,,,0,102,,1992,3,,,0,100,,1993,3,,,0,101,,1994,3,,,0,98,,1995,3,,,0,100,,1996,3,,,0,98,,1997,3,,,0,124,,1998,3,,,0,100,,1999,3,,,0,93,,2000,3,,,0,107,,2001,3,,,0,154,,2002,3,,,0
901,'5014',721,,2480,3,,,0,103,,2481,3,,,0,102,,2482,3,,,0,100,,2483,3,,,0,101,,2484,3,,,0,98,,2485,3,,,0,100,,2486,3,,,0,98,,2487,3,,,0,124,,2488,3,,,0,100,,2489,3,,,0,93,,2490,3,,,0,107,,2491,3,,,0,154,,2492,3,,,0
