100,'4532',730,,2010,16,,,0,100,,2005,16,,,0,102,,2006,16,,,0,101,,2007,16,,,0,100,,2008,16,,,0,101,,2009,16,,,0,102,,2003,16,,,0,100,,2004,16,,,0,100,,2015,16,,,0,100,,2016,16,,,0,100,,2020,16,,,0,99,,2017,16,,,0,108,,2018,16,,,0,99,,2019,16,,,0,103,,2012,16,,,0,110,,2014,16,,,0,154,,2011,16,,,0
100,'4623',1737,,2021,16,,,0,212,,2025,16,,,0,196,,2022,16,,,0,269,,2023,16,,,0
100,'5014',631,,2026,16,,,0,93,,2027,16,,,0,25,,2039,16,,,0,81,,2028,16,,,0,110,,2029,16,,,0,99,,2030,16,,,0,101,,2031,15,,,0,110,,2033,16,,,0,150,,2032,16,,,0,30,,2034,16,,,0,181,,2041,16,,,0,47,,2035,16,,,0,159,,2040,16,,,0,89,,2036,16,,,0,121,,2037,16,,,0,278,,2038,16,,,0
100,'5210',826,,2057,16,,,0,107,,2056,16,,,0,101,,2054,16,,,0,100,,2046,16,,,0,102,,2052,16,,,0,100,,2047,16,,,0,100,,2053,16,,,0,100,,2048,16,,,0,100,,2050,16,,,0,100,,2058,16,,,0,99,,2049,16,,,0,108,,2051,16,,,0,99,,2055,16,,,0,99,,2060,16,,,0,105,,2059,16,,,0
100,'5222',1737,,2042,16,,,0,212,,2045,16,,,0,196,,2043,16,,,0,269,,2044,16,,,0
100,'5261',1531,,2061,16,,,0
100,'5262',1531,,2062,16,,,0
101,'4532',700,,2074,20,,,0,100,,2069,20,,,0,102,,2070,20,,,0,100,,2071,20,,,0,100,,2072,20,,,0,101,,2073,20,,,0,100,,2063,20,,,0,100,,2067,20,,,0,100,,2066,20,,,0,100,,2065,20,,,0,100,,2080,20,,,0,99,,2064,20,,,0,110,,2068,20,,,0,99,,2075,20,,,0,104,,2077,20,,,0,110,,2076,20,,,0,114,,2078,20,,,0,95,,2079,20,,,0
101,'4623',1704,,2081,20,,,0,213,,2085,20,,,0,198,,2082,20,,,0,229,,2083,20,,,0
101,'5014',653,,2087,20,,,0,64,,2099,20,,,0,40,,2088,20,,,0,152,,2089,20,,,0,99,,2090,20,,,0,101,,2091,20,,,0,109,,2092,20,,,0,110,,2093,20,,,0,30,,2094,20,,,0,179,,2101,20,,,0,88,,2095,20,,,0,119,,2100,20,,,0,89,,2096,20,,,0,123,,2097,20,,,0,279,,2098,20,,,0
101,'5210',756,,2116,20,,,0,147,,2118,20,,,0,100,,2114,20,,,0,100,,2106,20,,,0,102,,2110,20,,,0,98,,2108,20,,,0,100,,2112,20,,,0,100,,2107,20,,,0,100,,2111,20,,,0,100,,2117,20,,,0,99,,2109,20,,,0,110,,2113,20,,,0,99,,2115,20,,,0,100,,2119,20,,,0,105,,2120,20,,,0
101,'5222',1704,,2102,20,,,0,213,,2105,20,,,0,198,,2103,20,,,0,229,,2104,20,,,0
101,'5261',1458,,2121,20,,,0
101,'5262',1458,,2122,20,,,0
200,'4532',742,,2135,13,,,0,172,,2129,13,,,0,101,,2131,13,,,0,100,,2130,13,,,0,101,,2132,13,,,0,100,,2133,13,,,0,101,,2134,13,,,0,100,,2123,13,,,0,100,,2124,13,,,0,100,,2140,13,,,0,99,,2125,13,,,0,100,,2126,13,,,0,99,,2127,13,,,0,100,,2128,13,,,0,100,,2137,13,,,0,97,,2136,13,,,0,114,,2138,13,,,0
200,'4623',1844,,2141,13,,,0,470,,2142,13,,,0
200,'5014',628,,2144,13,,,0,109,,2145,13,,,0,67,,2158,13,,,0,28,,2146,13,,,0,18,,2148,13,,,0,107,,2147,13,,,0,150,,2150,13,,,0,106,,2149,13,,,0,106,,2151,13,,,0,205,,2153,13,,,0,87,,2154,13,,,0,34,,2152,13,,,0,74,,2159,13,,,0,234,,2155,13,,,0,149,,2156,13,,,0,102,,2157,13,,,0
200,'5210',808,,2172,13,,,0,100,,2173,13,,,0,101,,2171,13,,,0,106,,2162,13,,,0,101,,2166,13,,,0,100,,2164,13,,,0,101,,2169,13,,,0,100,,2163,13,,,0,100,,2168,13,,,0,100,,2174,13,,,0,99,,2165,13,,,0,100,,2170,13,,,0,99,,2167,13,,,0,105,,2177,13,,,0,99,,2176,13,,,0,103,,2175,13,,,0
200,'5222',1844,,2160,13,,,0,470,,2161,13,,,0
200,'5261',1424,,2178,13,,,0,330,,2179,13,,,0
200,'5262',1424,,2180,13,,,0,330,,2181,13,,,0
201,'4532',715,,2194,20,,,0,127,,2188,20,,,0,101,,2189,20,,,0,100,,2190,20,,,0,101,,2191,20,,,0,100,,2192,20,,,0,100,,2193,20,,,0,100,,2182,20,,,0,100,,2183,20,,,0,100,,2199,20,,,0,99,,2184,20,,,0,100,,2185,20,,,0,100,,2186,20,,,0,100,,2187,20,,,0,100,,2197,20,,,0,99,,2195,20,,,0,114,,2196,20,,,0,99,,2198,20,,,0
201,'4623',1814,,2200,20,,,0,428,,2201,20,,,0,204,,2202,20,,,0
201,'5014',704,,2204,20,,,0,31,,2217,20,,,0,67,,2205,20,,,0,18,,2206,20,,,0,108,,2207,20,,,0,110,,2209,20,,,0,105,,2208,20,,,0,106,,2210,20,,,0,205,,2211,20,,,0,87,,2213,20,,,0,74,,2212,20,,,0,34,,2218,20,,,0,274,,2214,20,,,0,105,,2215,20,,,0,104,,2216,20,,,0
201,'5210',737,,2231,20,,,0,100,,2232,20,,,0,101,,2230,20,,,0,105,,2223,20,,,0,101,,2224,20,,,0,100,,2222,20,,,0,100,,2226,20,,,0,100,,2221,20,,,0,100,,2227,20,,,0,100,,2233,20,,,0,99,,2228,20,,,0,100,,2229,20,,,0,100,,2225,20,,,0,105,,2235,20,,,0,99,,2236,20,,,0,105,,2234,20,,,0
201,'5222',1814,,2219,20,,,0,428,,2220,20,,,0
201,'5261',1354,,2237,20,,,0,370,,2238,20,,,0
201,'5262',1354,,2239,20,,,0,370,,2240,20,,,0
900,'5014',757,,2467,14,,,0,145,,2469,14,,,0,100,,2468,14,,,0,100,,2471,14,,,0,120,,2470,14,,,0,80,,2473,14,,,0,100,,2472,14,,,0,100,,2474,14,,,0,125,,2476,14,,,0,100,,2475,14,,,0,90,,2477,14,,,0,106,,2478,14,,,0,113,,2479,14,,,0
901,'5014',732,,2480,20,,,0,104,,2481,20,,,0,101,,2482,20,,,0,100,,2483,20,,,0,101,,2484,20,,,0,98,,2485,20,,,0,100,,2486,20,,,0,99,,2487,20,,,0,124,,2488,20,,,0,100,,2489,20,,,0,92,,2490,20,,,0,107,,2491,20,,,0,153,,2492,20,,,0
