101,'4532',650,,2074,2,,,0,100,,2069,2,,,0,100,,2070,2,,,0,100,,2071,2,,,0,100,,2072,2,,,0,100,,2073,2,,,0,100,,2063,2,,,0,100,,2067,2,,,0,100,,2066,2,,,0,100,,2065,2,,,0,100,,2080,2,,,0,100,,2064,2,,,0,150,,2068,2,,,0,100,,2075,2,,,0,105,,2077,2,,,0,110,,2076,2,,,0,115,,2078,2,,,0,95,,2079,2,,,0
101,'4623',1651,,2081,2,,,0,255,,2085,2,,,0,198,,2082,2,,,0,231,,2083,2,,,0
101,'5014',642,,2087,2,,,0,64,,2099,2,,,0,38,,2088,2,,,0,112,,2089,2,,,0,100,,2090,2,,,0,100,,2091,2,,,0,149,,2092,2,,,0,110,,2093,2,,,0,30,,2094,2,,,0,177,,2101,2,,,0,89,,2095,2,,,0,120,,2100,2,,,0,90,,2096,2,,,0,124,,2097,2,,,0,280,,2098,2,,,0
101,'5210',746,,2116,2,,,0,105,,2118,2,,,0,100,,2114,2,,,0,100,,2106,2,,,0,101,,2110,2,,,0,98,,2108,2,,,0,100,,2112,2,,,0,100,,2107,2,,,0,100,,2111,2,,,0,100,,2117,2,,,0,100,,2109,2,,,0,150,,2113,2,,,0,100,,2115,2,,,0,101,,2119,2,,,0,105,,2120,2,,,0
101,'5222',1651,,2102,2,,,0,255,,2105,2,,,0,198,,2103,2,,,0,231,,2104,2,,,0
101,'5261',1445,,2121,2,,,0
101,'5262',1445,,2122,2,,,0
201,'4532',706,,2194,2,,,0,125,,2188,2,,,0,100,,2189,2,,,0,100,,2190,2,,,0,100,,2191,2,,,0,100,,2192,2,,,0,100,,2193,2,,,0,100,,2182,2,,,0,100,,2183,2,,,0,100,,2199,2,,,0,100,,2184,2,,,0,100,,2185,2,,,0,100,,2186,2,,,0,100,,2187,2,,,0,100,,2197,2,,,0,100,,2195,2,,,0,115,,2196,2,,,0,100,,2198,2,,,0
201,'4623',1801,,2200,2,,,0,430,,2201,2,,,0,205,,2202,2,,,0
201,'5014',654,,2204,2,,,0,71,,2217,2,,,0,26,,2205,2,,,0,58,,2206,2,,,0,107,,2207,2,,,0,110,,2209,2,,,0,105,,2208,2,,,0,105,,2210,2,,,0,205,,2211,2,,,0,85,,2213,2,,,0,75,,2212,2,,,0,35,,2218,2,,,0,275,,2214,2,,,0,105,,2215,2,,,0,105,,2216,2,,,0
201,'5210',726,,2231,2,,,0,100,,2232,2,,,0,100,,2230,2,,,0,105,,2223,2,,,0,100,,2224,2,,,0,100,,2222,2,,,0,100,,2226,2,,,0,100,,2221,2,,,0,100,,2227,2,,,0,100,,2233,2,,,0,100,,2228,2,,,0,100,,2229,2,,,0,100,,2225,2,,,0,105,,2235,2,,,0,100,,2236,2,,,0,105,,2234,2,,,0
201,'5222',1801,,2219,2,,,0,430,,2220,2,,,0
201,'5261',1341,,2237,2,,,0,370,,2238,2,,,0
201,'5262',1341,,2239,2,,,0,370,,2240,2,,,0
301,'4532',641,,2256,2,0,9,0,160,,2249,2,0,9,0,100,,2250,2,0,9,0,100,,2253,2,0,9,0,100,,2251,2,0,9,0,100,,2248,2,0,9,0,100,,2254,2,0,9,0,100,,2245,2,0,9,0,100,,2244,2,0,9,0,100,,2246,2,0,9,0,100,,2242,2,0,9,0,100,,2247,2,0,9,0,100,,2241,2,0,9,0,100,,2243,2,0,9,0,100,,2252,2,0,9,0,100,,2257,2,0,9,0,115,,2255,2,0,9,0
301,'4623',2206,,2258,2,0,9,0
301,'5014',616,,2259,2,0,9,0,30,,2260,2,0,9,0,70,,2261,2,0,9,0,38,,2263,2,0,9,0,65,,2262,2,0,9,0,102,,2265,2,0,9,0,80,,2264,2,0,9,0,100,,2267,2,0,9,0,50,,2266,2,0,9,0,90,,2271,2,0,9,0,100,,2269,2,0,9,0,80,,2268,2,0,9,0,34,,2270,2,0,9,0,72,,2273,2,0,9,0,179,,2274,2,0,9,0,45,,2272,2,0,9,0,85,,2275,2,0,9,0,95,,2276,2,0,9,0,120,,2277,2,0,9,0,271,,2278,2,0,9,0
301,'5210',721,,2291,2,0,9,0,135,,2289,2,0,9,0,100,,2281,2,0,9,0,145,,2284,2,0,9,0,100,,2280,2,0,9,0,100,,2282,2,0,9,0,100,,2285,2,0,9,0,100,,2283,2,0,9,0,100,,2286,2,0,9,0,100,,2288,2,0,9,0,100,,2287,2,0,9,0,100,,2290,2,0,9,0,105,,2292,2,0,9,0,100,,2293,2,0,9,0
301,'5222',2206,,2279,2,0,9,0
301,'5261',1556,,2295,2,0,9,0,75,,2294,2,0,9,0
301,'5262',1556,,2297,2,0,9,0,75,,2296,2,0,9,0
401,'4623',1611,,2305,2,,,0
401,'5014',759,,2307,2,,,0,77,,2306,2,,,0,598,,2308,2,,,0,217,,2309,2,,,0
401,'5222',1611,,2310,2,,,0
501,'4532',751,,2389,2,,,0,75,,2390,2,,,0,82,,2391,3,,,0,33,,2392,2,,,0,88,,2393,3,,,0,72,,2394,2,,,0,43,,2395,3,,,0,72,,2396,2,,,0,88,,2397,3,,,0,32,,2398,2,,,0,83,,2399,3,,,0,32,,2400,2,,,0,88,,2401,3,,,0,72,,2402,2,,,0,43,,2403,3,,,0,72,,2404,2,,,0,87,,2405,3,,,0,33,,2406,2,,,0,82,,2407,3,,,0,73,,2408,2,,,0,42,,2409,3,,,0,73,,2410,2,,,0,86,,2411,3,,,0,29,,2412,2,,,0,82,,2413,3,,,0
501,'5014',711,,2414,2,,,0,42,,2415,3,,,0,73,,2416,2,,,0,82,,2417,3,,,0,33,,2418,2,,,0,88,,2419,3,,,0,72,,2420,2,,,0,43,,2421,3,,,0,72,,2422,2,,,0,88,,2423,3,,,0,32,,2424,2,,,0,83,,2425,3,,,0,32,,2426,2,,,0,88,,2427,3,,,0,72,,2428,2,,,0,43,,2430,3,,,0,72,,2429,2,,,0,87,,2431,3,,,0
501,'5210',751,,2443,2,,,0,75,,2444,2,,,0,82,,2445,3,,,0,33,,2446,2,,,0,88,,2447,3,,,0,72,,2448,2,,,0,43,,2449,3,,,0,72,,2450,2,,,0,88,,2451,3,,,0,32,,2452,2,,,0,83,,2453,3,,,0,32,,2442,2,,,0,88,,2432,3,,,0,72,,2433,2,,,0,43,,2434,3,,,0,72,,2435,2,,,0,87,,2439,3,,,0,33,,2436,2,,,0,82,,2437,3,,,0,73,,2438,2,,,0,42,,2440,3,,,0,73,,2441,2,,,0
501,'5261',1846,,2454,2,,,0,82,,2455,3,,,0,73,,2456,2,,,0,42,,2457,3,,,0,73,,2458,2,,,0
501,'5262',1846,,2459,2,,,0,82,,2460,3,,,0,73,,2461,2,,,0,42,,2463,3,,,0,73,,2464,2,,,0,86,,2462,3,,,0,29,,2466,2,,,0,82,,2465,3,,,0
901,'5014',721,,2480,2,,,0,103,,2481,2,,,0,102,,2482,2,,,0,99,,2483,2,,,0,101,,2484,2,,,0,98,,2485,2,,,0,100,,2486,2,,,0,98,,2487,2,,,0,124,,2488,2,,,0,100,,2489,2,,,0,93,,2490,2,,,0,108,,2491,2,,,0,154,,2492,2,,,0
