101,'4623',1658,,735,12,,,0,254,,739,12,,,0,198,,736,12,,,0,230,,737,12,,,0
101,'5014',647,,741,12,,,0,64,,753,12,,,0,40,,742,12,,,0,152,,743,12,,,0,99,,744,12,,,0,101,,745,12,,,0,109,,746,12,,,0,110,,747,12,,,0,30,,748,12,,,0,178,,755,12,,,0,88,,749,12,,,0,120,,754,12,,,0,89,,750,12,,,0,124,,751,12,,,0,279,,752,12,,,0
101,'5222',1658,,756,12,,,0,254,,759,12,,,0,198,,757,12,,,0,230,,758,12,,,0
101,'5227',655,,771,12,,,0,100,,766,12,,,0,101,,767,12,,,0,100,,768,12,,,0,100,,769,12,,,0,101,,770,12,,,0,100,,760,12,,,0,100,,764,12,,,0,100,,763,12,,,0,100,,762,12,,,0,100,,777,12,,,0,99,,761,12,,,0,150,,765,12,,,0,99,,772,12,,,0,105,,774,12,,,0,110,,773,12,,,0,115,,775,12,,,0,95,,776,12,,,0
101,'5228',751,,788,12,,,0,106,,790,12,,,0,100,,786,12,,,0,100,,778,12,,,0,102,,782,12,,,0,98,,780,12,,,0,100,,784,12,,,0,100,,779,12,,,0,100,,783,12,,,0,100,,789,12,,,0,99,,781,12,,,0,150,,785,12,,,0,99,,787,12,,,0,101,,791,12,,,0,105,,792,12,,,0
101,'5256',647,,794,12,,,0,64,,808,12,,,0,40,,795,12,,,0,152,,796,12,,,0,99,,797,12,,,0,101,,798,12,,,0,109,,799,12,,,0,110,,800,12,,,0,30,,801,12,,,0,169,,803,12,0,5 6,0,9,,810,12,,,0,88,,802,12,,,0,120,,809,12,,,0,89,,805,12,,,0,124,,806,12,,,0,279,,807,12,,,0
101,'5257',1658,,811,12,,,0,254,,814,12,,,0,198,,812,12,,,0,230,,813,12,,,0
101,'5258',1452,,815,12,,,0
101,'5259',1452,,816,12,,,0
101,'5260',1658,,817,12,,,0,254,,821,12,,,0,198,,818,12,,,0,230,,819,12,,,0
101,'5261',1452,,822,12,,,0
101,'5262',1452,,823,12,,,0
201,'4623',1808,,908,12,,,0,428,,909,12,,,0,205,,910,12,,,0
201,'5014',659,,912,12,,,0,71,,925,12,,,0,27,,913,12,,,0,58,,914,12,,,0,107,,915,12,,,0,110,,917,12,,,0,105,,916,12,,,0,106,,918,12,,,0,205,,919,12,,,0,86,,921,12,,,0,74,,920,12,,,0,35,,926,12,,,0,274,,922,12,,,0,105,,923,12,,,0,104,,924,12,,,0
201,'5222',1808,,927,12,,,0,428,,928,12,,,0
201,'5227',711,,941,12,,,0,125,,935,12,,,0,101,,936,12,,,0,100,,937,12,,,0,101,,938,12,,,0,100,,939,12,,,0,100,,940,12,,,0,100,,929,12,,,0,100,,930,12,,,0,100,,946,12,,,0,99,,931,12,,,0,100,,932,12,,,0,100,,933,12,,,0,100,,934,12,,,0,100,,944,12,,,0,99,,942,12,,,0,115,,943,12,,,0,100,,945,12,,,0
201,'5228',731,,957,12,,,0,100,,958,12,,,0,101,,956,12,,,0,105,,949,12,,,0,101,,950,12,,,0,100,,948,12,,,0,100,,952,12,,,0,100,,947,12,,,0,100,,953,12,,,0,100,,959,12,,,0,99,,954,12,,,0,100,,955,12,,,0,100,,951,12,,,0,105,,961,12,,,0,99,,962,12,,,0,105,,960,12,,,0
201,'5256',659,,964,12,,,0,71,,977,12,,,0,27,,965,12,,,0,58,,966,12,,,0,107,,967,12,,,0,110,,969,12,,,0,105,,968,12,,,0,106,,970,12,,,0,205,,971,12,,,0,86,,973,12,,,0,74,,972,12,,,0,35,,978,12,,,0,274,,974,12,,,0,105,,975,12,,,0,104,,976,12,,,0
201,'5257',1808,,979,12,,,0,428,,980,12,,,0
201,'5258',1348,,981,12,,,0,370,,982,12,,,0
201,'5259',1348,,983,12,,,0,370,,984,12,,,0
201,'5260',1808,,985,12,,,0,428,,986,12,,,0,205,,987,12,,,0
201,'5261',1348,,988,12,,,0,370,,989,12,,,0
201,'5262',1348,,990,12,,,0,370,,991,12,,,0
401,'4623',1617,,1090,6,,,0
401,'5014',804,,1092,6,,,0,37,,1091,6,,,0,599,,1093,6,,,0,217,,1094,6,,,0
401,'5222',1617,,1095,6,,,0
401,'5256',804,,1097,6,,,0,37,,1096,6,,,0,599,,1098,6,,,0,217,,1099,6,,,0
401,'5257',1617,,1100,6,,,0
401,'5260',1617,,1101,6,,,0
901,'5014',726,,1346,12,,,0,103,,1347,12,,,0,102,,1348,12,,,0,100,,1349,12,,,0,101,,1350,12,,,0,98,,1351,12,,,0,100,,1352,12,,,0,99,,1353,12,,,0,124,,1354,12,,,0,100,,1355,12,,,0,92,,1356,12,,,0,107,,1357,12,,,0,154,,1358,12,,,0
901,'5256',726,,1359,12,,,0,103,,1360,12,,,0,102,,1361,12,,,0,100,,1362,12,,,0,101,,1363,12,,,0,98,,1364,12,,,0,100,,1365,12,,,0,99,,1366,12,,,0,124,,1367,12,,,0,100,,1368,12,,,0,92,,1369,12,,,0,107,,1370,12,,,0,154,,1371,12,,,0
