101,'4623',1659,,735,13,,,0,254,,739,13,,,0,198,,736,13,,,0,230,,737,13,,,0
101,'5014',648,,741,13,,,0,64,,753,13,,,0,40,,742,13,,,0,152,,743,13,,,0,99,,744,13,,,0,101,,745,13,,,0,109,,746,13,,,0,110,,747,13,,,0,30,,748,13,,,0,178,,755,13,,,0,88,,749,13,,,0,120,,754,13,,,0,89,,750,13,,,0,124,,751,13,,,0,279,,752,13,,,0
101,'5222',1659,,756,13,,,0,254,,759,13,,,0,198,,757,13,,,0,230,,758,13,,,0
101,'5227',656,,771,13,,,0,100,,766,13,,,0,101,,767,13,,,0,100,,768,13,,,0,100,,769,13,,,0,101,,770,13,,,0,100,,760,13,,,0,100,,764,13,,,0,100,,763,13,,,0,100,,762,13,,,0,100,,777,13,,,0,99,,761,13,,,0,150,,765,13,,,0,99,,772,13,,,0,105,,774,13,,,0,110,,773,13,,,0,115,,775,13,,,0,95,,776,13,,,0
101,'5228',752,,788,13,,,0,106,,790,13,,,0,100,,786,13,,,0,100,,778,13,,,0,142,,782,13,,,0,58,,780,13,,,0,100,,784,13,,,0,100,,779,13,,,0,100,,783,13,,,0,100,,789,13,,,0,99,,781,13,,,0,150,,785,13,,,0,99,,787,13,,,0,101,,791,13,,,0,105,,792,13,,,0
101,'5256',648,,794,13,,,0,64,,808,13,,,0,40,,795,13,,,0,152,,796,13,,,0,99,,797,13,,,0,101,,798,13,,,0,109,,799,13,,,0,110,,800,13,,,0,30,,801,13,,,0,169,,803,13,0,5 6,0,9,,810,13,,,0,88,,802,13,,,0,120,,809,13,,,0,89,,805,13,,,0,124,,806,13,,,0,279,,807,13,,,0
101,'5257',1659,,811,13,,,0,254,,814,13,,,0,198,,812,13,,,0,230,,813,13,,,0
101,'5258',1453,,815,13,,,0
101,'5259',1453,,816,13,,,0
101,'5260',1659,,817,13,,,0,254,,821,13,,,0,198,,818,13,,,0,230,,819,13,,,0
101,'5261',1453,,822,13,,,0
101,'5262',1453,,823,13,,,0
201,'4623',1809,,908,13,,,0,428,,909,13,,,0,205,,910,13,,,0
201,'5014',700,,912,13,,,0,31,,925,13,,,0,27,,913,13,,,0,58,,914,13,,,0,107,,915,13,,,0,110,,917,13,,,0,105,,916,13,,,0,106,,918,13,,,0,205,,919,13,,,0,86,,921,13,,,0,74,,920,13,,,0,35,,926,13,,,0,274,,922,13,,,0,105,,923,13,,,0,104,,924,13,,,0
201,'5222',1809,,927,13,,,0,428,,928,13,,,0
201,'5227',711,,941,13,,,0,126,,935,13,,,0,101,,936,13,,,0,100,,937,13,,,0,101,,938,13,,,0,100,,939,13,,,0,100,,940,13,,,0,100,,929,13,,,0,100,,930,13,,,0,100,,946,13,,,0,99,,931,13,,,0,100,,932,13,,,0,100,,933,13,,,0,100,,934,13,,,0,100,,944,13,,,0,99,,942,13,,,0,114,,943,13,,,0,100,,945,13,,,0
201,'5228',732,,957,13,,,0,100,,958,13,,,0,101,,956,13,,,0,105,,949,13,,,0,101,,950,13,,,0,100,,948,13,,,0,100,,952,13,,,0,100,,947,13,,,0,100,,953,13,,,0,100,,959,13,,,0,99,,954,13,,,0,100,,955,13,,,0,100,,951,13,,,0,105,,961,13,,,0,99,,962,13,,,0,105,,960,13,,,0
201,'5256',700,,964,13,,,0,31,,977,13,,,0,27,,965,13,,,0,58,,966,13,,,0,107,,967,13,,,0,110,,969,13,,,0,105,,968,13,,,0,106,,970,13,,,0,205,,971,13,,,0,86,,973,13,,,0,74,,972,13,,,0,35,,978,13,,,0,274,,974,13,,,0,105,,975,13,,,0,104,,976,13,,,0
201,'5257',1809,,979,13,,,0,428,,980,13,,,0
201,'5258',1349,,981,13,,,0,370,,982,13,,,0
201,'5259',1349,,983,13,,,0,370,,984,13,,,0
201,'5260',1809,,985,13,,,0,428,,986,13,,,0,205,,987,13,,,0
201,'5261',1349,,988,13,,,0,370,,989,13,,,0
201,'5262',1349,,990,13,,,0,370,,991,13,,,0
401,'4623',1618,,1090,7,,,0
401,'5014',805,,1092,7,,,0,37,,1091,7,,,0,599,,1093,7,,,0,217,,1094,7,,,0
401,'5222',1618,,1095,7,,,0
401,'5256',805,,1097,7,,,0,37,,1096,7,,,0,599,,1098,7,,,0,217,,1099,7,,,0
401,'5257',1618,,1100,7,,,0
401,'5260',1618,,1101,7,,,0
901,'5014',727,,1346,13,,,0,103,,1347,13,,,0,102,,1348,13,,,0,100,,1349,13,,,0,101,,1350,13,,,0,98,,1351,13,,,0,100,,1352,13,,,0,99,,1353,13,,,0,124,,1354,13,,,0,100,,1355,13,,,0,92,,1356,13,,,0,107,,1357,13,,,0,154,,1358,13,,,0
901,'5256',727,,1359,13,,,0,103,,1360,13,,,0,102,,1361,13,,,0,100,,1362,13,,,0,101,,1363,13,,,0,98,,1364,13,,,0,100,,1365,13,,,0,99,,1366,13,,,0,124,,1367,13,,,0,100,,1368,13,,,0,92,,1369,13,,,0,107,,1370,13,,,0,154,,1371,13,,,0
