301,'4480',626,,1676,15,0,9,0,30,,1677,15,0,9,0,70,,1678,15,0,9,0,79,,1680,15,0,9,0,26,,1679,15,0,9,0,101,,1682,15,0,9,0,80,,1681,15,0,9,0,101,,1684,15,0,9,0,90,,1683,15,0,9,0,50,,1688,15,0,9,0,100,,1686,15,0,9,0,80,,1685,15,0,9,0,75,,1687,15,0,9,0,32,,1690,15,0,9,0,178,,1691,15,0,9,0,85,,1689,15,0,9,0,44,,1692,15,0,9,0,95,,1693,15,0,9,0,159,,1694,15,0,9,0,231,,1695,15,0,9,0
301,'4532',651,,2256,15,0,9,0,161,,2249,15,0,9,0,100,,2250,15,0,9,0,100,,2253,15,0,9,0,101,,2251,15,0,9,0,100,,2248,15,0,9,0,100,,2254,15,0,9,0,100,,2245,15,0,9,0,100,,2244,15,0,9,0,100,,2246,15,0,9,0,100,,2242,15,0,9,0,99,,2247,15,0,9,0,100,,2241,15,0,9,0,99,,2243,15,0,9,0,100,,2252,15,0,9,0,100,,2257,15,0,9,0,115,,2255,15,0,9,0
301,'4623',2216,,2258,15,0,9,0
301,'4661',2216,,1696,15,0,9,0
301,'4663',2216,,1701,15,0,9,0
301,'5014',626,,2259,15,0,9,0,30,,2260,15,0,9,0,70,,2261,15,0,9,0,79,,2263,15,0,9,0,26,,2262,15,0,9,0,101,,2265,15,0,9,0,80,,2264,15,0,9,0,101,,2267,15,0,9,0,90,,2266,15,0,9,0,50,,2271,15,0,9,0,100,,2269,15,0,9,0,80,,2268,15,0,9,0,75,,2270,15,0,9,0,32,,2273,15,0,9,0,178,,2274,15,0,9,0,85,,2272,15,0,9,0,44,,2275,15,0,9,0,95,,2276,15,0,9,0,159,,2277,15,0,9,0,231,,2278,15,0,9,0
301,'5173',1608,,1698,15,0,9,0,35,,1697,15,0,9,0
301,'5222',2216,,2279,15,0,9,0
301,'5228',731,,2291,15,0,9,0,176,,2289,15,0,9,0,100,,2281,15,0,9,0,106,,2284,15,0,9,0,100,,2280,15,0,9,0,100,,2282,15,0,9,0,100,,2285,15,0,9,0,100,,2283,15,0,9,0,100,,2286,15,0,9,0,100,,2288,15,0,9,0,99,,2287,15,0,9,0,100,,2290,15,0,9,0,104,,2292,15,0,9,0,100,,2293,15,0,9,0
301,'5259',1608,,1700,15,0,9,0,35,,1699,15,0,9,0
301,'5261',1608,,2295,15,0,9,0,35,,2294,15,0,9,0
301,'5262',1608,,2297,15,0,9,0,35,,2296,15,0,9,0
