101,'4480',657,,1481,23,,,0,64,,1495,23,,,0,80,,1482,23,,,0,112,,1483,23,,,0,99,,1484,23,,,0,101,,1485,23,,,0,109,,1486,23,,,0,110,,1487,23,,,0,70,,1488,23,,,0,98,,1491,3,,,0,32,,1490,23,0,5 6,0,9,,1497,23,,,0,88,,1489,23,,,0,119,,1496,23,,,0,89,,1492,23,,,0,163,,1493,23,,,0,239,,1494,23,,,0
101,'4532',705,,2074,23,,,0,100,,2069,23,,,0,102,,2070,23,,,0,100,,2071,23,,,0,100,,2072,23,,,0,101,,2073,23,,,0,100,,2063,23,,,0,100,,2067,23,,,0,100,,2066,23,,,0,100,,2065,23,,,0,100,,2080,23,,,0,99,,2064,23,,,0,110,,2068,23,,,0,99,,2075,23,,,0,104,,2077,23,,,0,110,,2076,23,,,0,114,,2078,23,,,0,95,,2079,23,,,0
101,'4623',1708,,2081,23,,,0,213,,2085,23,,,0,198,,2082,23,,,0,229,,2083,23,,,0
101,'4661',1708,,1498,23,,,0,213,,1501,23,,,0,198,,1499,23,,,0,229,,1500,23,,,0
101,'4663',1708,,1504,23,,,0,213,,1508,23,,,0,198,,1505,23,,,0,229,,1506,23,,,0
101,'5014',657,,2087,23,,,0,64,,2099,23,,,0,80,,2088,23,,,0,112,,2089,23,,,0,99,,2090,23,,,0,101,,2091,23,,,0,109,,2092,23,,,0,110,,2093,23,,,0,70,,2094,23,,,0,139,,2101,23,,,0,88,,2095,23,,,0,119,,2100,23,,,0,89,,2096,23,,,0,163,,2097,23,,,0,239,,2098,23,,,0
101,'5173',1502,,1502,23,,,0
101,'5222',1708,,2102,23,,,0,213,,2105,23,,,0,198,,2103,23,,,0,229,,2104,23,,,0
101,'5228',801,,2116,23,,,0,107,,2118,23,,,0,100,,2114,23,,,0,100,,2106,23,,,0,102,,2110,23,,,0,98,,2108,23,,,0,100,,2112,23,,,0,100,,2107,23,,,0,100,,2111,23,,,0,100,,2117,23,,,0,99,,2109,23,,,0,110,,2113,23,,,0,99,,2115,23,,,0,100,,2119,23,,,0,105,,2120,23,,,0
101,'5259',1502,,1503,23,,,0
101,'5261',1502,,2121,23,,,0
101,'5262',1502,,2122,23,,,0
201,'4480',604,,1610,3,,,0,105,,1611,25,,,0,31,,1624,25,,,0,67,,1612,25,,,0,18,,1613,25,,,0,108,,1614,25,,,0,110,,1616,25,,,0,106,,1615,25,,,0,106,,1617,25,,,0,245,,1618,25,,,0,47,,1620,25,,,0,74,,1619,25,,,0,34,,1625,25,,,0,274,,1621,25,,,0,105,,1622,25,,,0,103,,1623,25,,,0
201,'4532',720,,2194,25,,,0,127,,2188,25,,,0,101,,2189,25,,,0,100,,2190,25,,,0,101,,2191,25,,,0,100,,2192,25,,,0,101,,2193,25,,,0,100,,2182,25,,,0,100,,2183,25,,,0,100,,2199,25,,,0,99,,2184,25,,,0,100,,2185,25,,,0,99,,2186,25,,,0,100,,2187,25,,,0,100,,2197,25,,,0,99,,2195,25,,,0,154,,2196,25,,,0,99,,2198,25,,,0
201,'4623',1820,,2200,25,,,0,427,,2201,25,,,0,204,,2202,25,,,0
201,'4661',1820,,1626,25,,,0,427,,1627,25,,,0
201,'4663',1820,,1632,25,,,0,427,,1633,25,,,0,204,,1634,25,,,0
201,'5014',604,,2203,3,,,0,105,,2204,25,,,0,31,,2217,25,,,0,67,,2205,25,,,0,18,,2206,25,,,0,108,,2207,25,,,0,110,,2209,25,,,0,106,,2208,25,,,0,106,,2210,25,,,0,245,,2211,25,,,0,47,,2213,25,,,0,74,,2212,25,,,0,34,,2218,25,,,0,274,,2214,25,,,0,105,,2215,25,,,0,103,,2216,25,,,0
201,'5173',1400,,1628,25,,,0,330,,1629,25,,,0
201,'5222',1820,,2219,25,,,0,427,,2220,25,,,0
201,'5228',742,,2231,25,,,0,100,,2232,25,,,0,101,,2230,25,,,0,105,,2223,25,,,0,101,,2224,25,,,0,100,,2222,25,,,0,101,,2226,25,,,0,100,,2221,25,,,0,100,,2227,25,,,0,100,,2233,25,,,0,99,,2228,25,,,0,100,,2229,25,,,0,99,,2225,25,,,0,105,,2235,25,,,0,99,,2236,25,,,0,105,,2234,25,,,0
201,'5259',1400,,1630,25,,,0,330,,1631,25,,,0
201,'5261',1400,,2237,25,,,0,330,,2238,25,,,0
201,'5262',1400,,2239,25,,,0,330,,2240,25,,,0
401,'4480',811,,1728,10,,,0,37,,1727,10,,,0,599,,1729,10,,,0,257,,1730,10,,,0
401,'4623',1624,,2305,10,,,0
401,'4661',1624,,1731,10,,,0
401,'4663',1624,,1732,10,,,0
401,'5014',811,,2307,10,,,0,37,,2306,10,,,0,599,,2308,10,,,0,257,,2309,10,,,0
401,'5222',1624,,2310,10,,,0
900,'4480',751,,1964,9,,,0,105,,1966,9,,,0,100,,1965,9,,,0,100,,1968,9,,,0,160,,1967,9,,,0,40,,1970,9,,,0,100,,1969,9,,,0,100,,1971,9,,,0,165,,1973,9,,,0,100,,1972,9,,,0,90,,1974,9,,,0,106,,1975,9,,,0,113,,1976,9,,,0
900,'5014',751,,2467,9,,,0,105,,2469,9,,,0,100,,2468,9,,,0,100,,2471,9,,,0,160,,2470,9,,,0,40,,2473,9,,,0,100,,2472,9,,,0,100,,2474,9,,,0,165,,2476,9,,,0,100,,2475,9,,,0,90,,2477,9,,,0,106,,2478,9,,,0,113,,2479,9,,,0
