100,'4480',637,,1411,23,,,0,93,,1412,23,,,0,25,,1425,23,,,0,82,,1413,23,,,0,109,,1414,23,,,0,99,,1415,23,,,0,102,,1416,22,,,0,110,,1418,23,,,0,150,,1417,23,,,0,30,,1419,23,,,0,97,,1421,23,,,0,84,,1427,23,,,0,87,,1420,23,,,0,118,,1426,23,,,0,89,,1422,23,,,0,121,,1423,23,,,0,277,,1424,23,,,0
100,'4532',736,,2010,23,,,0,100,,2005,23,,,0,102,,2006,23,,,0,101,,2007,23,,,0,100,,2008,23,,,0,101,,2009,23,,,0,102,,2003,23,,,0,100,,2004,23,,,0,100,,2015,23,,,0,100,,2016,23,,,0,100,,2020,23,,,0,99,,2017,23,,,0,108,,2018,23,,,0,99,,2019,23,,,0,103,,2012,23,,,0,150,,2014,23,,,0,113,,2011,23,,,0
100,'4623',1744,,2021,23,,,0,211,,2025,23,,,0,196,,2022,23,,,0,268,,2023,23,,,0
100,'4661',1744,,1428,23,,,0,211,,1431,23,,,0,196,,1429,23,,,0,268,,1430,23,,,0
100,'4663',1744,,1434,23,,,0,211,,1438,23,,,0,196,,1435,23,,,0,268,,1436,23,,,0
100,'5014',637,,2026,23,,,0,93,,2027,23,,,0,25,,2039,23,,,0,82,,2028,23,,,0,109,,2029,23,,,0,99,,2030,23,,,0,102,,2031,22,,,0,110,,2033,23,,,0,150,,2032,23,,,0,30,,2034,23,,,0,181,,2041,23,,,0,87,,2035,23,,,0,118,,2040,23,,,0,89,,2036,23,,,0,121,,2037,23,,,0,277,,2038,23,,,0
100,'5173',1538,,1432,23,,,0
100,'5222',1744,,2042,23,,,0,211,,2045,23,,,0,196,,2043,23,,,0,268,,2044,23,,,0
100,'5228',832,,2057,23,,,0,107,,2056,23,,,0,101,,2054,23,,,0,100,,2046,23,,,0,102,,2052,23,,,0,100,,2047,23,,,0,100,,2053,23,,,0,100,,2048,23,,,0,100,,2050,23,,,0,100,,2058,23,,,0,99,,2049,23,,,0,108,,2051,23,,,0,99,,2055,23,,,0,99,,2060,23,,,0,105,,2059,23,,,0
100,'5259',1538,,1433,23,,,0
100,'5261',1538,,2061,23,,,0
100,'5262',1538,,2062,23,,,0
200,'4480',634,,1546,20,,,0,109,,1547,20,,,0,67,,1560,20,,,0,28,,1548,20,,,0,18,,1550,20,,,0,147,,1549,20,,,0,110,,1552,20,,,0,107,,1551,20,,,0,106,,1553,20,,,0,205,,1555,20,,,0,87,,1556,20,,,0,34,,1554,20,,,0,74,,1561,20,,,0,274,,1557,20,,,0,109,,1558,20,,,0,101,,1559,20,,,0
200,'4532',747,,2135,20,,,0,172,,2129,20,,,0,102,,2131,20,,,0,100,,2130,20,,,0,101,,2132,20,,,0,100,,2133,20,,,0,101,,2134,20,,,0,100,,2123,20,,,0,100,,2124,20,,,0,100,,2140,20,,,0,99,,2125,20,,,0,100,,2126,20,,,0,99,,2127,20,,,0,100,,2128,20,,,0,100,,2137,20,,,0,97,,2136,20,,,0,114,,2138,20,,,0
200,'4623',1851,,2141,20,,,0,469,,2142,20,,,0
200,'4661',1851,,1562,20,,,0,469,,1563,20,,,0
200,'4663',1851,,1568,20,,,0,469,,1569,20,,,0
200,'5014',634,,2144,20,,,0,109,,2145,20,,,0,67,,2158,20,,,0,28,,2146,20,,,0,18,,2148,20,,,0,147,,2147,20,,,0,110,,2150,20,,,0,107,,2149,20,,,0,106,,2151,20,,,0,205,,2153,20,,,0,87,,2154,20,,,0,34,,2152,20,,,0,74,,2159,20,,,0,274,,2155,20,,,0,109,,2156,20,,,0,101,,2157,20,,,0
200,'5173',1431,,1564,20,,,0,370,,1565,20,,,0
200,'5222',1851,,2160,20,,,0,469,,2161,20,,,0
200,'5228',813,,2172,20,,,0,100,,2173,20,,,0,102,,2171,20,,,0,106,,2162,20,,,0,101,,2166,20,,,0,100,,2164,20,,,0,101,,2169,20,,,0,100,,2163,20,,,0,100,,2168,20,,,0,100,,2174,20,,,0,99,,2165,20,,,0,100,,2170,20,,,0,99,,2167,20,,,0,105,,2177,20,,,0,99,,2176,20,,,0,103,,2175,20,,,0
200,'5259',1431,,1566,20,,,0,370,,1567,20,,,0
200,'5261',1431,,2178,20,,,0,370,,2179,20,,,0
200,'5262',1431,,2180,20,,,0,370,,2181,20,,,0
900,'4480',803,,1964,21,,,0,105,,1966,21,,,0,100,,1965,21,,,0,100,,1968,21,,,0,120,,1967,21,,,0,80,,1970,21,,,0,100,,1969,21,,,0,101,,1971,21,,,0,124,,1973,21,,,0,100,,1972,21,,,0,89,,1974,21,,,0,106,,1975,21,,,0,113,,1976,21,,,0
900,'5014',803,,2467,21,,,0,105,,2469,21,,,0,100,,2468,21,,,0,100,,2471,21,,,0,120,,2470,21,,,0,80,,2473,21,,,0,100,,2472,21,,,0,101,,2474,21,,,0,124,,2476,21,,,0,100,,2475,21,,,0,89,,2477,21,,,0,106,,2478,21,,,0,113,,2479,21,,,0
