100,'4480',627,,1411,15,,,0,93,,1412,15,,,0,25,,1425,15,,,0,81,,1413,15,,,0,110,,1414,15,,,0,99,,1415,15,,,0,101,,1416,14,,,0,110,,1418,15,,,0,110,,1417,15,,,0,70,,1419,15,,,0,97,,1421,15,,,0,84,,1427,15,,,0,47,,1420,15,,,0,159,,1426,15,,,0,89,,1422,15,,,0,122,,1423,15,,,0,278,,1424,15,,,0
100,'4532',726,,2010,15,,,0,100,,2005,15,,,0,102,,2006,15,,,0,101,,2007,15,,,0,100,,2008,15,,,0,101,,2009,15,,,0,102,,2003,15,,,0,100,,2004,15,,,0,100,,2015,15,,,0,100,,2016,15,,,0,100,,2020,15,,,0,99,,2017,15,,,0,109,,2018,15,,,0,99,,2019,15,,,0,103,,2012,15,,,0,110,,2014,15,,,0,154,,2011,15,,,0,94,,2013,15,4,,0
100,'4623',1733,,2021,15,,,0,212,,2025,15,,,0,197,,2022,15,,,0,269,,2023,15,,,0,123,,2024,15,4,,0
100,'4661',1733,,1428,15,,,0,212,,1431,15,,,0,197,,1429,15,,,0,269,,1430,15,,,0
100,'4663',1733,,1434,15,,,0,212,,1438,15,,,0,197,,1435,15,,,0,269,,1436,15,,,0,123,,1437,15,4,,0
100,'5014',627,,2026,15,,,0,93,,2027,15,,,0,25,,2039,15,,,0,81,,2028,15,,,0,110,,2029,15,,,0,99,,2030,15,,,0,101,,2031,14,,,0,110,,2033,15,,,0,110,,2032,15,,,0,70,,2034,15,,,0,181,,2041,15,,,0,47,,2035,15,,,0,159,,2040,15,,,0,89,,2036,15,,,0,122,,2037,15,,,0,278,,2038,15,,,0
100,'5173',1527,,1432,15,,,0
100,'5222',1733,,2042,15,,,0,212,,2045,15,,,0,197,,2043,15,,,0,269,,2044,15,,,0
100,'5228',822,,2057,15,,,0,107,,2056,15,,,0,101,,2054,15,,,0,100,,2046,15,,,0,102,,2052,15,,,0,100,,2047,15,,,0,100,,2053,15,,,0,100,,2048,15,,,0,100,,2050,15,,,0,100,,2058,15,,,0,99,,2049,15,,,0,109,,2051,15,,,0,99,,2055,15,,,0,99,,2060,15,,,0,105,,2059,15,,,0
100,'5259',1527,,1433,15,,,0
100,'5261',1527,,2061,15,,,0
100,'5262',1527,,2062,15,,,0
200,'4480',622,,1546,10,,,0,109,,1547,10,,,0,27,,1560,10,,,0,67,,1548,10,,,0,18,,1550,10,,,0,108,,1549,10,,,0,150,,1552,10,,,0,106,,1551,10,,,0,106,,1553,10,,,0,205,,1555,10,,,0,87,,1556,10,,,0,34,,1554,10,,,0,74,,1561,10,,,0,234,,1557,10,,,0,109,,1558,10,,,0,103,,1559,10,,,0
200,'4532',734,,2135,10,,,0,172,,2129,10,,,0,101,,2131,10,,,0,100,,2130,10,,,0,101,,2132,10,,,0,100,,2133,10,,,0,101,,2134,10,,,0,100,,2123,10,,,0,100,,2124,10,,,0,100,,2140,10,,,0,99,,2125,10,,,0,100,,2126,10,,,0,99,,2127,10,,,0,100,,2128,10,,,0,100,,2137,10,,,0,98,,2136,10,,,0,114,,2138,10,,,0,99,,2139,10,4,,0
200,'4623',1838,,2141,10,,,0,471,,2142,10,,,0
200,'4661',1838,,1562,10,,,0,471,,1563,10,,,0
200,'4663',1838,,1568,10,,,0,471,,1569,10,,,0
200,'5014',622,,2144,10,,,0,109,,2145,10,,,0,27,,2158,10,,,0,67,,2146,10,,,0,18,,2148,10,,,0,108,,2147,10,,,0,150,,2150,10,,,0,106,,2149,10,,,0,106,,2151,10,,,0,205,,2153,10,,,0,87,,2154,10,,,0,34,,2152,10,,,0,74,,2159,10,,,0,234,,2155,10,,,0,109,,2156,10,,,0,103,,2157,10,,,0
200,'5173',1418,,1564,10,,,0,330,,1565,10,,,0
200,'5222',1838,,2160,10,,,0,471,,2161,10,,,0
200,'5228',800,,2172,10,,,0,100,,2173,10,,,0,101,,2171,10,,,0,106,,2162,10,,,0,101,,2166,10,,,0,100,,2164,10,,,0,101,,2169,10,,,0,100,,2163,10,,,0,100,,2168,10,,,0,100,,2174,10,,,0,99,,2165,10,,,0,100,,2170,10,,,0,99,,2167,10,,,0,105,,2177,10,,,0,99,,2176,10,,,0,104,,2175,10,,,0
200,'5259',1418,,1566,10,,,0,330,,1567,10,,,0
200,'5261',1418,,2178,10,,,0,330,,2179,10,,,0
200,'5262',1418,,2180,10,,,0,330,,2181,10,,,0
400,'4480',739,,1713,9,,,0,80,,1714,9,,,0,37,,1715,9,,,0,599,,1716,9,,,0,97,,1718,9,,,0,160,,1717,9,,,0
400,'4623',1632,,2298,9,,,0
400,'4661',1632,,1719,9,,,0
400,'4663',1632,,1720,9,,,0
400,'5014',739,,2299,9,,,0,80,,2300,9,,,0,37,,2301,9,,,0,599,,2302,9,,,0,257,,2303,9,,,0
400,'5222',1632,,2304,9,,,0
901,'4480',739,,1990,27,,,0,104,,1991,27,,,0,101,,1992,27,,,0,100,,1993,27,,,0,101,,1994,27,,,0,98,,1995,27,,,0,100,,1996,27,,,0,100,,1997,27,,,0,164,,1998,27,,,0,100,,1999,27,,,0,51,,2000,27,,,0,147,,2001,27,,,0,113,,2002,27,,,0
901,'5014',739,,2480,27,,,0,104,,2481,27,,,0,101,,2482,27,,,0,100,,2483,27,,,0,101,,2484,27,,,0,98,,2485,27,,,0,100,,2486,27,,,0,100,,2487,27,,,0,164,,2488,27,,,0,100,,2489,27,,,0,51,,2490,27,,,0,147,,2491,27,,,0,113,,2492,27,,,0
