100,'4480',638,,1411,24,,,0,93,,1412,24,,,0,25,,1425,24,,,0,82,,1413,24,,,0,109,,1414,24,,,0,99,,1415,24,,,0,102,,1416,23,,,0,110,,1418,24,,,0,150,,1417,24,,,0,30,,1419,24,,,0,97,,1421,24,,,0,84,,1427,24,,,0,87,,1420,24,,,0,118,,1426,24,,,0,89,,1422,24,,,0,121,,1423,24,,,0,277,,1424,24,,,0
100,'4532',737,,2010,24,,,0,100,,2005,24,,,0,102,,2006,24,,,0,101,,2007,24,,,0,100,,2008,24,,,0,101,,2009,24,,,0,102,,2003,24,,,0,100,,2004,24,,,0,100,,2015,24,,,0,100,,2016,24,,,0,100,,2020,24,,,0,99,,2017,24,,,0,108,,2018,24,,,0,99,,2019,24,,,0,103,,2012,24,,,0,150,,2014,24,,,0,113,,2011,24,,,0
100,'4623',1745,,2021,24,,,0,211,,2025,24,,,0,196,,2022,24,,,0,268,,2023,24,,,0
100,'4661',1745,,1428,24,,,0,211,,1431,24,,,0,196,,1429,24,,,0,268,,1430,24,,,0
100,'4663',1745,,1434,24,,,0,211,,1438,24,,,0,196,,1435,24,,,0,268,,1436,24,,,0
100,'5014',638,,2026,24,,,0,93,,2027,24,,,0,25,,2039,24,,,0,82,,2028,24,,,0,109,,2029,24,,,0,99,,2030,24,,,0,102,,2031,23,,,0,110,,2033,24,,,0,150,,2032,24,,,0,30,,2034,24,,,0,181,,2041,24,,,0,87,,2035,24,,,0,118,,2040,24,,,0,89,,2036,24,,,0,121,,2037,24,,,0,277,,2038,24,,,0
100,'5173',1539,,1432,24,,,0
100,'5222',1745,,2042,24,,,0,211,,2045,24,,,0,196,,2043,24,,,0,268,,2044,24,,,0
100,'5228',833,,2057,24,,,0,107,,2056,24,,,0,101,,2054,24,,,0,100,,2046,24,,,0,102,,2052,24,,,0,100,,2047,24,,,0,100,,2053,24,,,0,100,,2048,24,,,0,100,,2050,24,,,0,100,,2058,24,,,0,99,,2049,24,,,0,108,,2051,24,,,0,99,,2055,24,,,0,99,,2060,24,,,0,105,,2059,24,,,0
100,'5259',1539,,1433,24,,,0
100,'5261',1539,,2061,24,,,0
100,'5262',1539,,2062,24,,,0
200,'4480',635,,1546,21,,,0,109,,1547,21,,,0,67,,1560,21,,,0,28,,1548,21,,,0,18,,1550,21,,,0,147,,1549,21,,,0,110,,1552,21,,,0,107,,1551,21,,,0,106,,1553,21,,,0,205,,1555,21,,,0,87,,1556,21,,,0,34,,1554,21,,,0,74,,1561,21,,,0,274,,1557,21,,,0,109,,1558,21,,,0,101,,1559,21,,,0
200,'4532',748,,2135,21,,,0,172,,2129,21,,,0,102,,2131,21,,,0,100,,2130,21,,,0,101,,2132,21,,,0,100,,2133,21,,,0,101,,2134,21,,,0,100,,2123,21,,,0,100,,2124,21,,,0,100,,2140,21,,,0,99,,2125,21,,,0,100,,2126,21,,,0,98,,2127,21,,,0,100,,2128,21,,,0,100,,2137,21,,,0,97,,2136,21,,,0,114,,2138,21,,,0
200,'4623',1852,,2141,21,,,0,469,,2142,21,,,0
200,'4661',1852,,1562,21,,,0,469,,1563,21,,,0
200,'4663',1852,,1568,21,,,0,469,,1569,21,,,0
200,'5014',635,,2144,21,,,0,109,,2145,21,,,0,67,,2158,21,,,0,28,,2146,21,,,0,18,,2148,21,,,0,147,,2147,21,,,0,110,,2150,21,,,0,107,,2149,21,,,0,106,,2151,21,,,0,205,,2153,21,,,0,87,,2154,21,,,0,34,,2152,21,,,0,74,,2159,21,,,0,274,,2155,21,,,0,109,,2156,21,,,0,101,,2157,21,,,0
200,'5173',1432,,1564,21,,,0,370,,1565,21,,,0
200,'5222',1852,,2160,21,,,0,469,,2161,21,,,0
200,'5228',814,,2172,21,,,0,100,,2173,21,,,0,102,,2171,21,,,0,106,,2162,21,,,0,101,,2166,21,,,0,100,,2164,21,,,0,101,,2169,21,,,0,100,,2163,21,,,0,100,,2168,21,,,0,100,,2174,21,,,0,99,,2165,21,,,0,100,,2170,21,,,0,98,,2167,21,,,0,105,,2177,21,,,0,99,,2176,21,,,0,103,,2175,21,,,0
200,'5259',1432,,1566,21,,,0,370,,1567,21,,,0
200,'5261',1432,,2178,21,,,0,370,,2179,21,,,0
200,'5262',1432,,2180,21,,,0,370,,2181,21,,,0
900,'4480',804,,1964,22,,,0,105,,1966,22,,,0,100,,1965,22,,,0,100,,1968,22,,,0,120,,1967,22,,,0,80,,1970,22,,,0,100,,1969,22,,,0,100,,1971,22,,,0,125,,1973,22,,,0,100,,1972,22,,,0,89,,1974,22,,,0,106,,1975,22,,,0,113,,1976,22,,,0
900,'5014',804,,2467,22,,,0,105,,2469,22,,,0,100,,2468,22,,,0,100,,2471,22,,,0,120,,2470,22,,,0,80,,2473,22,,,0,100,,2472,22,,,0,100,,2474,22,,,0,125,,2476,22,,,0,100,,2475,22,,,0,89,,2477,22,,,0,106,,2478,22,,,0,113,,2479,22,,,0
