101,'4480',651,,1481,17,,,0,64,,1495,17,,,0,40,,1482,17,,,0,152,,1483,17,,,0,99,,1484,17,,,0,101,,1485,17,,,0,109,,1486,17,,,0,110,,1487,17,,,0,30,,1488,17,,,0,169,,1490,17,0,5 6,0,9,,1497,17,,,0,88,,1489,17,,,0,120,,1496,17,,,0,89,,1492,17,,,0,123,,1493,17,,,0,279,,1494,17,,,0
101,'4532',658,,2074,17,,,0,100,,2069,17,,,0,142,,2070,17,,,0,100,,2071,17,,,0,100,,2072,17,,,0,101,,2073,17,,,0,100,,2063,17,,,0,100,,2067,17,,,0,100,,2066,17,,,0,100,,2065,17,,,0,100,,2080,17,,,0,99,,2064,17,,,0,110,,2068,17,,,0,99,,2075,17,,,0,104,,2077,17,,,0,110,,2076,17,,,0,115,,2078,17,,,0,95,,2079,17,,,0
101,'4623',1702,,2081,17,,,0,213,,2085,17,,,0,198,,2082,17,,,0,230,,2083,17,,,0
101,'4661',1702,,1498,17,,,0,213,,1501,17,,,0,198,,1499,17,,,0,230,,1500,17,,,0
101,'4663',1702,,1504,17,,,0,213,,1508,17,,,0,198,,1505,17,,,0,230,,1506,17,,,0
101,'5014',651,,2087,17,,,0,64,,2099,17,,,0,40,,2088,17,,,0,152,,2089,17,,,0,99,,2090,17,,,0,101,,2091,17,,,0,109,,2092,17,,,0,110,,2093,17,,,0,30,,2094,17,,,0,178,,2101,17,,,0,88,,2095,17,,,0,120,,2100,17,,,0,89,,2096,17,,,0,123,,2097,17,,,0,279,,2098,17,,,0
101,'5173',1456,,1502,17,,,0
101,'5222',1702,,2102,17,,,0,213,,2105,17,,,0,198,,2103,17,,,0,230,,2104,17,,,0
101,'5228',754,,2116,17,,,0,147,,2118,17,,,0,100,,2114,17,,,0,100,,2106,17,,,0,102,,2110,17,,,0,98,,2108,17,,,0,100,,2112,17,,,0,100,,2107,17,,,0,100,,2111,17,,,0,100,,2117,17,,,0,99,,2109,17,,,0,110,,2113,17,,,0,99,,2115,17,,,0,100,,2119,17,,,0,105,,2120,17,,,0
101,'5259',1456,,1503,17,,,0
101,'5261',1456,,2121,17,,,0
101,'5262',1456,,2122,17,,,0
201,'4480',702,,1611,17,,,0,31,,1624,17,,,0,67,,1612,17,,,0,18,,1613,17,,,0,108,,1614,17,,,0,110,,1616,17,,,0,105,,1615,17,,,0,106,,1617,17,,,0,205,,1618,17,,,0,86,,1620,17,,,0,74,,1619,17,,,0,35,,1625,17,,,0,274,,1621,17,,,0,105,,1622,17,,,0,104,,1623,17,,,0
201,'4532',713,,2194,17,,,0,127,,2188,17,,,0,101,,2189,17,,,0,100,,2190,17,,,0,101,,2191,17,,,0,100,,2192,17,,,0,100,,2193,17,,,0,100,,2182,17,,,0,100,,2183,17,,,0,100,,2199,17,,,0,99,,2184,17,,,0,100,,2185,17,,,0,100,,2186,17,,,0,100,,2187,17,,,0,100,,2197,17,,,0,99,,2195,17,,,0,114,,2196,17,,,0,99,,2198,17,,,0
201,'4623',1812,,2200,17,,,0,428,,2201,17,,,0,204,,2202,17,,,0
201,'4661',1812,,1626,17,,,0,428,,1627,17,,,0
201,'4663',1812,,1632,17,,,0,428,,1633,17,,,0,204,,1634,17,,,0
201,'5014',702,,2204,17,,,0,31,,2217,17,,,0,67,,2205,17,,,0,18,,2206,17,,,0,108,,2207,17,,,0,110,,2209,17,,,0,105,,2208,17,,,0,106,,2210,17,,,0,205,,2211,17,,,0,86,,2213,17,,,0,74,,2212,17,,,0,35,,2218,17,,,0,274,,2214,17,,,0,105,,2215,17,,,0,104,,2216,17,,,0
201,'5173',1352,,1628,17,,,0,370,,1629,17,,,0
201,'5222',1812,,2219,17,,,0,428,,2220,17,,,0
201,'5228',735,,2231,17,,,0,100,,2232,17,,,0,101,,2230,17,,,0,105,,2223,17,,,0,101,,2224,17,,,0,100,,2222,17,,,0,100,,2226,17,,,0,100,,2221,17,,,0,100,,2227,17,,,0,100,,2233,17,,,0,99,,2228,17,,,0,100,,2229,17,,,0,100,,2225,17,,,0,105,,2235,17,,,0,99,,2236,17,,,0,105,,2234,17,,,0
201,'5259',1352,,1630,17,,,0,370,,1631,17,,,0
201,'5261',1352,,2237,17,,,0,370,,2238,17,,,0
201,'5262',1352,,2239,17,,,0,370,,2240,17,,,0
901,'4480',730,,1990,17,,,0,103,,1991,17,,,0,102,,1992,17,,,0,100,,1993,17,,,0,101,,1994,17,,,0,98,,1995,17,,,0,100,,1996,17,,,0,99,,1997,17,,,0,124,,1998,17,,,0,100,,1999,17,,,0,92,,2000,17,,,0,107,,2001,17,,,0,153,,2002,17,,,0
901,'5014',730,,2480,17,,,0,103,,2481,17,,,0,102,,2482,17,,,0,100,,2483,17,,,0,101,,2484,17,,,0,98,,2485,17,,,0,100,,2486,17,,,0,99,,2487,17,,,0,124,,2488,17,,,0,100,,2489,17,,,0,92,,2490,17,,,0,107,,2491,17,,,0,153,,2492,17,,,0
