100,'4480',617,,1411,2,,,0,91,,1412,2,,,0,25,,1425,2,,,0,81,,1413,2,,,0,111,,1414,2,,,0,99,,1415,2,,,0,211,,1418,2,,,0,110,,1417,2,,,0,70,,1419,2,,,0,97,,1421,2,,,0,44,,1427,2,,,0,87,,1420,2,,,0,159,,1426,2,,,0,49,,1422,2,,,0,162,,1423,2,,,0,238,,1424,2,,,0
100,'4532',715,,2010,2,,,0,100,,2005,2,,,0,102,,2006,2,,,0,101,,2007,2,,,0,100,,2008,2,,,0,101,,2009,2,,,0,102,,2003,2,,,0,100,,2004,2,,,0,100,,2015,2,,,0,100,,2016,2,,,0,100,,2020,2,,,0,99,,2017,2,,,0,109,,2018,2,,,0,99,,2019,2,,,0,104,,2012,2,,,0,110,,2014,2,,,0,114,,2011,2,,,0,94,,2013,2,0,5 6,0
100,'4623',1722,,2021,2,,,0,212,,2025,2,,,0,197,,2022,2,,,0,269,,2023,2,,,0,124,,2024,2,0,5 6,0
100,'4661',1722,,1428,2,,,0,212,,1431,2,,,0,197,,1429,2,,,0,269,,1430,2,,,0
100,'4663',1722,,1434,2,,,0,212,,1438,2,,,0,197,,1435,2,,,0,269,,1436,2,,,0,124,,1437,2,0,5 6,0
100,'5014',617,,2026,2,,,0,91,,2027,2,,,0,25,,2039,2,,,0,81,,2028,2,,,0,111,,2029,2,,,0,99,,2030,2,,,0,211,,2033,2,,,0,110,,2032,2,,,0,70,,2034,2,,,0,141,,2041,2,,,0,87,,2035,2,,,0,159,,2040,2,,,0,49,,2036,2,,,0,162,,2037,2,,,0,238,,2038,2,,,0
100,'5173',1515,,1432,2,,,0
100,'5222',1722,,2042,2,,,0,212,,2045,2,,,0,197,,2043,2,,,0,269,,2044,2,,,0
100,'5228',811,,2057,2,,,0,107,,2056,2,,,0,101,,2054,2,,,0,100,,2046,2,,,0,102,,2052,2,,,0,100,,2047,2,,,0,100,,2053,2,,,0,100,,2048,2,,,0,100,,2050,2,,,0,100,,2058,2,,,0,99,,2049,2,,,0,109,,2051,2,,,0,99,,2055,2,,,0,100,,2060,2,,,0,105,,2059,2,,,0
100,'5259',1515,,1433,2,,,0
100,'5261',1515,,2061,2,,,0
100,'5262',1515,,2062,2,,,0
