301,'4480',628,,1676,18,,,0,30,,1677,18,,,0,70,,1678,18,,,0,79,,1680,18,,,0,26,,1679,18,,,0,101,,1682,18,,,0,80,,1681,18,,,0,101,,1684,18,,,0,90,,1683,18,,,0,50,,1688,18,,,0,100,,1686,18,,,0,80,,1685,18,,,0,75,,1687,18,,,0,32,,1690,18,,,0,178,,1691,18,,,0,85,,1689,18,,,0,44,,1692,18,,,0,95,,1693,18,,,0,159,,1694,18,,,0,231,,1695,18,,,0
301,'4532',653,,2256,18,,,0,161,,2249,18,,,0,100,,2250,18,,,0,100,,2253,18,,,0,101,,2251,18,,,0,100,,2248,18,,,0,100,,2254,18,,,0,100,,2245,18,,,0,100,,2244,18,,,0,100,,2246,18,,,0,100,,2242,18,,,0,99,,2247,18,,,0,100,,2241,18,,,0,99,,2243,18,,,0,100,,2252,18,,,0,100,,2257,18,,,0,115,,2255,18,,,0
301,'4623',2218,,2258,18,,,0
301,'4661',2218,,1696,18,,,0
301,'4663',2218,,1701,18,,,0
301,'5014',628,,2259,18,,,0,30,,2260,18,,,0,70,,2261,18,,,0,79,,2263,18,,,0,26,,2262,18,,,0,101,,2265,18,,,0,80,,2264,18,,,0,101,,2267,18,,,0,90,,2266,18,,,0,50,,2271,18,,,0,100,,2269,18,,,0,80,,2268,18,,,0,75,,2270,18,,,0,32,,2273,18,,,0,178,,2274,18,,,0,85,,2272,18,,,0,44,,2275,18,,,0,95,,2276,18,,,0,159,,2277,18,,,0,231,,2278,18,,,0
301,'5173',1610,,1698,18,,,0,35,,1697,18,,,0
301,'5222',2218,,2279,18,,,0
301,'5228',733,,2291,18,,,0,176,,2289,18,,,0,100,,2281,18,,,0,106,,2284,18,,,0,100,,2280,18,,,0,100,,2282,18,,,0,100,,2285,18,,,0,100,,2283,18,,,0,100,,2286,18,,,0,100,,2288,18,,,0,99,,2287,18,,,0,100,,2290,18,,,0,104,,2292,18,,,0,100,,2293,18,,,0
301,'5259',1610,,1700,18,,,0,35,,1699,18,,,0
301,'5261',1610,,2295,18,,,0,35,,2294,18,,,0
301,'5262',1610,,2297,18,,,0,35,,2296,18,,,0
