301,'4623',2214,,992,12,0,9,0
301,'5014',624,,993,12,0,9,0,30,,994,12,0,9,0,70,,995,12,0,9,0,79,,997,12,0,9,0,25,,996,12,0,9,0,102,,999,12,0,9,0,80,,998,12,0,9,0,101,,1001,12,0,9,0,90,,1000,12,0,9,0,50,,1005,12,0,9,0,100,,1003,12,0,9,0,80,,1002,12,0,9,0,74,,1004,12,0,9,0,32,,1007,12,0,9,0,179,,1008,12,0,9,0,85,,1006,12,0,9,0,44,,1009,12,0,9,0,95,,1010,12,0,9,0,119,,1011,12,0,9,0,271,,1012,12,0,9,0
301,'5222',2214,,1013,12,0,9,0
301,'5227',649,,1029,12,0,9,0,161,,1022,12,0,9,0,100,,1023,12,0,9,0,100,,1026,12,0,9,0,101,,1024,12,0,9,0,100,,1021,12,0,9,0,100,,1027,12,0,9,0,100,,1018,12,0,9,0,100,,1017,12,0,9,0,100,,1019,12,0,9,0,100,,1015,12,0,9,0,99,,1020,12,0,9,0,100,,1014,12,0,9,0,99,,1016,12,0,9,0,100,,1025,12,0,9,0,100,,1030,12,0,9,0,115,,1028,12,0,9,0
301,'5228',729,,1042,12,0,9,0,176,,1040,12,0,9,0,100,,1032,12,0,9,0,106,,1035,12,0,9,0,100,,1031,12,0,9,0,100,,1033,12,0,9,0,100,,1036,12,0,9,0,100,,1034,12,0,9,0,100,,1037,12,0,9,0,100,,1039,12,0,9,0,99,,1038,12,0,9,0,100,,1041,12,0,9,0,104,,1043,12,0,9,0,100,,1044,12,0,9,0
301,'5256',624,,1045,12,0,9,0,30,,1046,12,0,9,0,70,,1047,12,0,9,0,79,,1049,12,0,9,0,25,,1048,12,0,9,0,102,,1051,12,0,9,0,80,,1050,12,0,9,0,101,,1053,12,0,9,0,90,,1052,12,0,9,0,50,,1057,12,0,9,0,100,,1055,12,0,9,0,80,,1054,12,0,9,0,74,,1056,12,0,9,0,32,,1059,12,0,9,0,179,,1060,12,0,9,0,85,,1058,12,0,9,0,44,,1061,12,0,9,0,95,,1062,12,0,9,0,119,,1063,12,0,9,0,271,,1064,12,0,9,0
301,'5257',2214,,1065,12,0,9,0
301,'5258',1606,,1067,12,0,9,0,35,,1066,12,0,9,0
301,'5259',1606,,1069,12,0,9,0,35,,1068,12,0,9,0
301,'5260',2214,,1070,12,0,9,0
301,'5261',1606,,1072,12,0,9,0,35,,1071,12,0,9,0
301,'5262',1606,,1074,12,0,9,0,35,,1073,12,0,9,0
