101,'4480',650,,1481,16,,,0,64,,1495,16,,,0,40,,1482,16,,,0,152,,1483,16,,,0,99,,1484,16,,,0,101,,1485,16,,,0,109,,1486,16,,,0,110,,1487,16,,,0,30,,1488,16,,,0,169,,1490,16,0,5 6,0,9,,1497,16,,,0,88,,1489,16,,,0,120,,1496,16,,,0,89,,1492,16,,,0,124,,1493,16,,,0,279,,1494,16,,,0
101,'4532',658,,2074,16,,,0,100,,2069,16,,,0,101,,2070,16,,,0,100,,2071,16,,,0,100,,2072,16,,,0,141,,2073,16,,,0,100,,2063,16,,,0,100,,2067,16,,,0,100,,2066,16,,,0,100,,2065,16,,,0,100,,2080,16,,,0,59,,2064,16,,,0,150,,2068,16,,,0,99,,2075,16,,,0,105,,2077,16,,,0,110,,2076,16,,,0,114,,2078,16,,,0,95,,2079,16,,,0
101,'4623',1701,,2081,16,,,0,214,,2085,16,,,0,198,,2082,16,,,0,229,,2083,16,,,0
101,'4661',1701,,1498,16,,,0,214,,1501,16,,,0,198,,1499,16,,,0,229,,1500,16,,,0
101,'4663',1701,,1504,16,,,0,214,,1508,16,,,0,198,,1505,16,,,0,229,,1506,16,,,0
101,'5014',650,,2087,16,,,0,64,,2099,16,,,0,40,,2088,16,,,0,152,,2089,16,,,0,99,,2090,16,,,0,101,,2091,16,,,0,109,,2092,16,,,0,110,,2093,16,,,0,30,,2094,16,,,0,178,,2101,16,,,0,88,,2095,16,,,0,120,,2100,16,,,0,89,,2096,16,,,0,124,,2097,16,,,0,279,,2098,16,,,0
101,'5173',1455,,1502,16,,,0
101,'5222',1701,,2102,16,,,0,214,,2105,16,,,0,198,,2103,16,,,0,229,,2104,16,,,0
101,'5228',754,,2116,16,,,0,146,,2118,16,,,0,100,,2114,16,,,0,100,,2106,16,,,0,102,,2110,16,,,0,98,,2108,16,,,0,100,,2112,16,,,0,100,,2107,16,,,0,100,,2111,16,,,0,100,,2117,16,,,0,59,,2109,16,,,0,150,,2113,16,,,0,99,,2115,16,,,0,101,,2119,16,,,0,105,,2120,16,,,0
101,'5259',1455,,1503,16,,,0
101,'5261',1455,,2121,16,,,0
101,'5262',1455,,2122,16,,,0
201,'4480',702,,1611,16,,,0,31,,1624,16,,,0,67,,1612,16,,,0,18,,1613,16,,,0,107,,1614,16,,,0,110,,1616,16,,,0,105,,1615,16,,,0,106,,1617,16,,,0,205,,1618,16,,,0,86,,1620,16,,,0,74,,1619,16,,,0,35,,1625,16,,,0,274,,1621,16,,,0,105,,1622,16,,,0,104,,1623,16,,,0
201,'4532',713,,2194,16,,,0,126,,2188,16,,,0,101,,2189,16,,,0,100,,2190,16,,,0,101,,2191,16,,,0,100,,2192,16,,,0,100,,2193,16,,,0,100,,2182,16,,,0,100,,2183,16,,,0,100,,2199,16,,,0,99,,2184,16,,,0,100,,2185,16,,,0,100,,2186,16,,,0,100,,2187,16,,,0,100,,2197,16,,,0,99,,2195,16,,,0,114,,2196,16,,,0,100,,2198,16,,,0
201,'4623',1811,,2200,16,,,0,428,,2201,16,,,0,205,,2202,16,,,0
201,'4661',1811,,1626,16,,,0,428,,1627,16,,,0
201,'4663',1811,,1632,16,,,0,428,,1633,16,,,0,205,,1634,16,,,0
201,'5014',702,,2204,16,,,0,31,,2217,16,,,0,67,,2205,16,,,0,18,,2206,16,,,0,107,,2207,16,,,0,110,,2209,16,,,0,105,,2208,16,,,0,106,,2210,16,,,0,205,,2211,16,,,0,86,,2213,16,,,0,74,,2212,16,,,0,35,,2218,16,,,0,274,,2214,16,,,0,105,,2215,16,,,0,104,,2216,16,,,0
201,'5173',1351,,1628,16,,,0,370,,1629,16,,,0
201,'5222',1811,,2219,16,,,0,428,,2220,16,,,0
201,'5228',734,,2231,16,,,0,100,,2232,16,,,0,101,,2230,16,,,0,105,,2223,16,,,0,101,,2224,16,,,0,100,,2222,16,,,0,100,,2226,16,,,0,100,,2221,16,,,0,100,,2227,16,,,0,100,,2233,16,,,0,99,,2228,16,,,0,100,,2229,16,,,0,100,,2225,16,,,0,105,,2235,16,,,0,99,,2236,16,,,0,105,,2234,16,,,0
201,'5259',1351,,1630,16,,,0,370,,1631,16,,,0
201,'5261',1351,,2237,16,,,0,370,,2238,16,,,0
201,'5262',1351,,2239,16,,,0,370,,2240,16,,,0
901,'4480',729,,1990,16,,,0,103,,1991,16,,,0,102,,1992,16,,,0,100,,1993,16,,,0,101,,1994,16,,,0,98,,1995,16,,,0,100,,1996,16,,,0,99,,1997,16,,,0,124,,1998,16,,,0,100,,1999,16,,,0,92,,2000,16,,,0,107,,2001,16,,,0,154,,2002,16,,,0
901,'5014',729,,2480,16,,,0,103,,2481,16,,,0,102,,2482,16,,,0,100,,2483,16,,,0,101,,2484,16,,,0,98,,2485,16,,,0,100,,2486,16,,,0,99,,2487,16,,,0,124,,2488,16,,,0,100,,2489,16,,,0,92,,2490,16,,,0,107,,2491,16,,,0,154,,2492,16,,,0
