201,'4480',716,,1611,31,,,0,1325,,1622,31,,,0,103,,1623,31,,,0
201,'4532',854,,2188,31,,,0,101,,2189,31,,,0,100,,2190,31,,,0,101,,2191,31,,,0,100,,2192,31,,,0,101,,2193,31,,,0,100,,2182,31,,,0,100,,2183,31,,,0,100,,2199,31,,,0,99,,2184,31,,,0,100,,2185,31,,,0,99,,2186,31,,,0,100,,2187,31,,,0,100,,2197,31,,,0,99,,2195,31,,,0,154,,2196,31,,,0,99,,2198,31,,,0
201,'4623',2254,,2201,31,,,0,204,,2202,31,,,0
201,'4661',2254,,1627,31,,,0
201,'4663',2254,,1633,31,,,0,204,,1634,31,,,0
201,'5014',716,,2204,31,,,0,1325,,2215,31,,,0,103,,2216,31,,,0
201,'5222',2254,,2220,31,,,0
201,'5228',749,,2231,31,,,0,100,,2232,31,,,0,101,,2230,31,,,0,105,,2223,31,,,0,101,,2224,31,,,0,100,,2222,31,,,0,101,,2226,31,,,0,100,,2221,31,,,0,100,,2227,31,,,0,100,,2233,31,,,0,99,,2228,31,,,0,100,,2229,31,,,0,99,,2225,31,,,0,145,,2235,31,,,0,59,,2236,31,,,0,145,,2234,31,,,0
901,'4480',745,,1990,31,,,0,105,,1991,31,,,0,100,,1992,31,,,0,100,,1993,31,,,0,102,,1994,31,,,0,98,,1995,31,,,0,100,,1996,31,,,0,100,,1997,31,,,0,165,,1998,31,,,0,100,,1999,31,,,0,90,,2000,31,,,0,106,,2001,31,,,0,113,,2002,31,,,0
901,'5014',745,,2480,31,,,0,105,,2481,31,,,0,100,,2482,31,,,0,100,,2483,31,,,0,102,,2484,31,,,0,98,,2485,31,,,0,100,,2486,31,,,0,100,,2487,31,,,0,165,,2488,31,,,0,100,,2489,31,,,0,90,,2490,31,,,0,106,,2491,31,,,0,113,,2492,31,,,0
