301,'4623',2215,,992,13,0,9,0
301,'5014',625,,993,13,0,9,0,30,,994,13,0,9,0,70,,995,13,0,9,0,78,,997,13,0,9,0,26,,996,13,0,9,0,101,,999,13,0,9,0,80,,998,13,0,9,0,101,,1001,13,0,9,0,90,,1000,13,0,9,0,50,,1005,13,0,9,0,100,,1003,13,0,9,0,80,,1002,13,0,9,0,75,,1004,13,0,9,0,32,,1007,13,0,9,0,178,,1008,13,0,9,0,85,,1006,13,0,9,0,45,,1009,13,0,9,0,95,,1010,13,0,9,0,159,,1011,13,0,9,0,231,,1012,13,0,9,0
301,'5222',2215,,1013,13,0,9,0
301,'5227',650,,1029,13,0,9,0,160,,1022,13,0,9,0,100,,1023,13,0,9,0,100,,1026,13,0,9,0,101,,1024,13,0,9,0,100,,1021,13,0,9,0,100,,1027,13,0,9,0,100,,1018,13,0,9,0,100,,1017,13,0,9,0,100,,1019,13,0,9,0,100,,1015,13,0,9,0,100,,1020,13,0,9,0,100,,1014,13,0,9,0,99,,1016,13,0,9,0,100,,1025,13,0,9,0,100,,1030,13,0,9,0,115,,1028,13,0,9,0
301,'5228',730,,1042,13,0,9,0,175,,1040,13,0,9,0,100,,1032,13,0,9,0,106,,1035,13,0,9,0,100,,1031,13,0,9,0,100,,1033,13,0,9,0,100,,1036,13,0,9,0,100,,1034,13,0,9,0,100,,1037,13,0,9,0,100,,1039,13,0,9,0,100,,1038,13,0,9,0,100,,1041,13,0,9,0,104,,1043,13,0,9,0,100,,1044,13,0,9,0
301,'5256',625,,1045,13,0,9,0,30,,1046,13,0,9,0,70,,1047,13,0,9,0,78,,1049,13,0,9,0,26,,1048,13,0,9,0,101,,1051,13,0,9,0,80,,1050,13,0,9,0,101,,1053,13,0,9,0,90,,1052,13,0,9,0,50,,1057,13,0,9,0,100,,1055,13,0,9,0,80,,1054,13,0,9,0,75,,1056,13,0,9,0,32,,1059,13,0,9,0,178,,1060,13,0,9,0,85,,1058,13,0,9,0,45,,1061,13,0,9,0,95,,1062,13,0,9,0,159,,1063,13,0,9,0,231,,1064,13,0,9,0
301,'5257',2215,,1065,13,0,9,0
301,'5258',1606,,1067,13,0,9,0,35,,1066,13,0,9,0
301,'5259',1606,,1069,13,0,9,0,35,,1068,13,0,9,0
301,'5260',2215,,1070,13,0,9,0
301,'5261',1606,,1072,13,0,9,0,35,,1071,13,0,9,0
301,'5262',1606,,1074,13,0,9,0,35,,1073,13,0,9,0
