100,'4623',1742,,647,20,,,0,211,,651,20,,,0,196,,648,20,,,0,268,,649,20,,,0
100,'5014',635,,652,20,,,0,93,,653,20,,,0,25,,665,20,,,0,82,,654,20,,,0,109,,655,20,,,0,99,,656,20,,,0,102,,657,19,,,0,110,,659,20,,,0,150,,658,20,,,0,30,,660,20,,,0,181,,667,20,,,0,87,,661,20,,,0,118,,666,20,,,0,89,,662,20,,,0,121,,663,20,,,0,277,,664,20,,,0
100,'5222',1742,,668,20,,,0,211,,671,20,,,0,196,,669,20,,,0,268,,670,20,,,0
100,'5227',734,,679,20,,,0,100,,674,20,,,0,102,,675,20,,,0,101,,676,20,,,0,100,,677,20,,,0,101,,678,20,,,0,102,,672,20,,,0,100,,673,20,,,0,100,,684,20,,,0,100,,685,20,,,0,100,,689,20,,,0,99,,686,20,,,0,108,,687,20,,,0,99,,688,20,,,0,103,,681,20,,,0,110,,683,20,,,0,153,,680,20,,,0
100,'5228',830,,701,20,,,0,107,,700,20,,,0,101,,698,20,,,0,100,,690,20,,,0,102,,696,20,,,0,100,,691,20,,,0,100,,697,20,,,0,100,,692,20,,,0,100,,694,20,,,0,100,,702,20,,,0,99,,693,20,,,0,108,,695,20,,,0,99,,699,20,,,0,99,,704,20,,,0,105,,703,20,,,0
100,'5256',635,,705,20,,,0,93,,706,20,,,0,25,,719,20,,,0,82,,707,20,,,0,109,,708,20,,,0,99,,709,20,,,0,102,,710,19,,,0,110,,712,20,,,0,150,,711,20,,,0,30,,713,20,,,0,97,,715,20,,,0,84,,721,20,,,0,87,,714,20,,,0,118,,720,20,,,0,89,,716,20,,,0,121,,717,20,,,0,277,,718,20,,,0
100,'5257',1742,,722,20,,,0,211,,725,20,,,0,196,,723,20,,,0,268,,724,20,,,0
100,'5258',1536,,726,20,,,0
100,'5259',1536,,727,20,,,0
100,'5260',1742,,728,20,,,0,211,,732,20,,,0,196,,729,20,,,0,268,,730,20,,,0
100,'5261',1536,,733,20,,,0
100,'5262',1536,,734,20,,,0
200,'4623',1849,,824,17,,,0,469,,825,17,,,0
200,'5014',632,,827,17,,,0,109,,828,17,,,0,67,,841,17,,,0,28,,829,17,,,0,18,,831,17,,,0,147,,830,17,,,0,110,,833,17,,,0,107,,832,17,,,0,106,,834,17,,,0,205,,836,17,,,0,87,,837,17,,,0,34,,835,17,,,0,74,,842,17,,,0,234,,838,17,,,0,149,,839,17,,,0,101,,840,17,,,0
200,'5222',1849,,843,17,,,0,469,,844,17,,,0
200,'5227',745,,857,17,,,0,172,,851,17,,,0,102,,853,17,,,0,100,,852,17,,,0,101,,854,17,,,0,100,,855,17,,,0,101,,856,17,,,0,100,,845,17,,,0,100,,846,17,,,0,100,,862,17,,,0,99,,847,17,,,0,100,,848,17,,,0,99,,849,17,,,0,100,,850,17,,,0,100,,859,17,,,0,97,,858,17,,,0,114,,860,17,,,0
200,'5228',811,,873,17,,,0,100,,874,17,,,0,102,,872,17,,,0,106,,863,17,,,0,101,,867,17,,,0,100,,865,17,,,0,101,,870,17,,,0,100,,864,17,,,0,100,,869,17,,,0,100,,875,17,,,0,99,,866,17,,,0,100,,871,17,,,0,99,,868,17,,,0,105,,878,17,,,0,99,,877,17,,,0,103,,876,17,,,0
200,'5256',632,,879,17,,,0,109,,880,17,,,0,67,,893,17,,,0,28,,881,17,,,0,18,,883,17,,,0,147,,882,17,,,0,110,,885,17,,,0,107,,884,17,,,0,106,,886,17,,,0,205,,888,17,,,0,87,,889,17,,,0,34,,887,17,,,0,74,,894,17,,,0,234,,890,17,,,0,149,,891,17,,,0,101,,892,17,,,0
200,'5257',1849,,895,17,,,0,469,,896,17,,,0
200,'5258',1429,,897,17,,,0,330,,898,17,,,0
200,'5259',1429,,899,17,,,0,330,,900,17,,,0
200,'5260',1849,,901,17,,,0,469,,902,17,,,0
200,'5261',1429,,904,17,,,0,330,,905,17,,,0
200,'5262',1429,,906,17,,,0,330,,907,17,,,0
900,'5014',801,,1320,18,,,0,105,,1322,18,,,0,100,,1321,18,,,0,100,,1324,18,,,0,120,,1323,18,,,0,80,,1326,18,,,0,100,,1325,18,,,0,100,,1327,18,,,0,125,,1329,18,,,0,100,,1328,18,,,0,89,,1330,18,,,0,106,,1331,18,,,0,113,,1332,18,,,0
900,'5256',801,,1333,18,,,0,105,,1335,18,,,0,100,,1334,18,,,0,100,,1337,18,,,0,120,,1336,18,,,0,80,,1339,18,,,0,100,,1338,18,,,0,100,,1340,18,,,0,125,,1342,18,,,0,100,,1341,18,,,0,89,,1343,18,,,0,106,,1344,18,,,0,113,,1345,18,,,0
