200,'4480',624,,1546,12,,,0,109,,1547,12,,,0,67,,1560,12,,,0,28,,1548,12,,,0,18,,1550,12,,,0,107,,1549,12,,,0,150,,1552,12,,,0,106,,1551,12,,,0,106,,1553,12,,,0,205,,1555,12,,,0,87,,1556,12,,,0,34,,1554,12,,,0,74,,1561,12,,,0,234,,1557,12,,,0,109,,1558,12,,,0,143,,1559,12,,,0
200,'4532',737,,2135,12,,,0,172,,2129,12,,,0,101,,2131,12,,,0,100,,2130,12,,,0,101,,2132,12,,,0,100,,2133,12,,,0,101,,2134,12,,,0,100,,2123,12,,,0,100,,2124,12,,,0,100,,2140,12,,,0,99,,2125,12,,,0,100,,2126,12,,,0,99,,2127,12,,,0,100,,2128,12,,,0,100,,2137,12,,,0,98,,2136,12,,,0,114,,2138,12,,,0
200,'4623',1840,,2141,12,,,0,471,,2142,12,,,0
200,'4661',1840,,1562,12,,,0,471,,1563,12,,,0
200,'4663',1840,,1568,12,,,0,471,,1569,12,,,0
200,'5014',624,,2144,12,,,0,109,,2145,12,,,0,67,,2158,12,,,0,28,,2146,12,,,0,18,,2148,12,,,0,107,,2147,12,,,0,150,,2150,12,,,0,106,,2149,12,,,0,106,,2151,12,,,0,205,,2153,12,,,0,87,,2154,12,,,0,34,,2152,12,,,0,74,,2159,12,,,0,234,,2155,12,,,0,109,,2156,12,,,0,143,,2157,12,,,0
200,'5173',1420,,1564,12,,,0,330,,1565,12,,,0
200,'5222',1840,,2160,12,,,0,471,,2161,12,,,0
200,'5228',803,,2172,12,,,0,100,,2173,12,,,0,101,,2171,12,,,0,106,,2162,12,,,0,101,,2166,12,,,0,100,,2164,12,,,0,101,,2169,12,,,0,100,,2163,12,,,0,100,,2168,12,,,0,100,,2174,12,,,0,99,,2165,12,,,0,100,,2170,12,,,0,99,,2167,12,,,0,105,,2177,12,,,0,99,,2176,12,,,0,104,,2175,12,,,0
200,'5259',1420,,1566,12,,,0,330,,1567,12,,,0
200,'5261',1420,,2178,12,,,0,330,,2179,12,,,0
200,'5262',1420,,2180,12,,,0,330,,2181,12,,,0
900,'4480',755,,1964,13,,,0,145,,1966,13,,,0,100,,1965,13,,,0,100,,1968,13,,,0,120,,1967,13,,,0,80,,1970,13,,,0,100,,1969,13,,,0,100,,1971,13,,,0,125,,1973,13,,,0,100,,1972,13,,,0,90,,1974,13,,,0,106,,1975,13,,,0,113,,1976,13,,,0
900,'5014',755,,2467,13,,,0,145,,2469,13,,,0,100,,2468,13,,,0,100,,2471,13,,,0,120,,2470,13,,,0,80,,2473,13,,,0,100,,2472,13,,,0,100,,2474,13,,,0,125,,2476,13,,,0,100,,2475,13,,,0,90,,2477,13,,,0,106,,2478,13,,,0,113,,2479,13,,,0
