101,'4480',648,,1481,14,,,0,64,,1495,14,,,0,40,,1482,14,,,0,152,,1483,14,,,0,99,,1484,14,,,0,101,,1485,14,,,0,109,,1486,14,,,0,110,,1487,14,,,0,30,,1488,14,,,0,170,,1490,14,0,5 6,0,9,,1497,14,,,0,88,,1489,14,,,0,119,,1496,14,,,0,89,,1492,14,,,0,124,,1493,14,,,0,279,,1494,14,,,0
101,'4532',656,,2074,14,,,0,100,,2069,14,,,0,101,,2070,14,,,0,100,,2071,14,,,0,100,,2072,14,,,0,101,,2073,14,,,0,100,,2063,14,,,0,100,,2067,14,,,0,100,,2066,14,,,0,100,,2065,14,,,0,100,,2080,14,,,0,99,,2064,14,,,0,150,,2068,14,,,0,99,,2075,14,,,0,105,,2077,14,,,0,110,,2076,14,,,0,115,,2078,14,,,0,95,,2079,14,,,0
101,'4623',1659,,2081,14,,,0,254,,2085,14,,,0,198,,2082,14,,,0,230,,2083,14,,,0
101,'4661',1659,,1498,14,,,0,254,,1501,14,,,0,198,,1499,14,,,0,230,,1500,14,,,0
101,'4663',1659,,1504,14,,,0,254,,1508,14,,,0,198,,1505,14,,,0,230,,1506,14,,,0
101,'5014',648,,2087,14,,,0,64,,2099,14,,,0,40,,2088,14,,,0,152,,2089,14,,,0,99,,2090,14,,,0,101,,2091,14,,,0,109,,2092,14,,,0,110,,2093,14,,,0,30,,2094,14,,,0,179,,2101,14,,,0,88,,2095,14,,,0,119,,2100,14,,,0,89,,2096,14,,,0,124,,2097,14,,,0,279,,2098,14,,,0
101,'5173',1453,,1502,14,,,0
101,'5222',1659,,2102,14,,,0,254,,2105,14,,,0,198,,2103,14,,,0,230,,2104,14,,,0
101,'5228',752,,2116,14,,,0,106,,2118,14,,,0,100,,2114,14,,,0,100,,2106,14,,,0,142,,2110,14,,,0,58,,2108,14,,,0,100,,2112,14,,,0,100,,2107,14,,,0,100,,2111,14,,,0,100,,2117,14,,,0,99,,2109,14,,,0,150,,2113,14,,,0,99,,2115,14,,,0,101,,2119,14,,,0,105,,2120,14,,,0
101,'5259',1453,,1503,14,,,0
101,'5261',1453,,2121,14,,,0
101,'5262',1453,,2122,14,,,0
201,'4480',700,,1611,14,,,0,31,,1624,14,,,0,27,,1612,14,,,0,58,,1613,14,,,0,107,,1614,14,,,0,110,,1616,14,,,0,105,,1615,14,,,0,106,,1617,14,,,0,205,,1618,14,,,0,87,,1620,14,,,0,74,,1619,14,,,0,34,,1625,14,,,0,274,,1621,14,,,0,105,,1622,14,,,0,104,,1623,14,,,0
201,'4532',711,,2194,14,,,0,126,,2188,14,,,0,101,,2189,14,,,0,100,,2190,14,,,0,101,,2191,14,,,0,100,,2192,14,,,0,100,,2193,14,,,0,100,,2182,14,,,0,100,,2183,14,,,0,100,,2199,14,,,0,99,,2184,14,,,0,100,,2185,14,,,0,100,,2186,14,,,0,100,,2187,14,,,0,100,,2197,14,,,0,99,,2195,14,,,0,114,,2196,14,,,0,100,,2198,14,,,0
201,'4623',1809,,2200,14,,,0,428,,2201,14,,,0,205,,2202,14,,,0
201,'4661',1809,,1626,14,,,0,428,,1627,14,,,0
201,'4663',1809,,1632,14,,,0,428,,1633,14,,,0,205,,1634,14,,,0
201,'5014',700,,2204,14,,,0,31,,2217,14,,,0,27,,2205,14,,,0,58,,2206,14,,,0,107,,2207,14,,,0,110,,2209,14,,,0,105,,2208,14,,,0,106,,2210,14,,,0,205,,2211,14,,,0,87,,2213,14,,,0,74,,2212,14,,,0,34,,2218,14,,,0,274,,2214,14,,,0,105,,2215,14,,,0,104,,2216,14,,,0
201,'5173',1349,,1628,14,,,0,370,,1629,14,,,0
201,'5222',1809,,2219,14,,,0,428,,2220,14,,,0
201,'5228',732,,2231,14,,,0,100,,2232,14,,,0,101,,2230,14,,,0,105,,2223,14,,,0,101,,2224,14,,,0,100,,2222,14,,,0,100,,2226,14,,,0,100,,2221,14,,,0,100,,2227,14,,,0,100,,2233,14,,,0,99,,2228,14,,,0,100,,2229,14,,,0,100,,2225,14,,,0,105,,2235,14,,,0,99,,2236,14,,,0,105,,2234,14,,,0
201,'5259',1349,,1630,14,,,0,370,,1631,14,,,0
201,'5261',1349,,2237,14,,,0,370,,2238,14,,,0
201,'5262',1349,,2239,14,,,0,370,,2240,14,,,0
901,'4480',727,,1990,14,,,0,104,,1991,14,,,0,101,,1992,14,,,0,100,,1993,14,,,0,101,,1994,14,,,0,98,,1995,14,,,0,100,,1996,14,,,0,99,,1997,14,,,0,124,,1998,14,,,0,100,,1999,14,,,0,92,,2000,14,,,0,107,,2001,14,,,0,154,,2002,14,,,0
901,'5014',727,,2480,14,,,0,104,,2481,14,,,0,101,,2482,14,,,0,100,,2483,14,,,0,101,,2484,14,,,0,98,,2485,14,,,0,100,,2486,14,,,0,99,,2487,14,,,0,124,,2488,14,,,0,100,,2489,14,,,0,92,,2490,14,,,0,107,,2491,14,,,0,154,,2492,14,,,0
