201,'4480',613,,1610,13,,,0,109,,1611,39,,,0,27,,1624,35,,,0,67,,1612,35,,,0,18,,1613,35,,,0,108,,1614,35,,,0,110,,1616,35,,,0,106,,1615,35,,,0,146,,1617,35,,,0,205,,1618,35,,,0,47,,1620,35,,,0,74,,1619,35,,,0,74,,1625,35,,,0,234,,1621,35,,,0,109,,1622,39,,,0,103,,1623,39,,,0
201,'4532',728,,2194,35,,,0,131,,2188,39,,,0,141,,2189,39,,,0,100,,2190,39,,,0,101,,2191,39,,,0,100,,2192,39,,,0,101,,2193,39,,,0,100,,2182,39,,,0,100,,2183,39,,,0,100,,2199,39,,,0,99,,2184,39,,,0,100,,2185,39,,,0,99,,2186,39,,,0,100,,2187,39,,,0,100,,2197,39,,,0,59,,2195,39,,,0,154,,2196,39,,,0,99,,2198,39,,,0
201,'4623',1829,,2200,35,,,0,471,,2201,39,,,0,204,,2202,39,,,0
201,'4661',1829,,1626,35,,,0,471,,1627,39,,,0
201,'4663',1829,,1632,35,,,0,471,,1633,39,,,0,204,,1634,39,,,0
201,'5014',613,,2203,13,,,0,109,,2204,39,,,0,27,,2217,35,,,0,67,,2205,35,,,0,18,,2206,35,,,0,108,,2207,35,,,0,110,,2209,35,,,0,106,,2208,35,,,0,146,,2210,35,,,0,205,,2211,35,,,0,47,,2213,35,,,0,74,,2212,35,,,0,74,,2218,35,,,0,234,,2214,35,,,0,109,,2215,39,,,0,103,,2216,39,,,0
201,'5173',1409,,1628,35,,,0,330,,1629,35,,,0
201,'5222',1829,,2219,35,,,0,471,,2220,39,,,0
201,'5228',754,,2231,39,,,0,100,,2232,39,,,0,101,,2230,39,,,0,145,,2223,39,,,0,101,,2224,39,,,0,100,,2222,39,,,0,101,,2226,39,,,0,100,,2221,39,,,0,100,,2227,39,,,0,100,,2233,39,,,0,99,,2228,39,,,0,100,,2229,39,,,0,99,,2225,39,,,0,105,,2235,39,,,0,99,,2236,39,,,0,105,,2234,39,,,0
201,'5259',1409,,1630,35,,,0,330,,1631,35,,,0
201,'5261',1409,,2237,35,,,0,330,,2238,35,,,0
201,'5262',1409,,2239,35,,,0,330,,2240,35,,,0
