200,'4480',617,,1546,3,,,0,109,,1547,3,,,0,27,,1560,3,,,0,67,,1548,3,,,0,18,,1550,3,,,0,108,,1549,3,,,0,110,,1552,3,,,0,146,,1551,3,,,0,106,,1553,3,,,0,205,,1555,3,,,0,87,,1556,3,,,0,34,,1554,3,,,0,74,,1561,3,,,0,234,,1557,3,,,0,109,,1558,3,,,0,103,,1559,3,,,0
200,'4532',731,,2135,3,,,0,172,,2129,3,,,0,101,,2131,3,,,0,100,,2130,3,,,0,101,,2132,3,,,0,100,,2133,3,,,0,101,,2134,3,,,0,100,,2123,3,,,0,100,,2124,3,,,0,100,,2140,3,,,0,99,,2125,3,,,0,100,,2126,3,,,0,99,,2127,3,,,0,100,,2128,3,,,0,100,,2137,3,,,0,98,,2136,3,,,0,114,,2138,3,,,0,99,,2139,3,,,0
200,'4623',1833,,2141,3,,,0,471,,2142,3,,,0,204,,2143,3,0,5 6,0
200,'4661',1833,,1562,3,,,0,471,,1563,3,,,0
200,'4663',1833,,1568,3,,,0,471,,1569,3,,,0,204,,1570,3,0,5 6,0
200,'5014',617,,2144,3,,,0,109,,2145,3,,,0,27,,2158,3,,,0,67,,2146,3,,,0,18,,2148,3,,,0,108,,2147,3,,,0,110,,2150,3,,,0,146,,2149,3,,,0,106,,2151,3,,,0,205,,2153,3,,,0,87,,2154,3,,,0,34,,2152,3,,,0,74,,2159,3,,,0,234,,2155,3,,,0,109,,2156,3,,,0,103,,2157,3,,,0
200,'5173',1413,,1564,3,,,0,330,,1565,3,,,0
200,'5222',1833,,2160,3,,,0,471,,2161,3,,,0
200,'5228',757,,2172,3,,,0,100,,2173,3,,,0,101,,2171,3,,,0,146,,2162,3,,,0,101,,2166,3,,,0,100,,2164,3,,,0,101,,2169,3,,,0,100,,2163,3,,,0,100,,2168,3,,,0,100,,2174,3,,,0,99,,2165,3,,,0,100,,2170,3,,,0,99,,2167,3,,,0,105,,2177,3,,,0,99,,2176,3,,,0,104,,2175,3,,,0
200,'5259',1413,,1566,3,,,0,330,,1567,3,,,0
200,'5261',1413,,2178,3,,,0,330,,2179,3,,,0
200,'5262',1413,,2180,3,,,0,330,,2181,3,,,0
