301,'4480',622,,1676,7,0,9,0,30,,1677,7,0,9,0,70,,1678,7,0,9,0,78,,1680,7,0,9,0,25,,1679,7,0,9,0,102,,1682,7,0,9,0,80,,1681,7,0,9,0,101,,1684,7,0,9,0,50,,1683,7,0,9,0,90,,1688,7,0,9,0,100,,1686,7,0,9,0,80,,1685,7,0,9,0,74,,1687,7,0,9,0,32,,1690,7,0,9,0,179,,1691,7,0,9,0,45,,1689,7,0,9,0,85,,1692,7,0,9,0,95,,1693,7,0,9,0,119,,1694,7,0,9,0,271,,1695,7,0,9,0
301,'4532',647,,2256,7,0,9,0,160,,2249,7,0,9,0,100,,2250,7,0,9,0,100,,2253,7,0,9,0,101,,2251,7,0,9,0,100,,2248,7,0,9,0,100,,2254,7,0,9,0,100,,2245,7,0,9,0,100,,2244,7,0,9,0,100,,2246,7,0,9,0,100,,2242,7,0,9,0,100,,2247,7,0,9,0,100,,2241,7,0,9,0,99,,2243,7,0,9,0,100,,2252,7,0,9,0,100,,2257,7,0,9,0,115,,2255,7,0,9,0
301,'4623',2212,,2258,7,0,9,0
301,'4661',2212,,1696,7,0,9,0
301,'4663',2212,,1701,7,0,9,0
301,'5014',622,,2259,7,0,9,0,30,,2260,7,0,9,0,70,,2261,7,0,9,0,78,,2263,7,0,9,0,25,,2262,7,0,9,0,102,,2265,7,0,9,0,80,,2264,7,0,9,0,101,,2267,7,0,9,0,50,,2266,7,0,9,0,90,,2271,7,0,9,0,100,,2269,7,0,9,0,80,,2268,7,0,9,0,74,,2270,7,0,9,0,32,,2273,7,0,9,0,179,,2274,7,0,9,0,45,,2272,7,0,9,0,85,,2275,7,0,9,0,95,,2276,7,0,9,0,119,,2277,7,0,9,0,271,,2278,7,0,9,0
301,'5173',1603,,1698,7,0,9,0,35,,1697,7,0,9,0
301,'5222',2212,,2279,7,0,9,0
301,'5228',727,,2291,7,0,9,0,175,,2289,7,0,9,0,100,,2281,7,0,9,0,106,,2284,7,0,9,0,100,,2280,7,0,9,0,100,,2282,7,0,9,0,100,,2285,7,0,9,0,100,,2283,7,0,9,0,100,,2286,7,0,9,0,100,,2288,7,0,9,0,100,,2287,7,0,9,0,100,,2290,7,0,9,0,104,,2292,7,0,9,0,100,,2293,7,0,9,0
301,'5259',1603,,1700,7,0,9,0,35,,1699,7,0,9,0
301,'5261',1603,,2295,7,0,9,0,35,,2294,7,0,9,0
301,'5262',1603,,2297,7,0,9,0,35,,2296,7,0,9,0
