201,'4480',717,,1611,33,,,0,1325,,1622,33,,,0,103,,1623,33,,,0
201,'4532',855,,935,33,,,0,101,,936,33,,,0,100,,937,33,,,0,101,,938,33,,,0,100,,939,33,,,0,101,,940,33,,,0,100,,929,33,,,0,100,,930,33,,,0,100,,1604,33,,,0,99,,1596,33,,,0,100,,1597,33,,,0,99,,1598,33,,,0,100,,1599,33,,,0,100,,1602,33,,,0,99,,1600,33,,,0,154,,1601,33,,,0,99,,1603,33,,,0
201,'4623',2255,,1576,33,,,0,204,,1577,33,,,0
201,'4661',2255,,1627,33,,,0
201,'4663',2255,,1633,33,,,0,204,,1634,33,,,0
201,'5014',717,,1579,33,,,0,1325,,1590,33,,,0,103,,1591,33,,,0
201,'5222',2255,,1595,33,,,0
201,'5228',750,,957,33,,,0,100,,958,33,,,0,101,,1609,33,,,0,105,,1606,33,,,0,101,,950,33,,,0,100,,1605,33,,,0,101,,1607,33,,,0,100,,947,33,,,0,100,,1608,33,,,0,100,,959,33,,,0,99,,954,33,,,0,100,,955,33,,,0,99,,951,33,,,0,145,,961,33,,,0,99,,962,33,,,0,105,,960,33,,,0
900,'4480',746,,1964,2,,,0,105,,1966,2,,,0,100,,1965,2,,,0,100,,1968,2,,,0,160,,1967,2,,,0,40,,1970,2,,,0,100,,1969,2,,,0,100,,1971,2,,,0,165,,1973,2,,,0,100,,1972,2,,,0,90,,1974,2,,,0,106,,1975,2,,,0,113,,1976,2,,,0
900,'5014',746,,1951,2,,,0,105,,1953,2,,,0,100,,1952,2,,,0,100,,1955,2,,,0,160,,1954,2,,,0,40,,1957,2,,,0,100,,1956,2,,,0,100,,1958,2,,,0,165,,1960,2,,,0,100,,1959,2,,,0,90,,1961,2,,,0,106,,1962,2,,,0,113,,1963,2,,,0
