101,'4623',1714,,1441,30,,,0,213,,1445,30,,,0,197,,1442,30,,,0,229,,1443,30,,,0,164,,1444,7,,,0
101,'4822',805,,399,30,,,0,107,,401,30,,,0,100,,397,30,,,0,100,,389,30,,,0,102,,393,30,,,0,99,,391,30,,,0,100,,395,30,,,0,100,,390,30,,,0,101,,394,30,,,0,100,,400,30,,,0,99,,392,30,,,0,109,,396,30,,,0,99,,398,30,,,0,100,,402,30,,,0,105,,403,30,,,0
101,'4826',709,,415,30,,,0,100,,410,30,,,0,102,,411,30,,,0,100,,412,30,,,0,100,,413,30,,,0,101,,414,30,,,0,101,,404,30,,,0,100,,408,30,,,0,100,,407,30,,,0,101,,406,30,,,0,100,,421,30,,,0,99,,405,30,,,0,109,,409,30,,,0,99,,416,30,,,0,104,,419,30,,,0,110,,417,30,,,0,114,,418,30,,,0,94,,420,30,,,0
101,'4965',701,,428,30,,,0,25,,439,30,,,0,80,,429,30,,,0,112,,430,30,,,0,99,,431,30,,,0,101,,99,30,,,0,109,,100,30,,,0,110,,101,30,,,0,70,,432,30,,,0,98,,435,10,,,0,2,,433,30,,,0,40,,441,30,,,0,88,,434,30,,,0,119,,440,30,,,0,89,,436,30,,,0,163,,437,30,,,0,238,,438,30,,,0
101,'4967',1714,,422,30,,,0,213,,427,30,,,0,197,,424,30,,,0,229,,425,30,,,0,164,,426,7,,,0
101,'5014',701,,1447,30,,,0,25,,1459,30,,,0,80,,1448,30,,,0,112,,1449,30,,,0,99,,1450,30,,,0,101,,1451,30,,,0,109,,1452,30,,,0,110,,1453,30,,,0,70,,1454,30,,,0,140,,1461,30,,,0,88,,1455,30,,,0,119,,1460,30,,,0,89,,1456,30,,,0,163,,1457,30,,,0,238,,1458,30,,,0
101,'5222',1714,,1462,30,,,0,213,,1465,30,,,0,197,,1463,30,,,0,229,,1464,30,,,0
101,'5227',709,,771,30,,,0,100,,766,30,,,0,102,,767,30,,,0,100,,768,30,,,0,100,,769,30,,,0,101,,770,30,,,0,101,,760,30,,,0,100,,764,30,,,0,100,,763,30,,,0,101,,1467,30,,,0,100,,1474,30,,,0,99,,1466,30,,,0,109,,1468,30,,,0,99,,1469,30,,,0,104,,1471,30,,,0,110,,1470,30,,,0,114,,1472,30,,,0,94,,1473,30,,,0
101,'5228',805,,1478,30,,,0,107,,1479,30,,,0,100,,786,30,,,0,100,,1475,30,,,0,102,,1476,30,,,0,99,,780,30,,,0,100,,1477,30,,,0,100,,779,30,,,0,101,,783,30,,,0,100,,789,30,,,0,99,,781,30,,,0,109,,785,30,,,0,99,,787,30,,,0,100,,791,30,,,0,105,,792,30,,,0
101,'5254',1714,,442,30,,,0,213,,446,30,,,0,197,,444,30,,,0,229,,445,30,,,0
101,'5256',701,,1481,30,,,0,25,,1495,30,,,0,80,,1482,30,,,0,112,,1483,30,,,0,99,,1484,30,,,0,101,,1485,30,,,0,109,,1486,30,,,0,110,,1487,30,,,0,70,,1488,30,,,0,98,,1491,10,,,0,42,,1497,30,,,0,88,,1489,30,,,0,119,,1496,30,,,0,89,,1492,30,,,0,163,,1493,30,,,0,238,,1494,30,,,0
101,'5257',1714,,1498,30,,,0,213,,1501,30,,,0,197,,1499,30,,,0,229,,1500,30,,,0
101,'5258',1507,,1502,30,,,0
101,'5259',1507,,1503,30,,,0
101,'5260',1714,,1504,30,,,0,213,,1508,30,,,0,197,,1505,30,,,0,229,,1506,30,,,0,164,,1507,7,,,0
101,'5261',1507,,1509,30,,,0
101,'5262',1507,,1510,30,,,0
