301,'4623',2211,,992,6,0,9,0
301,'4822',726,,568,6,0,9,0,175,,566,6,0,9,0,100,,558,6,0,9,0,106,,561,6,0,9,0,100,,557,6,0,9,0,100,,559,6,0,9,0,100,,562,6,0,9,0,100,,560,6,0,9,0,100,,563,6,0,9,0,100,,565,6,0,9,0,100,,564,6,0,9,0,100,,567,6,0,9,0,104,,569,6,0,9,0,100,,570,6,0,9,0
301,'4826',646,,585,6,0,9,0,160,,578,6,0,9,0,100,,579,6,0,9,0,100,,583,6,0,9,0,101,,580,6,0,9,0,100,,581,6,0,9,0,100,,584,6,0,9,0,100,,575,6,0,9,0,100,,574,6,0,9,0,100,,576,6,0,9,0,100,,572,6,0,9,0,100,,577,6,0,9,0,100,,571,6,0,9,0,99,,573,6,0,9,0,100,,582,6,0,9,0,100,,586,6,0,9,0,115,,587,6,0,9,0
301,'4965',621,,589,6,0,9,0,30,,590,6,0,9,0,70,,591,6,0,9,0,38,,593,6,0,9,0,65,,592,6,0,9,0,102,,595,6,0,9,0,80,,594,6,0,9,0,101,,597,6,0,9,0,50,,596,6,0,9,0,90,,601,6,0,9,0,100,,599,6,0,9,0,80,,598,6,0,9,0,74,,600,6,0,9,0,32,,604,6,0,9,0,69,,608,6,0,9,0,35,,603,6,0,9,0,75,,605,6,0,9,0,45,,602,6,0,9,0,85,,606,6,0,9,0,95,,607,6,0,9,0,119,,609,6,0,9,0,271,,610,6,0,9,0
301,'4967',2211,,588,6,0,9,0
301,'5014',621,,993,6,0,9,0,30,,994,6,0,9,0,70,,995,6,0,9,0,38,,997,6,0,9,0,65,,996,6,0,9,0,102,,999,6,0,9,0,80,,998,6,0,9,0,101,,1001,6,0,9,0,50,,1000,6,0,9,0,90,,1005,6,0,9,0,100,,1003,6,0,9,0,80,,1002,6,0,9,0,74,,1004,6,0,9,0,32,,1007,6,0,9,0,179,,1008,6,0,9,0,45,,1006,6,0,9,0,85,,1009,6,0,9,0,95,,1010,6,0,9,0,119,,1011,6,0,9,0,271,,1012,6,0,9,0
301,'5222',2211,,1013,6,0,9,0
301,'5227',646,,1029,6,0,9,0,160,,1022,6,0,9,0,100,,1023,6,0,9,0,100,,1026,6,0,9,0,101,,1024,6,0,9,0,100,,1021,6,0,9,0,100,,1027,6,0,9,0,100,,1018,6,0,9,0,100,,1017,6,0,9,0,100,,1019,6,0,9,0,100,,1015,6,0,9,0,100,,1020,6,0,9,0,100,,1014,6,0,9,0,99,,1016,6,0,9,0,100,,1025,6,0,9,0,100,,1030,6,0,9,0,115,,1028,6,0,9,0
301,'5228',726,,1042,6,0,9,0,175,,1040,6,0,9,0,100,,1032,6,0,9,0,106,,1035,6,0,9,0,100,,1031,6,0,9,0,100,,1033,6,0,9,0,100,,1036,6,0,9,0,100,,1034,6,0,9,0,100,,1037,6,0,9,0,100,,1039,6,0,9,0,100,,1038,6,0,9,0,100,,1041,6,0,9,0,104,,1043,6,0,9,0,100,,1044,6,0,9,0
301,'5254',2211,,611,6,0,9,0
301,'5256',621,,1045,6,0,9,0,30,,1046,6,0,9,0,70,,1047,6,0,9,0,38,,1049,6,0,9,0,65,,1048,6,0,9,0,102,,1051,6,0,9,0,80,,1050,6,0,9,0,101,,1053,6,0,9,0,50,,1052,6,0,9,0,90,,1057,6,0,9,0,100,,1055,6,0,9,0,80,,1054,6,0,9,0,74,,1056,6,0,9,0,32,,1059,6,0,9,0,179,,1060,6,0,9,0,45,,1058,6,0,9,0,85,,1061,6,0,9,0,95,,1062,6,0,9,0,119,,1063,6,0,9,0,271,,1064,6,0,9,0
301,'5257',2211,,1065,6,0,9,0
301,'5258',1602,,1067,6,0,9,0,35,,1066,6,0,9,0
301,'5259',1602,,1069,6,0,9,0,35,,1068,6,0,9,0
301,'5260',2211,,1070,6,0,9,0
301,'5261',1602,,1072,6,0,9,0,35,,1071,6,0,9,0
301,'5262',1602,,1074,6,0,9,0,35,,1073,6,0,9,0
