100,'4822',810,,343,1,,,0,107,,344,1,,,0,101,,341,1,,,0,100,,333,1,,,0,102,,339,1,,,0,100,,334,1,,,0,100,,340,1,,,0,100,,335,1,,,0,100,,337,1,,,0,100,,345,1,,,0,99,,336,1,,,0,109,,338,1,,,0,99,,342,1,,,0,100,,347,1,,,0,105,,346,1,,,0
100,'4826',714,,355,1,,,0,100,,350,1,,,0,102,,351,1,,,0,101,,352,1,,,0,100,,353,1,,,0,101,,354,1,,,0,102,,348,1,,,0,100,,349,1,,,0,100,,360,1,,,0,100,,361,1,,,0,100,,365,1,,,0,99,,362,1,,,0,109,,363,1,,,0,99,,364,1,,,0,104,,357,1,,,0,110,,359,1,,,0,114,,356,1,,,0,94,,358,1,0,5 6,0
100,'4965',616,,34,1,,,0,618,,41,1,,,0,110,,40,1,,,0
100,'4967',1721,,366,1,,,0,212,,370,1,,,0,197,,367,1,,,0,229,,368,1,,,0,164,,369,1,0,5 6,0
100,'5253',707,,371,1,,,0,25,,382,1,,,0,81,,372,1,,,0,111,,373,1,,,0,99,,374,1,,,0,391,,375,1,,,0,100,,378,1,,,0,41,,384,1,,,0,87,,376,1,,,0,159,,383,1,,,0,49,,379,1,,,0,162,,380,1,,,0,238,,381,1,,,0
100,'5254',1721,,385,1,,,0,212,,388,1,,,0,197,,386,1,,,0,229,,387,1,,,0
101,'4822',810,,399,38,4,,0,107,,401,38,4,,0,101,,397,38,4,,0,100,,389,38,4,,0,102,,393,38,4,,0,100,,391,38,4,,0,100,,395,38,4,,0,100,,390,38,4,,0,100,,394,38,4,,0,100,,400,38,4,,0,99,,392,38,4,,0,109,,396,38,4,,0,99,,398,38,4,,0,100,,402,38,4,,0,105,,403,38,4,,0
101,'4826',714,,415,38,4,,0,100,,410,38,4,,0,102,,411,38,4,,0,101,,412,38,4,,0,100,,413,38,4,,0,101,,414,38,4,,0,102,,404,38,4,,0,100,,408,38,4,,0,100,,407,38,4,,0,100,,406,38,4,,0,100,,421,38,4,,0,99,,405,38,4,,0,109,,409,38,4,,0,99,,416,38,4,,0,104,,419,38,4,,0,110,,417,38,4,,0,114,,418,38,4,,0,94,,420,38,4,,0
101,'4965',616,,94,8,4,,0,618,,100,38,4,,0,110,,101,38,4,,0
101,'4967',1721,,422,38,4,,0,212,,427,38,4,,0,197,,424,38,4,,0,229,,425,38,4,,0,164,,426,15,4,,0
101,'5253',707,,428,38,4,,0,25,,439,38,4,,0,81,,429,38,4,,0,111,,430,38,4,,0,99,,431,38,4,,0,391,,432,38,4,,0,100,,433,38,4,,0,41,,441,38,4,,0,87,,434,38,4,,0,159,,440,38,4,,0,49,,436,38,4,,0,162,,437,38,4,,0,238,,438,38,4,,0
101,'5254',1721,,442,38,4,,0,212,,446,38,4,,0,197,,444,38,4,,0,229,,445,38,4,,0
