100,'4623',1724,,647,4,,,0,212,,651,4,,,0,197,,648,4,,,0,269,,649,4,,,0,124,,650,4,0,5 6,0
100,'4822',813,,343,4,,,0,107,,344,4,,,0,101,,341,4,,,0,100,,333,4,,,0,102,,339,4,,,0,100,,334,4,,,0,100,,340,4,,,0,100,,335,4,,,0,100,,337,4,,,0,100,,345,4,,,0,99,,336,4,,,0,109,,338,4,,,0,99,,342,4,,,0,100,,347,4,,,0,105,,346,4,,,0
100,'4826',717,,355,4,,,0,100,,350,4,,,0,102,,351,4,,,0,101,,352,4,,,0,100,,353,4,,,0,101,,354,4,,,0,102,,348,4,,,0,100,,349,4,,,0,100,,360,4,,,0,100,,361,4,,,0,100,,365,4,,,0,99,,362,4,,,0,109,,363,4,,,0,99,,364,4,,,0,104,,357,4,,,0,110,,359,4,,,0,114,,356,4,,,0,94,,358,4,0,5 6,0
100,'4965',619,,34,4,,,0,92,,371,4,,,0,25,,382,4,,,0,81,,372,4,,,0,110,,373,4,,,0,99,,374,4,,,0,101,,39,3,,,0,110,,41,4,,,0,110,,40,4,,,0,70,,375,4,,,0,97,,377,4,,,0,4,,378,4,,,0,40,,384,4,,,0,87,,376,4,,,0,159,,383,4,,,0,49,,379,4,,,0,162,,380,4,,,0,238,,381,4,,,0
100,'4967',1724,,366,4,,,0,212,,370,4,,,0,197,,367,4,,,0,269,,368,4,,,0,124,,369,4,0,5 6,0
100,'5014',619,,652,4,,,0,92,,653,4,,,0,25,,665,4,,,0,81,,654,4,,,0,110,,655,4,,,0,99,,656,4,,,0,101,,657,3,,,0,110,,659,4,,,0,110,,658,4,,,0,70,,660,4,,,0,141,,667,4,,,0,87,,661,4,,,0,159,,666,4,,,0,49,,662,4,,,0,162,,663,4,,,0,238,,664,4,,,0
100,'5222',1724,,668,4,,,0,212,,671,4,,,0,197,,669,4,,,0,269,,670,4,,,0
100,'5227',717,,679,4,,,0,100,,674,4,,,0,102,,675,4,,,0,101,,676,4,,,0,100,,677,4,,,0,101,,678,4,,,0,102,,672,4,,,0,100,,673,4,,,0,100,,684,4,,,0,100,,685,4,,,0,100,,689,4,,,0,99,,686,4,,,0,109,,687,4,,,0,99,,688,4,,,0,104,,681,4,,,0,110,,683,4,,,0,114,,680,4,,,0,94,,682,4,0,5 6,0
100,'5228',813,,701,4,,,0,107,,700,4,,,0,101,,698,4,,,0,100,,690,4,,,0,102,,696,4,,,0,100,,691,4,,,0,100,,697,4,,,0,100,,692,4,,,0,100,,694,4,,,0,100,,702,4,,,0,99,,693,4,,,0,109,,695,4,,,0,99,,699,4,,,0,100,,704,4,,,0,105,,703,4,,,0
100,'5254',1724,,385,4,,,0,212,,388,4,,,0,197,,386,4,,,0,269,,387,4,,,0
100,'5256',619,,705,4,,,0,92,,706,4,,,0,25,,719,4,,,0,81,,707,4,,,0,110,,708,4,,,0,99,,709,4,,,0,101,,710,3,,,0,110,,712,4,,,0,110,,711,4,,,0,70,,713,4,,,0,97,,715,4,,,0,44,,721,4,,,0,87,,714,4,,,0,159,,720,4,,,0,49,,716,4,,,0,162,,717,4,,,0,238,,718,4,,,0
100,'5257',1724,,722,4,,,0,212,,725,4,,,0,197,,723,4,,,0,269,,724,4,,,0
100,'5258',1518,,726,4,,,0
100,'5259',1518,,727,4,,,0
100,'5260',1724,,728,4,,,0,212,,732,4,,,0,197,,729,4,,,0,269,,730,4,,,0,124,,731,4,0,5 6,0
100,'5261',1518,,733,4,,,0
100,'5262',1518,,734,4,,,0
