100,'4623',1753,,1372,30,4,,0,250,,1376,30,4,,0,156,,1373,30,4,,0,267,,1374,30,4,,0
100,'4822',838,,343,30,4,,0,108,,344,30,4,,0,102,,341,30,4,,0,100,,333,30,4,,0,102,,339,30,4,,0,100,,334,30,4,,0,100,,340,30,4,,0,100,,335,30,4,,0,100,,337,30,4,,0,100,,345,30,4,,0,98,,336,30,4,,0,108,,338,30,4,,0,99,,342,30,4,,0,99,,347,30,4,,0,104,,346,30,4,,0
100,'4826',742,,355,30,4,,0,100,,350,30,4,,0,103,,351,30,4,,0,102,,352,30,4,,0,100,,353,30,4,,0,101,,354,30,4,,0,102,,348,30,4,,0,100,,349,30,4,,0,100,,360,30,4,,0,100,,361,30,4,,0,100,,365,30,4,,0,98,,362,30,4,,0,108,,363,30,4,,0,99,,364,30,4,,0,103,,357,30,4,,0,149,,359,30,4,,0,113,,356,30,4,,0
100,'4965',645,,34,30,4,,0,93,,371,30,4,,0,65,,382,30,4,,0,44,,372,30,4,,0,108,,373,30,4,,0,98,,374,30,4,,0,102,,39,29,4,,0,150,,41,30,4,,0,110,,40,30,4,,0,30,,375,30,4,,0,98,,377,30,4,,0,4,,378,30,4,,0,80,,384,30,4,,0,87,,376,30,4,,0,117,,383,30,4,,0,89,,379,30,4,,0,121,,380,30,4,,0,276,,381,30,4,,0
100,'4967',1753,,366,30,4,,0,250,,370,30,4,,0,156,,367,30,4,,0,267,,368,30,4,,0
100,'5014',645,,1377,30,4,,0,93,,1378,30,4,,0,65,,1390,30,4,,0,44,,1379,30,4,,0,108,,1380,30,4,,0,98,,1381,30,4,,0,102,,1382,29,4,,0,150,,1384,30,4,,0,110,,1383,30,4,,0,30,,1385,30,4,,0,182,,1392,30,4,,0,87,,1386,30,4,,0,117,,1391,30,4,,0,89,,1387,30,4,,0,121,,1388,30,4,,0,276,,1389,30,4,,0
100,'5222',1753,,1393,30,4,,0,250,,1396,30,4,,0,156,,1394,30,4,,0,267,,1395,30,4,,0
100,'5227',742,,679,30,4,,0,100,,674,30,4,,0,103,,675,30,4,,0,102,,676,30,4,,0,100,,677,30,4,,0,101,,678,30,4,,0,102,,672,30,4,,0,100,,673,30,4,,0,100,,684,30,4,,0,100,,1401,30,4,,0,100,,1405,30,4,,0,98,,1402,30,4,,0,108,,1403,30,4,,0,99,,1404,30,4,,0,103,,1398,30,4,,0,149,,1400,30,4,,0,113,,1397,30,4,,0
100,'5228',838,,1410,30,4,,0,108,,1409,30,4,,0,102,,698,30,4,,0,100,,1406,30,4,,0,102,,1407,30,4,,0,100,,691,30,4,,0,100,,1408,30,4,,0,100,,692,30,4,,0,100,,694,30,4,,0,100,,702,30,4,,0,98,,693,30,4,,0,108,,695,30,4,,0,99,,699,30,4,,0,99,,704,30,4,,0,104,,703,30,4,,0
100,'5254',1753,,385,30,4,,0,250,,388,30,4,,0,156,,386,30,4,,0,267,,387,30,4,,0
100,'5256',645,,1411,30,4,,0,93,,1412,30,4,,0,65,,1425,30,4,,0,44,,1413,30,4,,0,108,,1414,30,4,,0,98,,1415,30,4,,0,102,,1416,29,4,,0,150,,1418,30,4,,0,110,,1417,30,4,,0,30,,1419,30,4,,0,98,,1421,30,4,,0,84,,1427,30,4,,0,87,,1420,30,4,,0,117,,1426,30,4,,0,89,,1422,30,4,,0,121,,1423,30,4,,0,276,,1424,30,4,,0
100,'5257',1753,,1428,30,4,,0,250,,1431,30,4,,0,156,,1429,30,4,,0,267,,1430,30,4,,0
100,'5258',1547,,1432,30,4,,0
100,'5259',1547,,1433,30,4,,0
100,'5260',1753,,1434,30,4,,0,250,,1438,30,4,,0,156,,1435,30,4,,0,267,,1436,30,4,,0
100,'5261',1547,,1439,30,4,,0
100,'5262',1547,,1440,30,4,,0
101,'4623',1650,,1441,1,,,0,255,,1445,1,,,0,198,,1442,1,,,0,231,,1443,1,,,0
101,'4822',745,,399,1,,,0,105,,401,1,,,0,100,,397,1,,,0,100,,389,1,,,0,101,,393,1,,,0,98,,391,1,,,0,100,,395,1,,,0,100,,390,1,,,0,100,,394,1,,,0,100,,400,1,,,0,100,,392,1,,,0,110,,396,1,,,0,100,,398,1,,,0,141,,402,1,,,0,105,,403,1,,,0
101,'4826',649,,415,1,,,0,100,,410,1,,,0,100,,411,1,,,0,100,,412,1,,,0,100,,413,1,,,0,100,,414,1,,,0,100,,404,1,,,0,100,,408,1,,,0,100,,407,1,,,0,100,,406,1,,,0,100,,421,1,,,0,100,,405,1,,,0,110,,409,1,,,0,100,,416,1,,,0,145,,419,1,,,0,110,,417,1,,,0,115,,418,1,,,0,95,,420,1,,,0
101,'4965',641,,428,1,,,0,64,,439,1,,,0,38,,429,1,,,0,112,,430,1,,,0,100,,431,1,,,0,100,,99,1,,,0,149,,100,1,,,0,110,,101,1,,,0,30,,432,1,,,0,100,,433,1,,,0,77,,441,1,,,0,89,,434,1,,,0,120,,440,1,,,0,90,,436,1,,,0,124,,437,1,,,0,280,,438,1,,,0
101,'4967',1511,,423,1,0,5 6,0,139,,422,1,,,0,255,,427,1,,,0,198,,424,1,,,0,231,,425,1,,,0
101,'5014',641,,1447,1,,,0,64,,1459,1,,,0,38,,1448,1,,,0,112,,1449,1,,,0,100,,1450,1,,,0,100,,1451,1,,,0,149,,1452,1,,,0,110,,1453,1,,,0,30,,1454,1,,,0,177,,1461,1,,,0,89,,1455,1,,,0,120,,1460,1,,,0,90,,1456,1,,,0,124,,1457,1,,,0,280,,1458,1,,,0
101,'5222',1650,,1462,1,,,0,255,,1465,1,,,0,198,,1463,1,,,0,231,,1464,1,,,0
101,'5227',649,,771,1,,,0,100,,766,1,,,0,100,,767,1,,,0,100,,768,1,,,0,100,,769,1,,,0,100,,770,1,,,0,100,,760,1,,,0,100,,764,1,,,0,100,,763,1,,,0,100,,1467,1,,,0,100,,1474,1,,,0,100,,1466,1,,,0,110,,1468,1,,,0,100,,1469,1,,,0,145,,1471,1,,,0,110,,1470,1,,,0,115,,1472,1,,,0,95,,1473,1,,,0
101,'5228',745,,1478,1,,,0,105,,1479,1,,,0,100,,786,1,,,0,100,,1475,1,,,0,101,,1476,1,,,0,98,,780,1,,,0,100,,1477,1,,,0,100,,779,1,,,0,100,,783,1,,,0,100,,789,1,,,0,100,,781,1,,,0,110,,785,1,,,0,100,,787,1,,,0,141,,791,1,,,0,105,,792,1,,,0
101,'5254',1511,,443,1,0,5 6,0,139,,442,1,,,0,255,,446,1,,,0,198,,444,1,,,0,231,,445,1,,,0
101,'5256',641,,1481,1,,,0,64,,1495,1,,,0,38,,1482,1,,,0,112,,1483,1,,,0,100,,1484,1,,,0,100,,1485,1,,,0,149,,1486,1,,,0,110,,1487,1,,,0,30,,1488,1,,,0,167,,1490,1,0,5 6,0,10,,1497,1,,,0,89,,1489,1,,,0,120,,1496,1,,,0,90,,1492,1,,,0,124,,1493,1,,,0,280,,1494,1,,,0
101,'5257',1650,,1498,1,,,0,255,,1501,1,,,0,198,,1499,1,,,0,231,,1500,1,,,0
101,'5258',1444,,1502,1,,,0
101,'5259',1444,,1503,1,,,0
101,'5260',1650,,1504,1,,,0,255,,1508,1,,,0,198,,1505,1,,,0,231,,1506,1,,,0
101,'5261',1444,,1509,1,,,0
101,'5262',1444,,1510,1,,,0
200,'4623',1858,,1511,27,4,,0,469,,1512,27,4,,0
200,'4822',820,,457,27,4,,0,100,,458,27,4,,0,102,,456,27,4,,0,106,,447,27,4,,0,101,,451,27,4,,0,101,,449,27,4,,0,101,,454,27,4,,0,100,,448,27,4,,0,100,,453,27,4,,0,99,,459,27,4,,0,99,,450,27,4,,0,100,,455,27,4,,0,98,,452,27,4,,0,105,,462,27,4,,0,99,,461,27,4,,0,103,,460,27,4,,0
200,'4826',753,,475,27,4,,0,173,,469,27,4,,0,102,,471,27,4,,0,100,,470,27,4,,0,101,,472,27,4,,0,101,,473,27,4,,0,101,,474,27,4,,0,100,,463,27,4,,0,100,,464,27,4,,0,99,,480,27,4,,0,99,,465,27,4,,0,100,,466,27,4,,0,98,,467,27,4,,0,100,,468,27,4,,0,100,,477,27,4,,0,97,,476,27,4,,0,114,,478,27,4,,0
200,'4965',641,,484,27,4,,0,109,,158,27,4,,0,68,,498,27,4,,0,29,,485,27,4,,0,58,,486,27,4,,0,106,,160,27,4,,0,109,,488,27,4,,0,108,,487,27,4,,0,106,,489,27,4,,0,105,,490,27,4,,0,100,,493,27,4,,0,87,,494,27,4,,0,74,,492,27,4,,0,33,,499,27,4,,0,75,,491,27,4,,0,199,,495,27,4,,0,109,,496,27,4,,0,101,,497,27,4,,0
200,'4967',1858,,481,27,4,,0,469,,482,27,4,,0
200,'5014',641,,1514,27,4,,0,109,,1515,27,4,,0,68,,1528,27,4,,0,29,,1516,27,4,,0,58,,1518,27,4,,0,106,,1517,27,4,,0,109,,1520,27,4,,0,108,,1519,27,4,,0,106,,1521,27,4,,0,205,,1523,27,4,,0,87,,1524,27,4,,0,74,,1522,27,4,,0,33,,1529,27,4,,0,274,,1525,27,4,,0,109,,1526,27,4,,0,101,,1527,27,4,,0
200,'5222',1858,,1530,27,4,,0,469,,1531,27,4,,0
200,'5227',753,,857,27,4,,0,173,,851,27,4,,0,102,,853,27,4,,0,100,,852,27,4,,0,101,,854,27,4,,0,101,,855,27,4,,0,101,,856,27,4,,0,100,,845,27,4,,0,100,,846,27,4,,0,99,,1540,27,4,,0,99,,1532,27,4,,0,100,,1533,27,4,,0,98,,1534,27,4,,0,100,,1535,27,4,,0,100,,1537,27,4,,0,97,,1536,27,4,,0,114,,1538,27,4,,0
200,'5228',820,,873,27,4,,0,100,,874,27,4,,0,102,,1545,27,4,,0,106,,1541,27,4,,0,101,,867,27,4,,0,101,,1542,27,4,,0,101,,1544,27,4,,0,100,,864,27,4,,0,100,,1543,27,4,,0,99,,875,27,4,,0,99,,866,27,4,,0,100,,871,27,4,,0,98,,868,27,4,,0,105,,878,27,4,,0,99,,877,27,4,,0,103,,876,27,4,,0
200,'5254',1858,,500,27,4,,0,469,,501,27,4,,0
200,'5256',641,,1546,27,4,,0,109,,1547,27,4,,0,68,,1560,27,4,,0,29,,1548,27,4,,0,58,,1550,27,4,,0,106,,1549,27,4,,0,109,,1552,27,4,,0,108,,1551,27,4,,0,106,,1553,27,4,,0,205,,1555,27,4,,0,87,,1556,27,4,,0,74,,1554,27,4,,0,33,,1561,27,4,,0,274,,1557,27,4,,0,109,,1558,27,4,,0,101,,1559,27,4,,0
200,'5257',1858,,1562,27,4,,0,469,,1563,27,4,,0
200,'5258',1439,,1564,27,4,,0,369,,1565,27,4,,0
200,'5259',1439,,1566,27,4,,0,369,,1567,27,4,,0
200,'5260',1858,,1568,27,4,,0,469,,1569,27,4,,0
200,'5261',1439,,1571,27,4,,0,369,,1572,27,4,,0
200,'5262',1439,,1573,27,4,,0,369,,1574,27,4,,0
201,'4623',1800,,1575,1,,,0,430,,1576,1,,,0,205,,1577,1,,,0
201,'4822',725,,512,1,,,0,100,,513,1,,,0,100,,511,1,,,0,105,,504,1,,,0,100,,505,1,,,0,100,,503,1,,,0,100,,507,1,,,0,100,,502,1,,,0,100,,508,1,,,0,100,,514,1,,,0,100,,509,1,,,0,100,,510,1,,,0,100,,506,1,,,0,105,,516,1,,,0,100,,517,1,,,0,105,,515,1,,,0
201,'4826',705,,530,1,,,0,125,,524,1,,,0,100,,525,1,,,0,100,,526,1,,,0,100,,527,1,,,0,100,,528,1,,,0,100,,529,1,,,0,100,,518,1,,,0,100,,519,1,,,0,100,,535,1,,,0,100,,520,1,,,0,100,,521,1,,,0,100,,522,1,,,0,100,,523,1,,,0,100,,533,1,,,0,100,,531,1,,,0,115,,532,1,,,0,100,,534,1,,,0
201,'4965',653,,215,1,,,0,71,,553,1,,,0,26,,540,1,,,0,58,,541,1,,,0,107,,218,1,,,0,110,,543,1,,,0,105,,542,1,,,0,105,,544,1,,,0,105,,545,1,,,0,100,,546,1,,,0,85,,549,1,,,0,75,,548,1,,,0,35,,554,1,,,0,75,,547,1,,,0,200,,550,1,,,0,105,,551,1,,,0,105,,552,1,,,0
201,'4967',1800,,536,1,,,0,430,,537,1,,,0,205,,538,1,,,0
201,'5014',653,,1579,1,,,0,71,,1592,1,,,0,26,,1580,1,,,0,58,,1581,1,,,0,107,,1582,1,,,0,110,,1584,1,,,0,105,,1583,1,,,0,105,,1585,1,,,0,205,,1586,1,,,0,85,,1588,1,,,0,75,,1587,1,,,0,35,,1593,1,,,0,275,,1589,1,,,0,105,,1590,1,,,0,105,,1591,1,,,0
201,'5222',1800,,1594,1,,,0,430,,1595,1,,,0
201,'5227',705,,941,1,,,0,125,,935,1,,,0,100,,936,1,,,0,100,,937,1,,,0,100,,938,1,,,0,100,,939,1,,,0,100,,940,1,,,0,100,,929,1,,,0,100,,930,1,,,0,100,,1604,1,,,0,100,,1596,1,,,0,100,,1597,1,,,0,100,,1598,1,,,0,100,,1599,1,,,0,100,,1602,1,,,0,100,,1600,1,,,0,115,,1601,1,,,0,100,,1603,1,,,0
201,'5228',725,,957,1,,,0,100,,958,1,,,0,100,,1609,1,,,0,105,,1606,1,,,0,100,,950,1,,,0,100,,1605,1,,,0,100,,1607,1,,,0,100,,947,1,,,0,100,,1608,1,,,0,100,,959,1,,,0,100,,954,1,,,0,100,,955,1,,,0,100,,951,1,,,0,105,,961,1,,,0,100,,962,1,,,0,105,,960,1,,,0
201,'5254',1800,,555,1,,,0,430,,556,1,,,0
201,'5256',653,,1611,1,,,0,71,,1624,1,,,0,26,,1612,1,,,0,58,,1613,1,,,0,107,,1614,1,,,0,110,,1616,1,,,0,105,,1615,1,,,0,105,,1617,1,,,0,205,,1618,1,,,0,85,,1620,1,,,0,75,,1619,1,,,0,35,,1625,1,,,0,275,,1621,1,,,0,105,,1622,1,,,0,105,,1623,1,,,0
201,'5257',1800,,1626,1,,,0,430,,1627,1,,,0
201,'5258',1340,,1628,1,,,0,370,,1629,1,,,0
201,'5259',1340,,1630,1,,,0,370,,1631,1,,,0
201,'5260',1800,,1632,1,,,0,430,,1633,1,,,0,205,,1634,1,,,0
201,'5261',1340,,1635,1,,,0,370,,1636,1,,,0
201,'5262',1340,,1637,1,,,0,370,,1638,1,,,0
301,'4623',2205,,1639,1,0,9,0,23,,1639,26,4,,0
301,'4822',720,,568,1,0,9,0,23,,568,26,4,,0,112,,566,1,0,9,0,64,,566,26,4,,0,36,,558,1,0,9,0,66,,558,26,4,,0,79,,561,1,0,9,0,27,,561,26,4,,0,73,,557,1,0,9,0,28,,557,26,4,,0,72,,559,1,0,9,0,28,,559,26,4,,0,72,,562,1,0,9,0,28,,562,26,4,,0,72,,560,1,0,9,0,28,,560,26,4,,0,72,,563,1,0,9,0,28,,563,26,4,,0,72,,565,1,0,9,0,28,,565,26,4,,0,72,,564,1,0,9,0,25,,564,26,4,,0,75,,567,1,0,9,0,25,,567,26,4,,0,80,,569,1,0,9,0,23,,569,26,4,,0,77,,570,1,0,9,0,23,,570,26,4,,0
301,'4826',640,,585,1,0,9,0,63,,585,26,4,,0,97,,578,1,0,9,0,24,,578,26,4,,0,76,,579,1,0,9,0,25,,579,26,4,,0,75,,583,1,0,9,0,26,,583,26,4,,0,74,,580,1,0,9,0,27,,580,26,4,,0,73,,581,1,0,9,0,28,,581,26,4,,0,72,,584,1,0,9,0,28,,584,26,4,,0,72,,575,1,0,9,0,28,,575,26,4,,0,72,,574,1,0,9,0,28,,574,26,4,,0,72,,576,1,0,9,0,28,,576,26,4,,0,72,,572,1,0,9,0,28,,572,26,4,,0,72,,577,1,0,9,0,25,,577,26,4,,0,75,,571,1,0,9,0,25,,571,26,4,,0,75,,573,1,0,9,0,23,,573,26,4,,0,77,,582,1,0,9,0,23,,582,26,4,,0,77,,586,1,0,9,0,23,,586,26,4,,0,92,,587,1,0,9,0,23,,587,26,4,,0
301,'4965',615,,589,1,0,9,0,24,,589,26,4,,0,6,,590,1,0,9,0,64,,590,26,4,,0,6,,591,1,0,9,0,24,,591,26,4,,0,14,,593,1,0,9,0,65,,593,26,4,,0,29,,592,26,4,,0,73,,595,1,0,9,0,26,,595,26,4,,0,54,,594,1,0,9,0,26,,594,26,4,,0,74,,597,1,0,9,0,27,,597,26,4,,0,23,,596,1,0,9,0,68,,596,26,4,,0,22,,601,1,0,9,0,68,,601,26,4,,0,32,,599,1,0,9,0,68,,599,26,4,,0,12,,598,1,0,9,0,28,,598,26,4,,0,6,,600,1,0,9,0,70,,600,26,4,,0,2,,604,1,0,9,0,29,,608,1,0,9,0,1,,604,26,4,,0,67,,608,26,4,,0,7,,603,1,0,9,0,28,,603,26,4,,0,47,,605,1,0,9,0,28,,605,26,4,,0,17,,602,1,0,9,0,67,,602,26,4,,0,18,,606,1,0,9,0,66,,606,26,4,,0,29,,607,1,0,9,0,26,,607,26,4,,0,94,,609,1,0,9,0,63,,609,26,4,,0,208,,610,1,0,9,0,23,,610,26,4,,0
301,'4967',2205,,588,1,0,9,0,23,,588,26,4,,0
301,'5014',615,,1640,1,0,9,0,24,,1640,26,4,,0,6,,1641,1,0,9,0,64,,1641,26,4,,0,6,,1642,1,0,9,0,24,,1642,26,4,,0,14,,1644,1,0,9,0,65,,1643,1,0,9,0,29,,1643,26,4,,0,73,,1646,1,0,9,0,26,,1646,26,4,,0,54,,1645,1,0,9,0,26,,1645,26,4,,0,74,,1648,1,0,9,0,27,,1648,26,4,,0,23,,1647,1,0,9,0,68,,1647,26,4,,0,22,,1652,1,0,9,0,68,,1652,26,4,,0,32,,1650,1,0,9,0,68,,1650,26,4,,0,12,,1649,1,0,9,0,28,,1649,26,4,,0,6,,1651,1,0,9,0,70,,1651,26,4,,0,2,,1654,1,0,9,0,30,,1654,26,4,,0,149,,1655,1,0,9,0,28,,1655,26,4,,0,17,,1653,1,0,9,0,67,,1653,26,4,,0,18,,1656,1,0,9,0,66,,1656,26,4,,0,29,,1657,1,0,9,0,26,,1657,26,4,,0,94,,1658,1,0,9,0,63,,1658,26,4,,0,208,,1659,1,0,9,0,23,,1659,26,4,,0
301,'5222',2205,,1660,1,0,9,0,23,,1660,26,4,,0
301,'5227',640,,1029,1,0,9,0,63,,1029,26,4,,0,97,,1022,1,0,9,0,24,,1022,26,4,,0,76,,1023,1,0,9,0,25,,1023,26,4,,0,75,,1026,1,0,9,0,26,,1026,26,4,,0,74,,1024,1,0,9,0,27,,1024,26,4,,0,73,,1021,1,0,9,0,28,,1021,26,4,,0,72,,1667,1,0,9,0,28,,1667,26,4,,0,72,,1018,1,0,9,0,28,,1018,26,4,,0,72,,1017,1,0,9,0,28,,1017,26,4,,0,72,,1664,1,0,9,0,28,,1664,26,4,,0,72,,1662,1,0,9,0,28,,1662,26,4,,0,72,,1665,1,0,9,0,25,,1665,26,4,,0,75,,1661,1,0,9,0,25,,1661,26,4,,0,75,,1663,1,0,9,0,23,,1663,26,4,,0,77,,1666,1,0,9,0,23,,1666,26,4,,0,77,,1669,1,0,9,0,23,,1669,26,4,,0,92,,1668,1,0,9,0,23,,1668,26,4,,0
301,'5228',720,,1675,1,0,9,0,23,,1675,26,4,,0,112,,1674,1,0,9,0,64,,1674,26,4,,0,36,,1671,1,0,9,0,66,,1671,26,4,,0,79,,1035,1,0,9,0,27,,1035,26,4,,0,73,,1670,1,0,9,0,28,,1670,26,4,,0,72,,1672,1,0,9,0,28,,1672,26,4,,0,72,,1036,1,0,9,0,28,,1036,26,4,,0,72,,1673,1,0,9,0,28,,1673,26,4,,0,72,,1037,1,0,9,0,28,,1037,26,4,,0,72,,1039,1,0,9,0,28,,1039,26,4,,0,72,,1038,1,0,9,0,25,,1038,26,4,,0,75,,1041,1,0,9,0,25,,1041,26,4,,0,80,,1043,1,0,9,0,23,,1043,26,4,,0,77,,1044,1,0,9,0,23,,1044,26,4,,0
301,'5254',2205,,611,1,0,9,0,23,,611,26,4,,0
301,'5256',615,,1676,1,0,9,0,24,,1676,26,4,,0,6,,1677,1,0,9,0,64,,1677,26,4,,0,6,,1678,1,0,9,0,24,,1678,26,4,,0,14,,1680,1,0,9,0,65,,1679,1,0,9,0,29,,1679,26,4,,0,73,,1682,1,0,9,0,26,,1682,26,4,,0,54,,1681,1,0,9,0,26,,1681,26,4,,0,74,,1684,1,0,9,0,27,,1684,26,4,,0,23,,1683,1,0,9,0,68,,1683,26,4,,0,22,,1688,1,0,9,0,68,,1688,26,4,,0,32,,1686,1,0,9,0,68,,1686,26,4,,0,12,,1685,1,0,9,0,28,,1685,26,4,,0,6,,1687,1,0,9,0,70,,1687,26,4,,0,2,,1690,1,0,9,0,30,,1690,26,4,,0,149,,1691,1,0,9,0,28,,1691,26,4,,0,17,,1689,1,0,9,0,67,,1689,26,4,,0,18,,1692,1,0,9,0,66,,1692,26,4,,0,29,,1693,1,0,9,0,26,,1693,26,4,,0,94,,1694,1,0,9,0,63,,1694,26,4,,0,208,,1695,1,0,9,0,23,,1695,26,4,,0
301,'5257',2205,,1696,1,0,9,0,23,,1696,26,4,,0
301,'5258',1555,,1698,1,0,9,0,68,,1698,26,4,,0,7,,1697,1,0,9,0,28,,1697,26,4,,0
301,'5259',1555,,1700,1,0,9,0,68,,1700,26,4,,0,7,,1699,1,0,9,0,28,,1699,26,4,,0
301,'5260',2205,,1701,1,0,9,0,23,,1701,26,4,,0
301,'5261',1555,,1703,1,0,9,0,68,,1703,26,4,,0,7,,1702,1,0,9,0,28,,1702,26,4,,0
301,'5262',1555,,1705,1,0,9,0,68,,1705,26,4,,0,7,,1704,1,0,9,0,28,,1704,26,4,,0
400,'4623',1644,,1706,14,4,,0
400,'4965',749,,614,14,4,,0,80,,293,14,4,,0,77,,294,14,4,,0,600,,295,14,4,,0,218,,615,14,4,,0
400,'4967',1603,,613,14,4,,0,41,,612,14,4,,0
400,'5014',749,,1707,14,4,,0,80,,1708,14,4,,0,77,,1709,14,4,,0,600,,1710,14,4,,0,218,,1711,14,4,,0
400,'5222',1644,,1712,14,4,,0
400,'5254',1603,,617,14,4,,0,41,,616,14,4,,0
400,'5256',749,,1713,14,4,,0,80,,1714,14,4,,0,77,,1715,14,4,,0,600,,1716,14,4,,0,97,,1718,14,4,,0,121,,1717,14,4,,0
400,'5257',1644,,1719,14,4,,0
400,'5260',1644,,1720,14,4,,0
401,'4623',1610,,1721,1,,,0
401,'4965',758,,302,1,,,0,77,,301,1,,,0,598,,303,1,,,0,217,,619,1,,,0
401,'4967',1610,,618,1,,,0
401,'5014',758,,1723,1,,,0,77,,1722,1,,,0,598,,1724,1,,,0,217,,1725,1,,,0
401,'5222',1610,,1726,1,,,0
401,'5254',1610,,620,1,,,0
401,'5256',758,,1728,1,,,0,77,,1727,1,,,0,598,,1729,1,,,0,217,,1730,1,,,0
401,'5257',1610,,1731,1,,,0
401,'5260',1610,,1732,1,,,0
500,'5014',738,,1733,8,4,,0,82,,1734,8,4,,0,34,,1735,8,4,,0,82,,1736,8,4,,0,73,,1737,8,4,,0,48,,1738,8,4,,0,73,,1739,8,4,,0,82,,1740,8,4,,0,33,,1741,8,4,,0,87,,1742,8,4,,0,73,,1743,8,4,,0,42,,1744,8,4,,0,73,,1745,8,4,,0,87,,1746,8,4,,0,33,,1747,8,4,,0,82,,1748,8,4,,0,33,,1749,8,4,,0,86,,1750,8,4,,0
500,'5227',818,,1753,8,4,,0,36,,1752,8,4,,0,82,,1751,8,4,,0,73,,1754,8,4,,0,48,,1755,8,4,,0,73,,1756,8,4,,0,82,,1757,8,4,,0,33,,1758,8,4,,0,87,,1759,8,4,,0,73,,1760,8,4,,0,42,,1761,8,4,,0,73,,1762,8,4,,0,87,,1763,8,4,,0,33,,1764,8,4,,0,82,,1765,8,4,,0,33,,1766,8,4,,0,86,,1767,8,4,,0,74,,1768,8,4,,0,41,,1769,8,4,,0,72,,1770,8,4,,0,82,,1771,8,4,,0,33,,1772,8,4,,0,85,,1773,8,4,,0,30,,1774,8,4,,0,81,,1775,8,4,,0
500,'5228',818,,1787,8,4,,0,36,,1788,8,4,,0,82,,1789,8,4,,0,73,,1790,8,4,,0,48,,1791,8,4,,0,73,,1792,8,4,,0,82,,1793,8,4,,0,33,,1794,8,4,,0,87,,1795,8,4,,0,73,,1796,8,4,,0,42,,1797,8,4,,0,73,,1776,8,4,,0,87,,1777,8,4,,0,33,,1779,8,4,,0,82,,1778,8,4,,0,33,,1781,8,4,,0,86,,1783,8,4,,0,74,,1780,8,4,,0,41,,1784,8,4,,0,72,,1782,8,4,,0,82,,1785,8,4,,0,33,,1786,8,4,,0
500,'5256',738,,1798,8,4,,0,82,,1799,8,4,,0,34,,1800,8,4,,0,82,,1801,8,4,,0,73,,1802,8,4,,0,48,,1803,8,4,,0,73,,1804,8,4,,0,82,,1805,8,4,,0,33,,1806,8,4,,0,87,,1807,8,4,,0,73,,1808,8,4,,0,42,,1809,8,4,,0,73,,1810,8,4,,0,87,,1811,8,4,,0,33,,1812,8,4,,0,82,,1813,8,4,,0,33,,1814,8,4,,0,86,,1815,8,4,,0
500,'5258',1915,,1816,8,4,,0,41,,1817,8,4,,0,72,,1818,8,4,,0,82,,1819,8,4,,0,33,,1820,8,4,,0
500,'5259',1915,,1821,8,4,,0,41,,1822,8,4,,0,72,,1823,8,4,,0,82,,1824,8,4,,0,33,,1825,8,4,,0,85,,1826,8,4,,0,30,,1827,8,4,,0,81,,1828,8,4,,0
500,'5261',1915,,1829,8,4,,0,41,,1830,8,4,,0,72,,1831,8,4,,0,82,,1832,8,4,,0,33,,1833,8,4,,0
500,'5262',1915,,1834,8,4,,0,41,,1835,8,4,,0,72,,1836,8,4,,0,82,,1837,8,4,,0,33,,1838,8,4,,0,85,,1839,8,4,,0,30,,1840,8,4,,0,81,,1841,8,4,,0
501,'5014',710,,1842,1,,,0,35,,1843,1,,,0,80,,1844,1,,,0,75,,1845,1,,,0,40,,1846,1,,,0,80,,1847,1,,,0,80,,1848,1,,,0,35,,1849,1,,,0,80,,1850,1,,,0,40,,1851,1,,,0,80,,1852,1,,,0,75,,1853,1,,,0,40,,1854,1,,,0,80,,1855,1,,,0,80,,1856,1,,,0,35,,1858,1,,,0,80,,1857,1,,,0,80,,1859,1,,,0
501,'5227',750,,1860,1,,,0,75,,1861,1,,,0,75,,1862,1,,,0,40,,1863,1,,,0,80,,1864,1,,,0,80,,1865,1,,,0,35,,1866,1,,,0,80,,1867,1,,,0,40,,1868,1,,,0,80,,1869,1,,,0,75,,1870,1,,,0,40,,1871,1,,,0,80,,1872,1,,,0,80,,1873,1,,,0,35,,1874,1,,,0,80,,1875,1,,,0,80,,1876,1,,,0,40,,1877,1,,,0,75,,1878,1,,,0,80,,1879,1,,,0,35,,1880,1,,,0,80,,1881,1,,,0,39,,1882,1,,,0,76,,1883,1,,,0,75,,1884,1,,,0
501,'5228',750,,1896,1,,,0,75,,1897,1,,,0,75,,1898,1,,,0,40,,1899,1,,,0,80,,1900,1,,,0,80,,1901,1,,,0,35,,1902,1,,,0,80,,1903,1,,,0,40,,1904,1,,,0,80,,1905,1,,,0,75,,1906,1,,,0,40,,1895,1,,,0,80,,1885,1,,,0,80,,1886,1,,,0,35,,1887,1,,,0,80,,1888,1,,,0,80,,1892,1,,,0,40,,1889,1,,,0,75,,1890,1,,,0,80,,1891,1,,,0,35,,1893,1,,,0,80,,1894,1,,,0
501,'5256',710,,1907,1,,,0,35,,1908,1,,,0,80,,1909,1,,,0,75,,1910,1,,,0,40,,1911,1,,,0,80,,1912,1,,,0,80,,1913,1,,,0,35,,1914,1,,,0,80,,1915,1,,,0,40,,1916,1,,,0,80,,1917,1,,,0,75,,1918,1,,,0,40,,1919,1,,,0,80,,1920,1,,,0,80,,1921,1,,,0,35,,1923,1,,,0,80,,1922,1,,,0,80,,1924,1,,,0
501,'5258',1845,,1925,1,,,0,75,,1926,1,,,0,80,,1927,1,,,0,35,,1928,1,,,0,80,,1929,1,,,0
501,'5259',1845,,1930,1,,,0,75,,1931,1,,,0,80,,1932,1,,,0,35,,1934,1,,,0,80,,1935,1,,,0,39,,1933,1,,,0,76,,1937,1,,,0,75,,1936,1,,,0
501,'5261',1845,,1938,1,,,0,75,,1939,1,,,0,80,,1940,1,,,0,35,,1941,1,,,0,80,,1942,1,,,0
501,'5262',1845,,1943,1,,,0,75,,1944,1,,,0,80,,1945,1,,,0,35,,1947,1,,,0,80,,1948,1,,,0,39,,1946,1,,,0,76,,1950,1,,,0,75,,1949,1,,,0
900,'4965',811,,621,28,4,,0,105,,623,28,4,,0,100,,622,28,4,,0,100,,625,28,4,,0,120,,624,28,4,,0,80,,627,28,4,,0,100,,626,28,4,,0,102,,628,28,4,,0,124,,630,28,4,,0,100,,629,28,4,,0,89,,631,28,4,,0,104,,632,28,4,,0,113,,633,28,4,,0
900,'5014',811,,1951,28,4,,0,105,,1953,28,4,,0,100,,1952,28,4,,0,100,,1955,28,4,,0,120,,1954,28,4,,0,80,,1957,28,4,,0,100,,1956,28,4,,0,102,,1958,28,4,,0,124,,1960,28,4,,0,100,,1959,28,4,,0,89,,1961,28,4,,0,104,,1962,28,4,,0,113,,1963,28,4,,0
900,'5256',811,,1964,28,4,,0,105,,1966,28,4,,0,100,,1965,28,4,,0,100,,1968,28,4,,0,120,,1967,28,4,,0,80,,1970,28,4,,0,100,,1969,28,4,,0,102,,1971,28,4,,0,124,,1973,28,4,,0,100,,1972,28,4,,0,89,,1974,28,4,,0,104,,1975,28,4,,0,113,,1976,28,4,,0
901,'4965',720,,634,1,,,0,103,,635,1,,,0,102,,636,1,,,0,99,,637,1,,,0,101,,638,1,,,0,98,,639,1,,,0,100,,640,1,,,0,98,,641,1,,,0,124,,642,1,,,0,100,,643,1,,,0,93,,644,1,,,0,108,,645,1,,,0,154,,646,1,,,0
901,'5014',720,,1977,1,,,0,103,,1978,1,,,0,102,,1979,1,,,0,99,,1980,1,,,0,101,,1981,1,,,0,98,,1982,1,,,0,100,,1983,1,,,0,98,,1984,1,,,0,124,,1985,1,,,0,100,,1986,1,,,0,93,,1987,1,,,0,108,,1988,1,,,0,154,,1989,1,,,0
901,'5256',720,,1990,1,,,0,103,,1991,1,,,0,102,,1992,1,,,0,99,,1993,1,,,0,101,,1994,1,,,0,98,,1995,1,,,0,100,,1996,1,,,0,98,,1997,1,,,0,124,,1998,1,,,0,100,,1999,1,,,0,93,,2000,1,,,0,108,,2001,1,,,0,154,,2002,1,,,0
