101,'4623',1713,,1441,28,,,0,213,,1445,28,,,0,197,,1442,28,,,0,229,,1443,28,,,0,164,,1444,5,,,0
101,'4822',804,,399,28,,,0,107,,401,28,,,0,100,,397,28,,,0,100,,389,28,,,0,102,,393,28,,,0,99,,391,28,,,0,100,,395,28,,,0,100,,390,28,,,0,101,,394,28,,,0,100,,400,28,,,0,99,,392,28,,,0,109,,396,28,,,0,99,,398,28,,,0,100,,402,28,,,0,105,,403,28,,,0
101,'4826',708,,415,28,,,0,100,,410,28,,,0,102,,411,28,,,0,100,,412,28,,,0,100,,413,28,,,0,101,,414,28,,,0,101,,404,28,,,0,100,,408,28,,,0,100,,407,28,,,0,101,,406,28,,,0,100,,421,28,,,0,99,,405,28,,,0,109,,409,28,,,0,99,,416,28,,,0,104,,419,28,,,0,110,,417,28,,,0,114,,418,28,,,0,94,,420,28,,,0
101,'4965',700,,428,28,,,0,25,,439,28,,,0,80,,429,28,,,0,112,,430,28,,,0,99,,431,28,,,0,101,,99,28,,,0,109,,100,28,,,0,110,,101,28,,,0,70,,432,28,,,0,98,,435,8,,,0,2,,433,28,,,0,40,,441,28,,,0,88,,434,28,,,0,119,,440,28,,,0,89,,436,28,,,0,163,,437,28,,,0,238,,438,28,,,0
101,'4967',1713,,422,28,,,0,213,,427,28,,,0,197,,424,28,,,0,229,,425,28,,,0,164,,426,5,,,0
101,'5014',700,,1447,28,,,0,25,,1459,28,,,0,80,,1448,28,,,0,112,,1449,28,,,0,99,,1450,28,,,0,101,,1451,28,,,0,109,,1452,28,,,0,110,,1453,28,,,0,70,,1454,28,,,0,140,,1461,28,,,0,88,,1455,28,,,0,119,,1460,28,,,0,89,,1456,28,,,0,163,,1457,28,,,0,238,,1458,28,,,0
101,'5222',1713,,1462,28,,,0,213,,1465,28,,,0,197,,1463,28,,,0,229,,1464,28,,,0
101,'5227',708,,771,28,,,0,100,,766,28,,,0,102,,767,28,,,0,100,,768,28,,,0,100,,769,28,,,0,101,,770,28,,,0,101,,760,28,,,0,100,,764,28,,,0,100,,763,28,,,0,101,,1467,28,,,0,100,,1474,28,,,0,99,,1466,28,,,0,109,,1468,28,,,0,99,,1469,28,,,0,104,,1471,28,,,0,110,,1470,28,,,0,114,,1472,28,,,0,94,,1473,28,,,0
101,'5228',804,,1478,28,,,0,107,,1479,28,,,0,100,,786,28,,,0,100,,1475,28,,,0,102,,1476,28,,,0,99,,780,28,,,0,100,,1477,28,,,0,100,,779,28,,,0,101,,783,28,,,0,100,,789,28,,,0,99,,781,28,,,0,109,,785,28,,,0,99,,787,28,,,0,100,,791,28,,,0,105,,792,28,,,0
101,'5254',1713,,442,28,,,0,213,,446,28,,,0,197,,444,28,,,0,229,,445,28,,,0
101,'5256',700,,1481,28,,,0,25,,1495,28,,,0,80,,1482,28,,,0,112,,1483,28,,,0,99,,1484,28,,,0,101,,1485,28,,,0,109,,1486,28,,,0,110,,1487,28,,,0,70,,1488,28,,,0,98,,1491,8,,,0,42,,1497,28,,,0,88,,1489,28,,,0,119,,1496,28,,,0,89,,1492,28,,,0,163,,1493,28,,,0,238,,1494,28,,,0
101,'5257',1713,,1498,28,,,0,213,,1501,28,,,0,197,,1499,28,,,0,229,,1500,28,,,0
101,'5258',1506,,1502,28,,,0
101,'5259',1506,,1503,28,,,0
101,'5260',1713,,1504,28,,,0,213,,1508,28,,,0,197,,1505,28,,,0,229,,1506,28,,,0,164,,1507,5,,,0
101,'5261',1506,,1509,28,,,0
101,'5262',1506,,1510,28,,,0
