100,'4528',639,,2003,26,,,0,93,,2004,26,,,0,25,,2016,26,,,0,82,,2005,26,,,0,109,,2006,26,,,0,99,,2007,26,,,0,102,,2008,25,,,0,110,,2010,26,,,0,150,,2009,26,,,0,30,,2011,26,,,0,181,,2018,26,,,0,87,,2012,26,,,0,118,,2017,26,,,0,89,,2013,26,,,0,121,,2014,26,,,0,277,,2015,26,,,0
100,'4532',738,,2026,26,,,0,100,,2021,26,,,0,102,,2022,26,,,0,101,,2023,26,,,0,100,,2024,26,,,0,101,,2025,26,,,0,102,,2019,26,,,0,100,,2020,26,,,0,100,,2031,26,,,0,100,,2032,26,,,0,100,,2036,26,,,0,99,,2033,26,,,0,108,,2034,26,,,0,99,,2035,26,,,0,103,,2028,26,,,0,150,,2030,26,,,0,113,,2027,26,,,0
100,'4623',1746,,2037,26,,,0,211,,2041,26,,,0,196,,2038,26,,,0,268,,2039,26,,,0
100,'5210',834,,2053,26,,,0,107,,2052,26,,,0,101,,2050,26,,,0,100,,2042,26,,,0,102,,2048,26,,,0,100,,2043,26,,,0,100,,2049,26,,,0,100,,2044,26,,,0,100,,2046,26,,,0,100,,2054,26,,,0,99,,2045,26,,,0,108,,2047,26,,,0,99,,2051,26,,,0,99,,2056,26,,,0,105,,2055,26,,,0
100,'5222',1746,,2057,26,,,0,211,,2060,26,,,0,196,,2058,26,,,0,268,,2059,26,,,0
100,'5261',1540,,2061,26,,,0
100,'5262',1540,,2062,26,,,0
200,'4528',636,,2123,23,,,0,109,,2124,23,,,0,67,,2137,23,,,0,28,,2125,23,,,0,18,,2127,23,,,0,147,,2126,23,,,0,110,,2129,23,,,0,107,,2128,23,,,0,106,,2130,23,,,0,205,,2132,23,,,0,87,,2133,23,,,0,34,,2131,23,,,0,74,,2138,23,,,0,274,,2134,23,,,0,109,,2135,23,,,0,101,,2136,23,,,0
200,'4532',749,,2151,23,,,0,172,,2145,23,,,0,102,,2147,23,,,0,100,,2146,23,,,0,101,,2148,23,,,0,100,,2149,23,,,0,101,,2150,23,,,0,100,,2139,23,,,0,100,,2140,23,,,0,100,,2156,23,,,0,99,,2141,23,,,0,100,,2142,23,,,0,98,,2143,23,,,0,100,,2144,23,,,0,100,,2153,23,,,0,97,,2152,23,,,0,114,,2154,23,,,0
200,'4623',1853,,2157,23,,,0,469,,2158,23,,,0
200,'5210',815,,2170,23,,,0,100,,2171,23,,,0,102,,2169,23,,,0,106,,2160,23,,,0,101,,2164,23,,,0,100,,2162,23,,,0,101,,2167,23,,,0,100,,2161,23,,,0,100,,2166,23,,,0,100,,2172,23,,,0,99,,2163,23,,,0,100,,2168,23,,,0,98,,2165,23,,,0,105,,2175,23,,,0,99,,2174,23,,,0,103,,2173,23,,,0
200,'5222',1853,,2176,23,,,0,469,,2177,23,,,0
200,'5261',1433,,2178,23,,,0,370,,2179,23,,,0
200,'5262',1433,,2180,23,,,0,370,,2181,23,,,0
900,'4528',805,,2467,24,,,0,105,,2469,24,,,0,100,,2468,24,,,0,100,,2471,24,,,0,120,,2470,24,,,0,80,,2473,24,,,0,100,,2472,24,,,0,101,,2474,24,,,0,124,,2476,24,,,0,100,,2475,24,,,0,89,,2477,24,,,0,106,,2478,24,,,0,113,,2479,24,,,0
