101,'4623',1713,,1441,29,,,0,213,,1445,29,,,0,197,,1442,29,,,0,229,,1443,29,,,0,164,,1444,6,,,0
101,'4822',804,,399,29,,,0,107,,401,29,,,0,100,,397,29,,,0,100,,389,29,,,0,102,,393,29,,,0,99,,391,29,,,0,100,,395,29,,,0,100,,390,29,,,0,101,,394,29,,,0,100,,400,29,,,0,99,,392,29,,,0,109,,396,29,,,0,99,,398,29,,,0,100,,402,29,,,0,105,,403,29,,,0
101,'4826',708,,415,29,,,0,100,,410,29,,,0,102,,411,29,,,0,100,,412,29,,,0,100,,413,29,,,0,101,,414,29,,,0,101,,404,29,,,0,100,,408,29,,,0,100,,407,29,,,0,101,,406,29,,,0,100,,421,29,,,0,99,,405,29,,,0,109,,409,29,,,0,99,,416,29,,,0,104,,419,29,,,0,110,,417,29,,,0,114,,418,29,,,0,94,,420,29,,,0
101,'4965',700,,428,29,,,0,25,,439,29,,,0,80,,429,29,,,0,112,,430,29,,,0,99,,431,29,,,0,101,,99,29,,,0,109,,100,29,,,0,110,,101,29,,,0,70,,432,29,,,0,98,,435,9,,,0,2,,433,29,,,0,40,,441,29,,,0,88,,434,29,,,0,119,,440,29,,,0,89,,436,29,,,0,163,,437,29,,,0,238,,438,29,,,0
101,'4967',1713,,422,29,,,0,213,,427,29,,,0,197,,424,29,,,0,229,,425,29,,,0,164,,426,6,,,0
101,'5014',700,,1447,29,,,0,25,,1459,29,,,0,80,,1448,29,,,0,112,,1449,29,,,0,99,,1450,29,,,0,101,,1451,29,,,0,109,,1452,29,,,0,110,,1453,29,,,0,70,,1454,29,,,0,140,,1461,29,,,0,88,,1455,29,,,0,119,,1460,29,,,0,89,,1456,29,,,0,163,,1457,29,,,0,238,,1458,29,,,0
101,'5222',1713,,1462,29,,,0,213,,1465,29,,,0,197,,1463,29,,,0,229,,1464,29,,,0
101,'5227',708,,771,29,,,0,100,,766,29,,,0,102,,767,29,,,0,100,,768,29,,,0,100,,769,29,,,0,101,,770,29,,,0,101,,760,29,,,0,100,,764,29,,,0,100,,763,29,,,0,101,,1467,29,,,0,100,,1474,29,,,0,99,,1466,29,,,0,109,,1468,29,,,0,99,,1469,29,,,0,104,,1471,29,,,0,110,,1470,29,,,0,114,,1472,29,,,0,94,,1473,29,,,0
101,'5228',804,,1478,29,,,0,107,,1479,29,,,0,100,,786,29,,,0,100,,1475,29,,,0,102,,1476,29,,,0,99,,780,29,,,0,100,,1477,29,,,0,100,,779,29,,,0,101,,783,29,,,0,100,,789,29,,,0,99,,781,29,,,0,109,,785,29,,,0,99,,787,29,,,0,100,,791,29,,,0,105,,792,29,,,0
101,'5254',1713,,442,29,,,0,213,,446,29,,,0,197,,444,29,,,0,229,,445,29,,,0
101,'5256',700,,1481,29,,,0,25,,1495,29,,,0,80,,1482,29,,,0,112,,1483,29,,,0,99,,1484,29,,,0,101,,1485,29,,,0,109,,1486,29,,,0,110,,1487,29,,,0,70,,1488,29,,,0,98,,1491,9,,,0,42,,1497,29,,,0,88,,1489,29,,,0,119,,1496,29,,,0,89,,1492,29,,,0,163,,1493,29,,,0,238,,1494,29,,,0
101,'5257',1713,,1498,29,,,0,213,,1501,29,,,0,197,,1499,29,,,0,229,,1500,29,,,0
101,'5258',1506,,1502,29,,,0
101,'5259',1506,,1503,29,,,0
101,'5260',1713,,1504,29,,,0,213,,1508,29,,,0,197,,1505,29,,,0,229,,1506,29,,,0,164,,1507,6,,,0
101,'5261',1506,,1509,29,,,0
101,'5262',1506,,1510,29,,,0
