201,'4623',2252,,1576,30,,,0,204,,1577,30,,,0
201,'4822',747,,512,30,,,0,100,,513,30,,,0,101,,511,30,,,0,105,,504,30,,,0,101,,505,30,,,0,100,,503,30,,,0,101,,507,30,,,0,100,,502,30,,,0,100,,508,30,,,0,100,,514,30,,,0,99,,509,30,,,0,100,,510,30,,,0,99,,506,30,,,0,105,,516,30,,,0,99,,517,30,,,0,145,,515,30,,,0
201,'4826',852,,524,30,,,0,101,,525,30,,,0,100,,526,30,,,0,101,,527,30,,,0,100,,528,30,,,0,101,,529,30,,,0,100,,518,30,,,0,100,,519,30,,,0,100,,535,30,,,0,99,,520,30,,,0,100,,521,30,,,0,99,,522,30,,,0,100,,523,30,,,0,100,,533,30,,,0,99,,531,30,,,0,154,,532,30,,,0,99,,534,30,,,0
201,'4965',714,,215,30,,,0,1325,,551,30,,,0,103,,552,30,,,0
201,'4967',2252,,537,30,,,0,204,,538,30,,,0
201,'5014',714,,1579,30,,,0,1325,,1590,30,,,0,103,,1591,30,,,0
201,'5222',2252,,1595,30,,,0
201,'5227',852,,935,30,,,0,101,,936,30,,,0,100,,937,30,,,0,101,,938,30,,,0,100,,939,30,,,0,101,,940,30,,,0,100,,929,30,,,0,100,,930,30,,,0,100,,1604,30,,,0,99,,1596,30,,,0,100,,1597,30,,,0,99,,1598,30,,,0,100,,1599,30,,,0,100,,1602,30,,,0,99,,1600,30,,,0,154,,1601,30,,,0,99,,1603,30,,,0
201,'5228',747,,957,30,,,0,100,,958,30,,,0,101,,1609,30,,,0,105,,1606,30,,,0,101,,950,30,,,0,100,,1605,30,,,0,101,,1607,30,,,0,100,,947,30,,,0,100,,1608,30,,,0,100,,959,30,,,0,99,,954,30,,,0,100,,955,30,,,0,99,,951,30,,,0,105,,961,30,,,0,99,,962,30,,,0,145,,960,30,,,0
201,'5254',2252,,556,30,,,0
201,'5256',714,,1611,30,,,0,1325,,1622,30,,,0,103,,1623,30,,,0
201,'5257',2252,,1627,30,,,0
201,'5260',2252,,1633,30,,,0,204,,1634,30,,,0
901,'4965',743,,634,30,,,0,105,,635,30,,,0,100,,636,30,,,0,100,,637,30,,,0,102,,638,30,,,0,98,,639,30,,,0,100,,640,30,,,0,100,,641,30,,,0,164,,642,30,,,0,100,,643,30,,,0,91,,644,30,,,0,106,,645,30,,,0,113,,646,30,,,0
901,'5014',743,,1977,30,,,0,105,,1978,30,,,0,100,,1979,30,,,0,100,,1980,30,,,0,102,,1981,30,,,0,98,,1982,30,,,0,100,,1983,30,,,0,100,,1984,30,,,0,164,,1985,30,,,0,100,,1986,30,,,0,91,,1987,30,,,0,106,,1988,30,,,0,113,,1989,30,,,0
901,'5256',743,,1990,30,,,0,105,,1991,30,,,0,100,,1992,30,,,0,100,,1993,30,,,0,102,,1994,30,,,0,98,,1995,30,,,0,100,,1996,30,,,0,100,,1997,30,,,0,164,,1998,30,,,0,100,,1999,30,,,0,91,,2000,30,,,0,106,,2001,30,,,0,113,,2002,30,,,0
