100,'4623',1730,,1372,10,,,0,212,,1376,10,,,0,197,,1373,10,,,0,269,,1374,10,,,0,124,,1375,10,0,5 6,0
100,'4822',819,,343,10,,,0,107,,344,10,,,0,101,,341,10,,,0,100,,333,10,,,0,102,,339,10,,,0,100,,334,10,,,0,100,,340,10,,,0,100,,335,10,,,0,100,,337,10,,,0,100,,345,10,,,0,99,,336,10,,,0,109,,338,10,,,0,99,,342,10,,,0,100,,347,10,,,0,105,,346,10,,,0
100,'4826',723,,355,10,,,0,100,,350,10,,,0,102,,351,10,,,0,101,,352,10,,,0,100,,353,10,,,0,101,,354,10,,,0,102,,348,10,,,0,100,,349,10,,,0,100,,360,10,,,0,100,,361,10,,,0,100,,365,10,,,0,99,,362,10,,,0,109,,363,10,,,0,99,,364,10,,,0,104,,357,10,,,0,110,,359,10,,,0,154,,356,10,,,0,54,,358,10,0,5 6,0
100,'4965',625,,34,10,,,0,92,,371,10,,,0,25,,382,10,,,0,81,,372,10,,,0,110,,373,10,,,0,99,,374,10,,,0,101,,39,9,,,0,110,,41,10,,,0,110,,40,10,,,0,70,,375,10,,,0,97,,377,10,,,0,4,,378,10,,,0,80,,384,10,,,0,47,,376,10,,,0,159,,383,10,,,0,49,,379,10,,,0,162,,380,10,,,0,238,,381,10,,,0
100,'4967',1730,,366,10,,,0,212,,370,10,,,0,197,,367,10,,,0,269,,368,10,,,0,124,,369,10,0,5 6,0
100,'5014',625,,1377,10,,,0,92,,1378,10,,,0,25,,1390,10,,,0,81,,1379,10,,,0,110,,1380,10,,,0,99,,1381,10,,,0,101,,1382,9,,,0,110,,1384,10,,,0,110,,1383,10,,,0,70,,1385,10,,,0,181,,1392,10,,,0,47,,1386,10,,,0,159,,1391,10,,,0,49,,1387,10,,,0,162,,1388,10,,,0,238,,1389,10,,,0
100,'5222',1730,,1393,10,,,0,212,,1396,10,,,0,197,,1394,10,,,0,269,,1395,10,,,0
100,'5227',723,,679,10,,,0,100,,674,10,,,0,102,,675,10,,,0,101,,676,10,,,0,100,,677,10,,,0,101,,678,10,,,0,102,,672,10,,,0,100,,673,10,,,0,100,,684,10,,,0,100,,1401,10,,,0,100,,1405,10,,,0,99,,1402,10,,,0,109,,1403,10,,,0,99,,1404,10,,,0,104,,1398,10,,,0,110,,1400,10,,,0,154,,1397,10,,,0,54,,1399,10,0,5 6,0
100,'5228',819,,1410,10,,,0,107,,1409,10,,,0,101,,698,10,,,0,100,,1406,10,,,0,102,,1407,10,,,0,100,,691,10,,,0,100,,1408,10,,,0,100,,692,10,,,0,100,,694,10,,,0,100,,702,10,,,0,99,,693,10,,,0,109,,695,10,,,0,99,,699,10,,,0,100,,704,10,,,0,105,,703,10,,,0
100,'5254',1730,,385,10,,,0,212,,388,10,,,0,197,,386,10,,,0,269,,387,10,,,0
100,'5256',625,,1411,10,,,0,92,,1412,10,,,0,25,,1425,10,,,0,81,,1413,10,,,0,110,,1414,10,,,0,99,,1415,10,,,0,101,,1416,9,,,0,110,,1418,10,,,0,110,,1417,10,,,0,70,,1419,10,,,0,97,,1421,10,,,0,84,,1427,10,,,0,47,,1420,10,,,0,159,,1426,10,,,0,49,,1422,10,,,0,162,,1423,10,,,0,238,,1424,10,,,0
100,'5257',1730,,1428,10,,,0,212,,1431,10,,,0,197,,1429,10,,,0,269,,1430,10,,,0
100,'5258',1524,,1432,10,,,0
100,'5259',1524,,1433,10,,,0
100,'5260',1730,,1434,10,,,0,212,,1438,10,,,0,197,,1435,10,,,0,269,,1436,10,,,0,124,,1437,10,0,5 6,0
100,'5261',1524,,1439,10,,,0
100,'5262',1524,,1440,10,,,0
