200,'4623',1835,,824,6,,,0,471,,825,6,,,0,205,,826,6,0,5 6,0
200,'4822',758,,457,6,,,0,100,,458,6,,,0,101,,456,6,,,0,146,,447,6,,,0,101,,451,6,,,0,100,,449,6,,,0,101,,454,6,,,0,100,,448,6,,,0,100,,453,6,,,0,100,,459,6,,,0,99,,450,6,,,0,100,,455,6,,,0,99,,452,6,,,0,105,,462,6,,,0,99,,461,6,,,0,104,,460,6,,,0
200,'4826',732,,475,6,,,0,172,,469,6,,,0,101,,471,6,,,0,100,,470,6,,,0,101,,472,6,,,0,100,,473,6,,,0,101,,474,6,,,0,100,,463,6,,,0,100,,464,6,,,0,100,,480,6,,,0,99,,465,6,,,0,100,,466,6,,,0,99,,467,6,,,0,100,,468,6,,,0,100,,477,6,,,0,98,,476,6,,,0,114,,478,6,,,0,99,,479,6,,,0
200,'4965',619,,484,6,,,0,109,,158,6,,,0,27,,498,6,,,0,67,,485,6,,,0,18,,486,6,,,0,108,,160,6,,,0,110,,488,6,,,0,146,,487,6,,,0,106,,489,6,,,0,105,,490,6,,,0,100,,493,6,,,0,87,,494,6,,,0,34,,492,6,,,0,74,,499,6,,,0,35,,491,6,,,0,199,,495,6,,,0,109,,496,6,,,0,103,,497,6,,,0
200,'4967',1835,,481,6,,,0,471,,482,6,,,0,205,,483,6,0,5 6,0
200,'5014',619,,827,6,,,0,109,,828,6,,,0,27,,841,6,,,0,67,,829,6,,,0,18,,831,6,,,0,108,,830,6,,,0,110,,833,6,,,0,146,,832,6,,,0,106,,834,6,,,0,205,,836,6,,,0,87,,837,6,,,0,34,,835,6,,,0,74,,842,6,,,0,234,,838,6,,,0,109,,839,6,,,0,103,,840,6,,,0
200,'5222',1835,,843,6,,,0,471,,844,6,,,0
200,'5227',732,,857,6,,,0,172,,851,6,,,0,101,,853,6,,,0,100,,852,6,,,0,101,,854,6,,,0,100,,855,6,,,0,101,,856,6,,,0,100,,845,6,,,0,100,,846,6,,,0,100,,862,6,,,0,99,,847,6,,,0,100,,848,6,,,0,99,,849,6,,,0,100,,850,6,,,0,100,,859,6,,,0,98,,858,6,,,0,114,,860,6,,,0,99,,861,6,,,0
200,'5228',758,,873,6,,,0,100,,874,6,,,0,101,,872,6,,,0,146,,863,6,,,0,101,,867,6,,,0,100,,865,6,,,0,101,,870,6,,,0,100,,864,6,,,0,100,,869,6,,,0,100,,875,6,,,0,99,,866,6,,,0,100,,871,6,,,0,99,,868,6,,,0,105,,878,6,,,0,99,,877,6,,,0,104,,876,6,,,0
200,'5254',1835,,500,6,,,0,471,,501,6,,,0
200,'5256',619,,879,6,,,0,109,,880,6,,,0,27,,893,6,,,0,67,,881,6,,,0,18,,883,6,,,0,108,,882,6,,,0,110,,885,6,,,0,146,,884,6,,,0,106,,886,6,,,0,205,,888,6,,,0,87,,889,6,,,0,34,,887,6,,,0,74,,894,6,,,0,234,,890,6,,,0,109,,891,6,,,0,103,,892,6,,,0
200,'5257',1835,,895,6,,,0,471,,896,6,,,0
200,'5258',1415,,897,6,,,0,330,,898,6,,,0
200,'5259',1415,,899,6,,,0,330,,900,6,,,0
200,'5260',1835,,901,6,,,0,471,,902,6,,,0,205,,903,6,0,5 6,0
200,'5261',1415,,904,6,,,0,330,,905,6,,,0
200,'5262',1415,,906,6,,,0,330,,907,6,,,0
900,'4965',748,,621,5,,,0,105,,623,5,,,0,100,,622,5,,,0,100,,625,5,,,0,160,,624,5,,,0,40,,627,5,,,0,100,,626,5,,,0,100,,628,5,,,0,165,,630,5,,,0,100,,629,5,,,0,90,,631,5,,,0,106,,632,5,,,0,113,,633,5,,,0
900,'5014',748,,1320,5,,,0,105,,1322,5,,,0,100,,1321,5,,,0,100,,1324,5,,,0,160,,1323,5,,,0,40,,1326,5,,,0,100,,1325,5,,,0,100,,1327,5,,,0,165,,1329,5,,,0,100,,1328,5,,,0,90,,1330,5,,,0,106,,1331,5,,,0,113,,1332,5,,,0
900,'5256',748,,1333,5,,,0,105,,1335,5,,,0,100,,1334,5,,,0,100,,1337,5,,,0,160,,1336,5,,,0,40,,1339,5,,,0,100,,1338,5,,,0,100,,1340,5,,,0,165,,1342,5,,,0,100,,1341,5,,,0,90,,1343,5,,,0,106,,1344,5,,,0,113,,1345,5,,,0
