101,'4623',1716,,1441,33,,,0,212,,1445,33,,,0,197,,1442,33,,,0,229,,1443,33,,,0,164,,1444,10,,,0
101,'4822',806,,399,33,,,0,107,,401,33,,,0,100,,397,33,,,0,100,,389,33,,,0,102,,393,33,,,0,100,,391,33,,,0,100,,395,33,,,0,100,,390,33,,,0,100,,394,33,,,0,100,,400,33,,,0,99,,392,33,,,0,109,,396,33,,,0,99,,398,33,,,0,100,,402,33,,,0,105,,403,33,,,0
101,'4826',710,,415,33,,,0,100,,410,33,,,0,102,,411,33,,,0,100,,412,33,,,0,100,,413,33,,,0,101,,414,33,,,0,102,,404,33,,,0,100,,408,33,,,0,100,,407,33,,,0,100,,406,33,,,0,100,,421,33,,,0,99,,405,33,,,0,109,,409,33,,,0,99,,416,33,,,0,104,,419,33,,,0,110,,417,33,,,0,114,,418,33,,,0,94,,420,33,,,0
101,'4965',611,,94,3,,,0,91,,428,33,,,0,25,,439,33,,,0,81,,429,33,,,0,111,,430,33,,,0,99,,431,33,,,0,101,,99,33,,,0,110,,100,33,,,0,110,,101,33,,,0,70,,432,33,,,0,97,,435,13,,,0,3,,433,33,,,0,40,,441,33,,,0,88,,434,33,,,0,119,,440,33,,,0,89,,436,33,,,0,162,,437,33,,,0,238,,438,33,,,0
101,'4967',1716,,422,33,,,0,212,,427,33,,,0,197,,424,33,,,0,229,,425,33,,,0,164,,426,10,,,0
101,'5014',611,,1446,3,,,0,91,,1447,33,,,0,25,,1459,33,,,0,81,,1448,33,,,0,111,,1449,33,,,0,99,,1450,33,,,0,101,,1451,33,,,0,110,,1452,33,,,0,110,,1453,33,,,0,70,,1454,33,,,0,140,,1461,33,,,0,88,,1455,33,,,0,119,,1460,33,,,0,89,,1456,33,,,0,162,,1457,33,,,0,238,,1458,33,,,0
101,'5222',1716,,1462,33,,,0,212,,1465,33,,,0,197,,1463,33,,,0,229,,1464,33,,,0
101,'5227',710,,771,33,,,0,100,,766,33,,,0,102,,767,33,,,0,100,,768,33,,,0,100,,769,33,,,0,101,,770,33,,,0,102,,760,33,,,0,100,,764,33,,,0,100,,763,33,,,0,100,,1467,33,,,0,100,,1474,33,,,0,99,,1466,33,,,0,109,,1468,33,,,0,99,,1469,33,,,0,104,,1471,33,,,0,110,,1470,33,,,0,114,,1472,33,,,0,94,,1473,33,,,0
101,'5228',806,,1478,33,,,0,107,,1479,33,,,0,100,,786,33,,,0,100,,1475,33,,,0,102,,1476,33,,,0,100,,780,33,,,0,100,,1477,33,,,0,100,,779,33,,,0,100,,783,33,,,0,100,,789,33,,,0,99,,781,33,,,0,109,,785,33,,,0,99,,787,33,,,0,100,,791,33,,,0,105,,792,33,,,0
101,'5254',1716,,442,33,,,0,212,,446,33,,,0,197,,444,33,,,0,229,,445,33,,,0
101,'5256',611,,1480,3,,,0,91,,1481,33,,,0,25,,1495,33,,,0,81,,1482,33,,,0,111,,1483,33,,,0,99,,1484,33,,,0,101,,1485,33,,,0,110,,1486,33,,,0,110,,1487,33,,,0,70,,1488,33,,,0,97,,1491,13,,,0,43,,1497,33,,,0,88,,1489,33,,,0,119,,1496,33,,,0,89,,1492,33,,,0,162,,1493,33,,,0,238,,1494,33,,,0
101,'5257',1716,,1498,33,,,0,212,,1501,33,,,0,197,,1499,33,,,0,229,,1500,33,,,0
101,'5258',1509,,1502,33,,,0
101,'5259',1509,,1503,33,,,0
101,'5260',1716,,1504,33,,,0,212,,1508,33,,,0,197,,1505,33,,,0,229,,1506,33,,,0,164,,1507,10,,,0
101,'5261',1509,,1509,33,,,0
101,'5262',1509,,1510,33,,,0
