201,'4623',1817,,908,21,,,0,427,,909,21,,,0,204,,910,21,,,0
201,'4822',739,,512,21,,,0,100,,513,21,,,0,101,,511,21,,,0,105,,504,21,,,0,101,,505,21,,,0,100,,503,21,,,0,101,,507,21,,,0,100,,502,21,,,0,100,,508,21,,,0,100,,514,21,,,0,99,,509,21,,,0,100,,510,21,,,0,99,,506,21,,,0,105,,516,21,,,0,99,,517,21,,,0,105,,515,21,,,0
201,'4826',717,,530,21,,,0,127,,524,21,,,0,101,,525,21,,,0,100,,526,21,,,0,101,,527,21,,,0,100,,528,21,,,0,101,,529,21,,,0,100,,518,21,,,0,100,,519,21,,,0,100,,535,21,,,0,99,,520,21,,,0,100,,521,21,,,0,99,,522,21,,,0,100,,523,21,,,0,100,,533,21,,,0,99,,531,21,,,0,114,,532,21,,,0,99,,534,21,,,0
201,'4965',706,,215,21,,,0,31,,553,21,,,0,67,,540,21,,,0,18,,541,21,,,0,108,,218,21,,,0,110,,543,21,,,0,106,,542,21,,,0,106,,544,21,,,0,105,,545,21,,,0,100,,546,21,,,0,87,,549,21,,,0,74,,548,21,,,0,34,,554,21,,,0,75,,547,21,,,0,199,,550,21,,,0,105,,551,21,,,0,103,,552,21,,,0
201,'4967',1817,,536,21,,,0,427,,537,21,,,0,204,,538,21,,,0
201,'5014',706,,912,21,,,0,31,,925,21,,,0,67,,913,21,,,0,18,,914,21,,,0,108,,915,21,,,0,110,,917,21,,,0,106,,916,21,,,0,106,,918,21,,,0,205,,919,21,,,0,87,,921,21,,,0,74,,920,21,,,0,34,,926,21,,,0,274,,922,21,,,0,105,,923,21,,,0,103,,924,21,,,0
201,'5222',1817,,927,21,,,0,427,,928,21,,,0
201,'5227',717,,941,21,,,0,127,,935,21,,,0,101,,936,21,,,0,100,,937,21,,,0,101,,938,21,,,0,100,,939,21,,,0,101,,940,21,,,0,100,,929,21,,,0,100,,930,21,,,0,100,,946,21,,,0,99,,931,21,,,0,100,,932,21,,,0,99,,933,21,,,0,100,,934,21,,,0,100,,944,21,,,0,99,,942,21,,,0,114,,943,21,,,0,99,,945,21,,,0
201,'5228',739,,957,21,,,0,100,,958,21,,,0,101,,956,21,,,0,105,,949,21,,,0,101,,950,21,,,0,100,,948,21,,,0,101,,952,21,,,0,100,,947,21,,,0,100,,953,21,,,0,100,,959,21,,,0,99,,954,21,,,0,100,,955,21,,,0,99,,951,21,,,0,105,,961,21,,,0,99,,962,21,,,0,105,,960,21,,,0
201,'5254',1817,,555,21,,,0,427,,556,21,,,0
201,'5256',706,,964,21,,,0,31,,977,21,,,0,67,,965,21,,,0,18,,966,21,,,0,108,,967,21,,,0,110,,969,21,,,0,106,,968,21,,,0,106,,970,21,,,0,205,,971,21,,,0,87,,973,21,,,0,74,,972,21,,,0,34,,978,21,,,0,274,,974,21,,,0,105,,975,21,,,0,103,,976,21,,,0
201,'5257',1817,,979,21,,,0,427,,980,21,,,0
201,'5258',1357,,981,21,,,0,370,,982,21,,,0
201,'5259',1357,,983,21,,,0,370,,984,21,,,0
201,'5260',1817,,985,21,,,0,427,,986,21,,,0,204,,987,21,,,0
201,'5261',1357,,988,21,,,0,370,,989,21,,,0
201,'5262',1357,,990,21,,,0,370,,991,21,,,0
901,'4965',734,,634,21,,,0,104,,635,21,,,0,101,,636,21,,,0,100,,637,21,,,0,101,,638,21,,,0,98,,639,21,,,0,100,,640,21,,,0,99,,641,21,,,0,164,,642,21,,,0,100,,643,21,,,0,52,,644,21,,,0,147,,645,21,,,0,113,,646,21,,,0
901,'5014',734,,1346,21,,,0,104,,1347,21,,,0,101,,1348,21,,,0,100,,1349,21,,,0,101,,1350,21,,,0,98,,1351,21,,,0,100,,1352,21,,,0,99,,1353,21,,,0,164,,1354,21,,,0,100,,1355,21,,,0,52,,1356,21,,,0,147,,1357,21,,,0,113,,1358,21,,,0
901,'5256',734,,1359,21,,,0,104,,1360,21,,,0,101,,1361,21,,,0,100,,1362,21,,,0,101,,1363,21,,,0,98,,1364,21,,,0,100,,1365,21,,,0,99,,1366,21,,,0,164,,1367,21,,,0,100,,1368,21,,,0,52,,1369,21,,,0,147,,1370,21,,,0,113,,1371,21,,,0
