100,'4480',627,,1411,15,,,0,93,,1412,15,,,0,25,,1425,15,,,0,81,,1413,15,,,0,110,,1414,15,,,0,99,,1415,15,,,0,101,,1416,14,,,0,110,,1418,15,,,0,110,,1417,15,,,0,70,,1419,15,,,0,97,,1421,15,,,0,84,,1427,15,,,0,47,,1420,15,,,0,159,,1426,15,,,0,89,,1422,15,,,0,122,,1423,15,,,0,278,,1424,15,,,0
100,'4623',1733,,1372,15,,,0,212,,1376,15,,,0,197,,1373,15,,,0,269,,1374,15,,,0,123,,1375,15,4,,0
100,'4661',1733,,1428,15,,,0,212,,1431,15,,,0,197,,1429,15,,,0,269,,1430,15,,,0
100,'4663',1733,,1434,15,,,0,212,,1438,15,,,0,197,,1435,15,,,0,269,,1436,15,,,0,123,,1437,15,4,,0
100,'4822',822,,343,15,,,0,107,,344,15,,,0,101,,341,15,,,0,100,,333,15,,,0,102,,339,15,,,0,100,,334,15,,,0,100,,340,15,,,0,100,,335,15,,,0,100,,337,15,,,0,100,,345,15,,,0,99,,336,15,,,0,109,,338,15,,,0,99,,342,15,,,0,99,,347,15,,,0,105,,346,15,,,0
100,'5014',627,,1377,15,,,0,93,,1378,15,,,0,25,,1390,15,,,0,81,,1379,15,,,0,110,,1380,15,,,0,99,,1381,15,,,0,101,,1382,14,,,0,110,,1384,15,,,0,110,,1383,15,,,0,70,,1385,15,,,0,181,,1392,15,,,0,47,,1386,15,,,0,159,,1391,15,,,0,89,,1387,15,,,0,122,,1388,15,,,0,278,,1389,15,,,0
100,'5222',1733,,1393,15,,,0,212,,1396,15,,,0,197,,1394,15,,,0,269,,1395,15,,,0
100,'5227',726,,679,15,,,0,100,,674,15,,,0,102,,675,15,,,0,101,,676,15,,,0,100,,677,15,,,0,101,,678,15,,,0,102,,672,15,,,0,100,,673,15,,,0,100,,684,15,,,0,100,,1401,15,,,0,100,,1405,15,,,0,99,,1402,15,,,0,109,,1403,15,,,0,99,,1404,15,,,0,103,,1398,15,,,0,110,,1400,15,,,0,154,,1397,15,,,0,94,,1399,15,4,,0
100,'5228',822,,1410,15,,,0,107,,1409,15,,,0,101,,698,15,,,0,100,,1406,15,,,0,102,,1407,15,,,0,100,,691,15,,,0,100,,1408,15,,,0,100,,692,15,,,0,100,,694,15,,,0,100,,702,15,,,0,99,,693,15,,,0,109,,695,15,,,0,99,,699,15,,,0,99,,704,15,,,0,105,,703,15,,,0
100,'5258',1527,,1432,15,,,0
100,'5259',1527,,1433,15,,,0
100,'5261',1527,,1439,15,,,0
100,'5262',1527,,1440,15,,,0
200,'4480',622,,1546,10,,,0,109,,1547,10,,,0,27,,1560,10,,,0,67,,1548,10,,,0,18,,1550,10,,,0,108,,1549,10,,,0,150,,1552,10,,,0,106,,1551,10,,,0,106,,1553,10,,,0,205,,1555,10,,,0,87,,1556,10,,,0,34,,1554,10,,,0,74,,1561,10,,,0,234,,1557,10,,,0,109,,1558,10,,,0,103,,1559,10,,,0
200,'4623',1838,,1511,10,,,0,471,,1512,10,,,0
200,'4661',1838,,1562,10,,,0,471,,1563,10,,,0
200,'4663',1838,,1568,10,,,0,471,,1569,10,,,0
200,'4822',800,,457,10,,,0,100,,458,10,,,0,101,,456,10,,,0,106,,447,10,,,0,101,,451,10,,,0,100,,449,10,,,0,101,,454,10,,,0,100,,448,10,,,0,100,,453,10,,,0,100,,459,10,,,0,99,,450,10,,,0,100,,455,10,,,0,99,,452,10,,,0,105,,462,10,,,0,99,,461,10,,,0,104,,460,10,,,0
200,'5014',622,,1514,10,,,0,109,,1515,10,,,0,27,,1528,10,,,0,67,,1516,10,,,0,18,,1518,10,,,0,108,,1517,10,,,0,150,,1520,10,,,0,106,,1519,10,,,0,106,,1521,10,,,0,205,,1523,10,,,0,87,,1524,10,,,0,34,,1522,10,,,0,74,,1529,10,,,0,234,,1525,10,,,0,109,,1526,10,,,0,103,,1527,10,,,0
200,'5222',1838,,1530,10,,,0,471,,1531,10,,,0
200,'5227',734,,857,10,,,0,172,,851,10,,,0,101,,853,10,,,0,100,,852,10,,,0,101,,854,10,,,0,100,,855,10,,,0,101,,856,10,,,0,100,,845,10,,,0,100,,846,10,,,0,100,,1540,10,,,0,99,,1532,10,,,0,100,,1533,10,,,0,99,,1534,10,,,0,100,,1535,10,,,0,100,,1537,10,,,0,98,,1536,10,,,0,114,,1538,10,,,0,99,,1539,10,4,,0
200,'5228',800,,873,10,,,0,100,,874,10,,,0,101,,1545,10,,,0,106,,1541,10,,,0,101,,867,10,,,0,100,,1542,10,,,0,101,,1544,10,,,0,100,,864,10,,,0,100,,1543,10,,,0,100,,875,10,,,0,99,,866,10,,,0,100,,871,10,,,0,99,,868,10,,,0,105,,878,10,,,0,99,,877,10,,,0,104,,876,10,,,0
200,'5258',1418,,1564,10,,,0,330,,1565,10,,,0
200,'5259',1418,,1566,10,,,0,330,,1567,10,,,0
200,'5261',1418,,1571,10,,,0,330,,1572,10,,,0
200,'5262',1418,,1573,10,,,0,330,,1574,10,,,0
400,'4480',739,,1713,9,,,0,80,,1714,9,,,0,37,,1715,9,,,0,599,,1716,9,,,0,97,,1718,9,,,0,160,,1717,9,,,0
400,'4623',1632,,1706,9,,,0
400,'4661',1632,,1719,9,,,0
400,'4663',1632,,1720,9,,,0
400,'5014',739,,1707,9,,,0,80,,1708,9,,,0,37,,1709,9,,,0,599,,1710,9,,,0,257,,1711,9,,,0
400,'5222',1632,,1712,9,,,0
901,'4480',739,,1990,27,,,0,104,,1991,27,,,0,101,,1992,27,,,0,100,,1993,27,,,0,101,,1994,27,,,0,98,,1995,27,,,0,100,,1996,27,,,0,100,,1997,27,,,0,164,,1998,27,,,0,100,,1999,27,,,0,51,,2000,27,,,0,147,,2001,27,,,0,113,,2002,27,,,0
901,'5014',739,,1977,27,,,0,104,,1978,27,,,0,101,,1979,27,,,0,100,,1980,27,,,0,101,,1981,27,,,0,98,,1982,27,,,0,100,,1983,27,,,0,100,,1984,27,,,0,164,,1985,27,,,0,100,,1986,27,,,0,51,,1987,27,,,0,147,,1988,27,,,0,113,,1989,27,,,0
