301,'4623',2214,,1639,11,0,9,0
301,'4822',729,,568,11,0,9,0,175,,566,11,0,9,0,100,,558,11,0,9,0,106,,561,11,0,9,0,100,,557,11,0,9,0,100,,559,11,0,9,0,100,,562,11,0,9,0,100,,560,11,0,9,0,100,,563,11,0,9,0,100,,565,11,0,9,0,100,,564,11,0,9,0,100,,567,11,0,9,0,104,,569,11,0,9,0,100,,570,11,0,9,0
301,'4826',649,,585,11,0,9,0,160,,578,11,0,9,0,100,,579,11,0,9,0,100,,583,11,0,9,0,101,,580,11,0,9,0,100,,581,11,0,9,0,100,,584,11,0,9,0,100,,575,11,0,9,0,100,,574,11,0,9,0,100,,576,11,0,9,0,100,,572,11,0,9,0,100,,577,11,0,9,0,100,,571,11,0,9,0,99,,573,11,0,9,0,100,,582,11,0,9,0,100,,586,11,0,9,0,115,,587,11,0,9,0
301,'4965',624,,589,11,0,9,0,30,,590,11,0,9,0,70,,591,11,0,9,0,78,,593,11,0,9,0,25,,592,11,0,9,0,102,,595,11,0,9,0,80,,594,11,0,9,0,101,,597,11,0,9,0,90,,596,11,0,9,0,50,,601,11,0,9,0,100,,599,11,0,9,0,80,,598,11,0,9,0,74,,600,11,0,9,0,32,,604,11,0,9,0,69,,608,11,0,9,0,35,,603,11,0,9,0,75,,605,11,0,9,0,85,,602,11,0,9,0,45,,606,11,0,9,0,95,,607,11,0,9,0,119,,609,11,0,9,0,271,,610,11,0,9,0
301,'4967',2214,,588,11,0,9,0
301,'5014',624,,1640,11,0,9,0,30,,1641,11,0,9,0,70,,1642,11,0,9,0,78,,1644,11,0,9,0,25,,1643,11,0,9,0,102,,1646,11,0,9,0,80,,1645,11,0,9,0,101,,1648,11,0,9,0,90,,1647,11,0,9,0,50,,1652,11,0,9,0,100,,1650,11,0,9,0,80,,1649,11,0,9,0,74,,1651,11,0,9,0,32,,1654,11,0,9,0,179,,1655,11,0,9,0,85,,1653,11,0,9,0,45,,1656,11,0,9,0,95,,1657,11,0,9,0,119,,1658,11,0,9,0,271,,1659,11,0,9,0
301,'5222',2214,,1660,11,0,9,0
301,'5227',649,,1029,11,0,9,0,160,,1022,11,0,9,0,100,,1023,11,0,9,0,100,,1026,11,0,9,0,101,,1024,11,0,9,0,100,,1021,11,0,9,0,100,,1667,11,0,9,0,100,,1018,11,0,9,0,100,,1017,11,0,9,0,100,,1664,11,0,9,0,100,,1662,11,0,9,0,100,,1665,11,0,9,0,100,,1661,11,0,9,0,99,,1663,11,0,9,0,100,,1666,11,0,9,0,100,,1669,11,0,9,0,115,,1668,11,0,9,0
301,'5228',729,,1675,11,0,9,0,175,,1674,11,0,9,0,100,,1671,11,0,9,0,106,,1035,11,0,9,0,100,,1670,11,0,9,0,100,,1672,11,0,9,0,100,,1036,11,0,9,0,100,,1673,11,0,9,0,100,,1037,11,0,9,0,100,,1039,11,0,9,0,100,,1038,11,0,9,0,100,,1041,11,0,9,0,104,,1043,11,0,9,0,100,,1044,11,0,9,0
301,'5254',2214,,611,11,0,9,0
301,'5256',624,,1676,11,0,9,0,30,,1677,11,0,9,0,70,,1678,11,0,9,0,78,,1680,11,0,9,0,25,,1679,11,0,9,0,102,,1682,11,0,9,0,80,,1681,11,0,9,0,101,,1684,11,0,9,0,90,,1683,11,0,9,0,50,,1688,11,0,9,0,100,,1686,11,0,9,0,80,,1685,11,0,9,0,74,,1687,11,0,9,0,32,,1690,11,0,9,0,179,,1691,11,0,9,0,85,,1689,11,0,9,0,45,,1692,11,0,9,0,95,,1693,11,0,9,0,119,,1694,11,0,9,0,271,,1695,11,0,9,0
301,'5257',2214,,1696,11,0,9,0
301,'5258',1605,,1698,11,0,9,0,35,,1697,11,0,9,0
301,'5259',1605,,1700,11,0,9,0,35,,1699,11,0,9,0
301,'5260',2214,,1701,11,0,9,0
301,'5261',1605,,1703,11,0,9,0,35,,1702,11,0,9,0
301,'5262',1605,,1705,11,0,9,0,35,,1704,11,0,9,0
