101,'4480',650,,1481,16,,,0,64,,1495,16,,,0,40,,1482,16,,,0,152,,1483,16,,,0,99,,1484,16,,,0,101,,1485,16,,,0,109,,1486,16,,,0,110,,1487,16,,,0,30,,1488,16,,,0,169,,1490,16,0,5 6,0,9,,1497,16,,,0,88,,1489,16,,,0,120,,1496,16,,,0,89,,1492,16,,,0,124,,1493,16,,,0,279,,1494,16,,,0
101,'4661',1701,,1498,16,,,0,214,,1501,16,,,0,198,,1499,16,,,0,229,,1500,16,,,0
101,'4663',1701,,1504,16,,,0,214,,1508,16,,,0,198,,1505,16,,,0,229,,1506,16,,,0
101,'5173',1455,,1502,16,,,0
101,'5259',1455,,1503,16,,,0
201,'4480',702,,1611,16,,,0,31,,1624,16,,,0,67,,1612,16,,,0,18,,1613,16,,,0,107,,1614,16,,,0,110,,1616,16,,,0,105,,1615,16,,,0,106,,1617,16,,,0,205,,1618,16,,,0,86,,1620,16,,,0,74,,1619,16,,,0,35,,1625,16,,,0,274,,1621,16,,,0,105,,1622,16,,,0,104,,1623,16,,,0
201,'4661',1811,,1626,16,,,0,428,,1627,16,,,0
201,'4663',1811,,1632,16,,,0,428,,1633,16,,,0,205,,1634,16,,,0
201,'5173',1351,,1628,16,,,0,370,,1629,16,,,0
201,'5259',1351,,1630,16,,,0,370,,1631,16,,,0
901,'4480',729,,1990,16,,,0,103,,1991,16,,,0,102,,1992,16,,,0,100,,1993,16,,,0,101,,1994,16,,,0,98,,1995,16,,,0,100,,1996,16,,,0,99,,1997,16,,,0,124,,1998,16,,,0,100,,1999,16,,,0,92,,2000,16,,,0,107,,2001,16,,,0,154,,2002,16,,,0
