201,'4480',607,,1610,5,,,0,105,,1611,27,,,0,31,,1624,27,,,0,67,,1612,27,,,0,18,,1613,27,,,0,108,,1614,27,,,0,110,,1616,27,,,0,106,,1615,27,,,0,106,,1617,27,,,0,245,,1618,27,,,0,47,,1620,27,,,0,74,,1619,27,,,0,34,,1625,27,,,0,274,,1621,27,,,0,105,,1622,27,,,0,103,,1623,27,,,0
201,'4532',723,,941,27,,,0,127,,935,27,,,0,101,,936,27,,,0,100,,937,27,,,0,101,,938,27,,,0,100,,939,27,,,0,101,,940,27,,,0,100,,929,27,,,0,100,,930,27,,,0,100,,1604,27,,,0,99,,1596,27,,,0,100,,1597,27,,,0,99,,1598,27,,,0,100,,1599,27,,,0,100,,1602,27,,,0,99,,1600,27,,,0,154,,1601,27,,,0,99,,1603,27,,,0
201,'4623',1823,,1575,27,,,0,427,,1576,27,,,0,204,,1577,27,,,0
201,'4661',1823,,1626,27,,,0,427,,1627,27,,,0
201,'4663',1823,,1632,27,,,0,427,,1633,27,,,0,204,,1634,27,,,0
201,'5014',607,,1578,5,,,0,105,,1579,27,,,0,31,,1592,27,,,0,67,,1580,27,,,0,18,,1581,27,,,0,108,,1582,27,,,0,110,,1584,27,,,0,106,,1583,27,,,0,106,,1585,27,,,0,245,,1586,27,,,0,47,,1588,27,,,0,74,,1587,27,,,0,34,,1593,27,,,0,274,,1589,27,,,0,105,,1590,27,,,0,103,,1591,27,,,0
201,'5222',1823,,1594,27,,,0,427,,1595,27,,,0
201,'5228',745,,957,27,,,0,100,,958,27,,,0,101,,1609,27,,,0,105,,1606,27,,,0,101,,950,27,,,0,100,,1605,27,,,0,101,,1607,27,,,0,100,,947,27,,,0,100,,1608,27,,,0,100,,959,27,,,0,99,,954,27,,,0,100,,955,27,,,0,99,,951,27,,,0,105,,961,27,,,0,99,,962,27,,,0,145,,960,27,,,0
201,'5258',1403,,1628,27,,,0,330,,1629,27,,,0
201,'5259',1403,,1630,27,,,0,330,,1631,27,,,0
201,'5261',1403,,1635,27,,,0,330,,1636,27,,,0
201,'5262',1403,,1637,27,,,0,330,,1638,27,,,0
