301,'4623',2218,,1639,18,,,0
301,'4822',733,,568,18,,,0,176,,566,18,,,0,100,,558,18,,,0,106,,561,18,,,0,100,,557,18,,,0,100,,559,18,,,0,100,,562,18,,,0,100,,560,18,,,0,100,,563,18,,,0,100,,565,18,,,0,99,,564,18,,,0,100,,567,18,,,0,104,,569,18,,,0,100,,570,18,,,0
301,'4826',653,,585,18,,,0,161,,578,18,,,0,100,,579,18,,,0,100,,583,18,,,0,101,,580,18,,,0,100,,581,18,,,0,100,,584,18,,,0,100,,575,18,,,0,100,,574,18,,,0,100,,576,18,,,0,100,,572,18,,,0,99,,577,18,,,0,100,,571,18,,,0,99,,573,18,,,0,100,,582,18,,,0,100,,586,18,,,0,115,,587,18,,,0
301,'4965',628,,589,18,,,0,30,,590,18,,,0,70,,591,18,,,0,79,,593,18,,,0,26,,592,18,,,0,101,,595,18,,,0,80,,594,18,,,0,101,,597,18,,,0,90,,596,18,,,0,50,,601,18,,,0,100,,599,18,,,0,80,,598,18,,,0,75,,600,18,,,0,32,,604,18,,,0,68,,608,18,,,0,35,,603,18,,,0,75,,605,18,,,0,85,,602,18,,,0,44,,606,18,,,0,95,,607,18,,,0,159,,609,18,,,0,231,,610,18,,,0
301,'4967',2218,,588,18,,,0
301,'5014',628,,1640,18,,,0,30,,1641,18,,,0,70,,1642,18,,,0,79,,1644,18,,,0,26,,1643,18,,,0,101,,1646,18,,,0,80,,1645,18,,,0,101,,1648,18,,,0,90,,1647,18,,,0,50,,1652,18,,,0,100,,1650,18,,,0,80,,1649,18,,,0,75,,1651,18,,,0,32,,1654,18,,,0,178,,1655,18,,,0,85,,1653,18,,,0,44,,1656,18,,,0,95,,1657,18,,,0,159,,1658,18,,,0,231,,1659,18,,,0
301,'5222',2218,,1660,18,,,0
301,'5227',653,,1029,18,,,0,161,,1022,18,,,0,100,,1023,18,,,0,100,,1026,18,,,0,101,,1024,18,,,0,100,,1021,18,,,0,100,,1667,18,,,0,100,,1018,18,,,0,100,,1017,18,,,0,100,,1664,18,,,0,100,,1662,18,,,0,99,,1665,18,,,0,100,,1661,18,,,0,99,,1663,18,,,0,100,,1666,18,,,0,100,,1669,18,,,0,115,,1668,18,,,0
301,'5228',733,,1675,18,,,0,176,,1674,18,,,0,100,,1671,18,,,0,106,,1035,18,,,0,100,,1670,18,,,0,100,,1672,18,,,0,100,,1036,18,,,0,100,,1673,18,,,0,100,,1037,18,,,0,100,,1039,18,,,0,99,,1038,18,,,0,100,,1041,18,,,0,104,,1043,18,,,0,100,,1044,18,,,0
301,'5254',2218,,611,18,,,0
301,'5256',628,,1676,18,,,0,30,,1677,18,,,0,70,,1678,18,,,0,79,,1680,18,,,0,26,,1679,18,,,0,101,,1682,18,,,0,80,,1681,18,,,0,101,,1684,18,,,0,90,,1683,18,,,0,50,,1688,18,,,0,100,,1686,18,,,0,80,,1685,18,,,0,75,,1687,18,,,0,32,,1690,18,,,0,178,,1691,18,,,0,85,,1689,18,,,0,44,,1692,18,,,0,95,,1693,18,,,0,159,,1694,18,,,0,231,,1695,18,,,0
301,'5257',2218,,1696,18,,,0
301,'5258',1610,,1698,18,,,0,35,,1697,18,,,0
301,'5259',1610,,1700,18,,,0,35,,1699,18,,,0
301,'5260',2218,,1701,18,,,0
301,'5261',1610,,1703,18,,,0,35,,1702,18,,,0
301,'5262',1610,,1705,18,,,0,35,,1704,18,,,0
