100,'4623',1725,,647,5,,,0,212,,651,5,,,0,197,,648,5,,,0,269,,649,5,,,0,124,,650,5,0,5 6,0
100,'4822',814,,343,5,,,0,107,,344,5,,,0,101,,341,5,,,0,100,,333,5,,,0,102,,339,5,,,0,100,,334,5,,,0,100,,340,5,,,0,100,,335,5,,,0,100,,337,5,,,0,100,,345,5,,,0,99,,336,5,,,0,109,,338,5,,,0,99,,342,5,,,0,100,,347,5,,,0,105,,346,5,,,0
100,'4826',718,,355,5,,,0,100,,350,5,,,0,102,,351,5,,,0,101,,352,5,,,0,100,,353,5,,,0,101,,354,5,,,0,102,,348,5,,,0,100,,349,5,,,0,100,,360,5,,,0,100,,361,5,,,0,100,,365,5,,,0,99,,362,5,,,0,109,,363,5,,,0,99,,364,5,,,0,104,,357,5,,,0,110,,359,5,,,0,114,,356,5,,,0,94,,358,5,0,5 6,0
100,'4965',620,,34,5,,,0,92,,371,5,,,0,25,,382,5,,,0,81,,372,5,,,0,110,,373,5,,,0,99,,374,5,,,0,101,,39,4,,,0,110,,41,5,,,0,110,,40,5,,,0,70,,375,5,,,0,97,,377,5,,,0,4,,378,5,,,0,40,,384,5,,,0,87,,376,5,,,0,159,,383,5,,,0,49,,379,5,,,0,162,,380,5,,,0,238,,381,5,,,0
100,'4967',1725,,366,5,,,0,212,,370,5,,,0,197,,367,5,,,0,269,,368,5,,,0,124,,369,5,0,5 6,0
100,'5014',620,,652,5,,,0,92,,653,5,,,0,25,,665,5,,,0,81,,654,5,,,0,110,,655,5,,,0,99,,656,5,,,0,101,,657,4,,,0,110,,659,5,,,0,110,,658,5,,,0,70,,660,5,,,0,141,,667,5,,,0,87,,661,5,,,0,159,,666,5,,,0,49,,662,5,,,0,162,,663,5,,,0,238,,664,5,,,0
100,'5222',1725,,668,5,,,0,212,,671,5,,,0,197,,669,5,,,0,269,,670,5,,,0
100,'5227',718,,679,5,,,0,100,,674,5,,,0,102,,675,5,,,0,101,,676,5,,,0,100,,677,5,,,0,101,,678,5,,,0,102,,672,5,,,0,100,,673,5,,,0,100,,684,5,,,0,100,,685,5,,,0,100,,689,5,,,0,99,,686,5,,,0,109,,687,5,,,0,99,,688,5,,,0,104,,681,5,,,0,110,,683,5,,,0,114,,680,5,,,0,94,,682,5,0,5 6,0
100,'5228',814,,701,5,,,0,107,,700,5,,,0,101,,698,5,,,0,100,,690,5,,,0,102,,696,5,,,0,100,,691,5,,,0,100,,697,5,,,0,100,,692,5,,,0,100,,694,5,,,0,100,,702,5,,,0,99,,693,5,,,0,109,,695,5,,,0,99,,699,5,,,0,100,,704,5,,,0,105,,703,5,,,0
100,'5254',1725,,385,5,,,0,212,,388,5,,,0,197,,386,5,,,0,269,,387,5,,,0
100,'5256',620,,705,5,,,0,92,,706,5,,,0,25,,719,5,,,0,81,,707,5,,,0,110,,708,5,,,0,99,,709,5,,,0,101,,710,4,,,0,110,,712,5,,,0,110,,711,5,,,0,70,,713,5,,,0,97,,715,5,,,0,44,,721,5,,,0,87,,714,5,,,0,159,,720,5,,,0,49,,716,5,,,0,162,,717,5,,,0,238,,718,5,,,0
100,'5257',1725,,722,5,,,0,212,,725,5,,,0,197,,723,5,,,0,269,,724,5,,,0
100,'5258',1519,,726,5,,,0
100,'5259',1519,,727,5,,,0
100,'5260',1725,,728,5,,,0,212,,732,5,,,0,197,,729,5,,,0,269,,730,5,,,0,124,,731,5,0,5 6,0
100,'5261',1519,,733,5,,,0
100,'5262',1519,,734,5,,,0
