301,'4623',2212,,992,8,0,9,0
301,'4822',727,,568,8,0,9,0,175,,566,8,0,9,0,100,,558,8,0,9,0,106,,561,8,0,9,0,100,,557,8,0,9,0,100,,559,8,0,9,0,100,,562,8,0,9,0,100,,560,8,0,9,0,100,,563,8,0,9,0,100,,565,8,0,9,0,100,,564,8,0,9,0,100,,567,8,0,9,0,104,,569,8,0,9,0,100,,570,8,0,9,0
301,'4826',647,,585,8,0,9,0,160,,578,8,0,9,0,100,,579,8,0,9,0,100,,583,8,0,9,0,101,,580,8,0,9,0,100,,581,8,0,9,0,100,,584,8,0,9,0,100,,575,8,0,9,0,100,,574,8,0,9,0,100,,576,8,0,9,0,100,,572,8,0,9,0,100,,577,8,0,9,0,100,,571,8,0,9,0,99,,573,8,0,9,0,100,,582,8,0,9,0,100,,586,8,0,9,0,115,,587,8,0,9,0
301,'4965',622,,589,8,0,9,0,30,,590,8,0,9,0,70,,591,8,0,9,0,78,,593,8,0,9,0,25,,592,8,0,9,0,102,,595,8,0,9,0,80,,594,8,0,9,0,101,,597,8,0,9,0,50,,596,8,0,9,0,90,,601,8,0,9,0,100,,599,8,0,9,0,80,,598,8,0,9,0,74,,600,8,0,9,0,32,,604,8,0,9,0,69,,608,8,0,9,0,35,,603,8,0,9,0,75,,605,8,0,9,0,45,,602,8,0,9,0,85,,606,8,0,9,0,95,,607,8,0,9,0,119,,609,8,0,9,0,271,,610,8,0,9,0
301,'4967',2212,,588,8,0,9,0
301,'5014',622,,993,8,0,9,0,30,,994,8,0,9,0,70,,995,8,0,9,0,78,,997,8,0,9,0,25,,996,8,0,9,0,102,,999,8,0,9,0,80,,998,8,0,9,0,101,,1001,8,0,9,0,50,,1000,8,0,9,0,90,,1005,8,0,9,0,100,,1003,8,0,9,0,80,,1002,8,0,9,0,74,,1004,8,0,9,0,32,,1007,8,0,9,0,179,,1008,8,0,9,0,45,,1006,8,0,9,0,85,,1009,8,0,9,0,95,,1010,8,0,9,0,119,,1011,8,0,9,0,271,,1012,8,0,9,0
301,'5222',2212,,1013,8,0,9,0
301,'5227',647,,1029,8,0,9,0,160,,1022,8,0,9,0,100,,1023,8,0,9,0,100,,1026,8,0,9,0,101,,1024,8,0,9,0,100,,1021,8,0,9,0,100,,1027,8,0,9,0,100,,1018,8,0,9,0,100,,1017,8,0,9,0,100,,1019,8,0,9,0,100,,1015,8,0,9,0,100,,1020,8,0,9,0,100,,1014,8,0,9,0,99,,1016,8,0,9,0,100,,1025,8,0,9,0,100,,1030,8,0,9,0,115,,1028,8,0,9,0
301,'5228',727,,1042,8,0,9,0,175,,1040,8,0,9,0,100,,1032,8,0,9,0,106,,1035,8,0,9,0,100,,1031,8,0,9,0,100,,1033,8,0,9,0,100,,1036,8,0,9,0,100,,1034,8,0,9,0,100,,1037,8,0,9,0,100,,1039,8,0,9,0,100,,1038,8,0,9,0,100,,1041,8,0,9,0,104,,1043,8,0,9,0,100,,1044,8,0,9,0
301,'5254',2212,,611,8,0,9,0
301,'5256',622,,1045,8,0,9,0,30,,1046,8,0,9,0,70,,1047,8,0,9,0,78,,1049,8,0,9,0,25,,1048,8,0,9,0,102,,1051,8,0,9,0,80,,1050,8,0,9,0,101,,1053,8,0,9,0,50,,1052,8,0,9,0,90,,1057,8,0,9,0,100,,1055,8,0,9,0,80,,1054,8,0,9,0,74,,1056,8,0,9,0,32,,1059,8,0,9,0,179,,1060,8,0,9,0,45,,1058,8,0,9,0,85,,1061,8,0,9,0,95,,1062,8,0,9,0,119,,1063,8,0,9,0,271,,1064,8,0,9,0
301,'5257',2212,,1065,8,0,9,0
301,'5258',1603,,1067,8,0,9,0,35,,1066,8,0,9,0
301,'5259',1603,,1069,8,0,9,0,35,,1068,8,0,9,0
301,'5260',2212,,1070,8,0,9,0
301,'5261',1603,,1072,8,0,9,0,35,,1071,8,0,9,0
301,'5262',1603,,1074,8,0,9,0,35,,1073,8,0,9,0
