201,'4623',1826,,908,32,,,0,431,,909,36,,,0,244,,910,36,,,0
201,'4822',752,,512,36,,,0,100,,513,36,,,0,101,,511,36,,,0,105,,504,36,,,0,101,,505,36,,,0,100,,503,36,,,0,141,,507,36,,,0,100,,502,36,,,0,100,,508,36,,,0,100,,514,36,,,0,59,,509,36,,,0,100,,510,36,,,0,99,,506,36,,,0,145,,516,36,,,0,99,,517,36,,,0,105,,515,36,,,0
201,'4826',726,,530,32,,,0,131,,524,36,,,0,101,,525,36,,,0,100,,526,36,,,0,101,,527,36,,,0,100,,528,36,,,0,141,,529,36,,,0,100,,518,36,,,0,100,,519,36,,,0,100,,535,36,,,0,59,,520,36,,,0,100,,521,36,,,0,99,,522,36,,,0,100,,523,36,,,0,100,,533,36,,,0,99,,531,36,,,0,154,,532,36,,,0,99,,534,36,,,0
201,'4965',610,,539,10,,,0,109,,215,36,,,0,27,,553,32,,,0,67,,540,32,,,0,18,,541,32,,,0,108,,218,32,,,0,110,,543,32,,,0,106,,542,32,,,0,146,,544,32,,,0,105,,545,32,,,0,100,,546,32,,,0,47,,549,32,,,0,74,,548,32,,,0,74,,554,32,,,0,35,,547,32,,,0,199,,550,32,,,0,109,,551,36,,,0,103,,552,36,,,0
201,'4967',1826,,536,32,,,0,431,,537,36,,,0,244,,538,36,,,0
201,'5014',610,,911,10,,,0,109,,912,36,,,0,27,,925,32,,,0,67,,913,32,,,0,18,,914,32,,,0,108,,915,32,,,0,110,,917,32,,,0,106,,916,32,,,0,146,,918,32,,,0,205,,919,32,,,0,47,,921,32,,,0,74,,920,32,,,0,74,,926,32,,,0,234,,922,32,,,0,109,,923,36,,,0,103,,924,36,,,0
201,'5222',1826,,927,32,,,0,431,,928,36,,,0
201,'5227',726,,941,32,,,0,131,,935,36,,,0,101,,936,36,,,0,100,,937,36,,,0,101,,938,36,,,0,100,,939,36,,,0,141,,940,36,,,0,100,,929,36,,,0,100,,930,36,,,0,100,,946,36,,,0,59,,931,36,,,0,100,,932,36,,,0,99,,933,36,,,0,100,,934,36,,,0,100,,944,36,,,0,99,,942,36,,,0,154,,943,36,,,0,99,,945,36,,,0
201,'5228',752,,957,36,,,0,100,,958,36,,,0,101,,956,36,,,0,105,,949,36,,,0,101,,950,36,,,0,100,,948,36,,,0,141,,952,36,,,0,100,,947,36,,,0,100,,953,36,,,0,100,,959,36,,,0,59,,954,36,,,0,100,,955,36,,,0,99,,951,36,,,0,145,,961,36,,,0,99,,962,36,,,0,105,,960,36,,,0
201,'5254',1826,,555,32,,,0,431,,556,36,,,0
201,'5256',610,,963,10,,,0,109,,964,36,,,0,27,,977,32,,,0,67,,965,32,,,0,18,,966,32,,,0,108,,967,32,,,0,110,,969,32,,,0,106,,968,32,,,0,146,,970,32,,,0,205,,971,32,,,0,47,,973,32,,,0,74,,972,32,,,0,74,,978,32,,,0,234,,974,32,,,0,109,,975,36,,,0,103,,976,36,,,0
201,'5257',1826,,979,32,,,0,431,,980,36,,,0
201,'5258',1406,,981,32,,,0,330,,982,32,,,0
201,'5259',1406,,983,32,,,0,330,,984,32,,,0
201,'5260',1826,,985,32,,,0,431,,986,36,,,0,244,,987,36,,,0
201,'5261',1406,,988,32,,,0,330,,989,32,,,0
201,'5262',1406,,990,32,,,0,330,,991,32,,,0
