100,'4528',639,,2003,27,,,0,93,,2004,27,,,0,25,,2016,27,,,0,83,,2005,27,,,0,109,,2006,27,,,0,98,,2007,27,,,0,102,,2008,26,,,0,110,,2010,27,,,0,150,,2009,27,,,0,30,,2011,27,,,0,182,,2018,27,,,0,87,,2012,27,,,0,117,,2017,27,,,0,89,,2013,27,,,0,121,,2014,27,,,0,277,,2015,27,,,0
100,'4532',738,,2026,27,,,0,100,,2021,27,,,0,102,,2022,27,,,0,101,,2023,27,,,0,100,,2024,27,,,0,101,,2025,27,,,0,102,,2019,27,,,0,100,,2020,27,,,0,100,,2031,27,,,0,100,,2032,27,,,0,100,,2036,27,,,0,99,,2033,27,,,0,108,,2034,27,,,0,99,,2035,27,,,0,103,,2028,27,,,0,150,,2030,27,,,0,113,,2027,27,,,0
100,'4623',1747,,2037,27,,,0,210,,2041,27,,,0,196,,2038,27,,,0,268,,2039,27,,,0
100,'5210',834,,2053,27,,,0,107,,2052,27,,,0,101,,2050,27,,,0,100,,2042,27,,,0,102,,2048,27,,,0,100,,2043,27,,,0,100,,2049,27,,,0,100,,2044,27,,,0,100,,2046,27,,,0,100,,2054,27,,,0,99,,2045,27,,,0,108,,2047,27,,,0,99,,2051,27,,,0,99,,2056,27,,,0,105,,2055,27,,,0
100,'5222',1747,,2057,27,,,0,210,,2060,27,,,0,196,,2058,27,,,0,268,,2059,27,,,0
100,'5261',1541,,2061,27,,,0
100,'5262',1541,,2062,27,,,0
200,'4528',636,,2123,24,,,0,109,,2124,24,,,0,67,,2137,24,,,0,28,,2125,24,,,0,18,,2127,24,,,0,147,,2126,24,,,0,110,,2129,24,,,0,107,,2128,24,,,0,106,,2130,24,,,0,205,,2132,24,,,0,87,,2133,24,,,0,34,,2131,24,,,0,74,,2138,24,,,0,274,,2134,24,,,0,109,,2135,24,,,0,101,,2136,24,,,0
200,'4532',749,,2151,24,,,0,172,,2145,24,,,0,102,,2147,24,,,0,100,,2146,24,,,0,101,,2148,24,,,0,100,,2149,24,,,0,101,,2150,24,,,0,100,,2139,24,,,0,100,,2140,24,,,0,100,,2156,24,,,0,99,,2141,24,,,0,100,,2142,24,,,0,98,,2143,24,,,0,100,,2144,24,,,0,100,,2153,24,,,0,97,,2152,24,,,0,114,,2154,24,,,0
200,'4623',1853,,2157,24,,,0,469,,2158,24,,,0
200,'5210',815,,2170,24,,,0,100,,2171,24,,,0,102,,2169,24,,,0,106,,2160,24,,,0,101,,2164,24,,,0,100,,2162,24,,,0,101,,2167,24,,,0,100,,2161,24,,,0,100,,2166,24,,,0,100,,2172,24,,,0,99,,2163,24,,,0,100,,2168,24,,,0,98,,2165,24,,,0,105,,2175,24,,,0,99,,2174,24,,,0,103,,2173,24,,,0
200,'5222',1853,,2176,24,,,0,469,,2177,24,,,0
200,'5261',1433,,2178,24,,,0,370,,2179,24,,,0
200,'5262',1433,,2180,24,,,0,370,,2181,24,,,0
900,'4528',805,,2467,25,,,0,105,,2469,25,,,0,100,,2468,25,,,0,100,,2471,25,,,0,120,,2470,25,,,0,80,,2473,25,,,0,100,,2472,25,,,0,102,,2474,25,,,0,124,,2476,25,,,0,100,,2475,25,,,0,89,,2477,25,,,0,105,,2478,25,,,0,113,,2479,25,,,0
