301,'4623',2216,,1639,15,0,9,0
301,'4822',731,,568,15,0,9,0,176,,566,15,0,9,0,100,,558,15,0,9,0,106,,561,15,0,9,0,100,,557,15,0,9,0,100,,559,15,0,9,0,100,,562,15,0,9,0,100,,560,15,0,9,0,100,,563,15,0,9,0,100,,565,15,0,9,0,99,,564,15,0,9,0,100,,567,15,0,9,0,104,,569,15,0,9,0,100,,570,15,0,9,0
301,'4826',651,,585,15,0,9,0,161,,578,15,0,9,0,100,,579,15,0,9,0,100,,583,15,0,9,0,101,,580,15,0,9,0,100,,581,15,0,9,0,100,,584,15,0,9,0,100,,575,15,0,9,0,100,,574,15,0,9,0,100,,576,15,0,9,0,100,,572,15,0,9,0,99,,577,15,0,9,0,100,,571,15,0,9,0,99,,573,15,0,9,0,100,,582,15,0,9,0,100,,586,15,0,9,0,115,,587,15,0,9,0
301,'4965',626,,589,15,0,9,0,30,,590,15,0,9,0,70,,591,15,0,9,0,79,,593,15,0,9,0,26,,592,15,0,9,0,101,,595,15,0,9,0,80,,594,15,0,9,0,101,,597,15,0,9,0,90,,596,15,0,9,0,50,,601,15,0,9,0,100,,599,15,0,9,0,80,,598,15,0,9,0,75,,600,15,0,9,0,32,,604,15,0,9,0,68,,608,15,0,9,0,35,,603,15,0,9,0,75,,605,15,0,9,0,85,,602,15,0,9,0,44,,606,15,0,9,0,95,,607,15,0,9,0,159,,609,15,0,9,0,231,,610,15,0,9,0
301,'4967',2216,,588,15,0,9,0
301,'5014',626,,1640,15,0,9,0,30,,1641,15,0,9,0,70,,1642,15,0,9,0,79,,1644,15,0,9,0,26,,1643,15,0,9,0,101,,1646,15,0,9,0,80,,1645,15,0,9,0,101,,1648,15,0,9,0,90,,1647,15,0,9,0,50,,1652,15,0,9,0,100,,1650,15,0,9,0,80,,1649,15,0,9,0,75,,1651,15,0,9,0,32,,1654,15,0,9,0,178,,1655,15,0,9,0,85,,1653,15,0,9,0,44,,1656,15,0,9,0,95,,1657,15,0,9,0,159,,1658,15,0,9,0,231,,1659,15,0,9,0
301,'5222',2216,,1660,15,0,9,0
301,'5227',651,,1029,15,0,9,0,161,,1022,15,0,9,0,100,,1023,15,0,9,0,100,,1026,15,0,9,0,101,,1024,15,0,9,0,100,,1021,15,0,9,0,100,,1667,15,0,9,0,100,,1018,15,0,9,0,100,,1017,15,0,9,0,100,,1664,15,0,9,0,100,,1662,15,0,9,0,99,,1665,15,0,9,0,100,,1661,15,0,9,0,99,,1663,15,0,9,0,100,,1666,15,0,9,0,100,,1669,15,0,9,0,115,,1668,15,0,9,0
301,'5228',731,,1675,15,0,9,0,176,,1674,15,0,9,0,100,,1671,15,0,9,0,106,,1035,15,0,9,0,100,,1670,15,0,9,0,100,,1672,15,0,9,0,100,,1036,15,0,9,0,100,,1673,15,0,9,0,100,,1037,15,0,9,0,100,,1039,15,0,9,0,99,,1038,15,0,9,0,100,,1041,15,0,9,0,104,,1043,15,0,9,0,100,,1044,15,0,9,0
301,'5254',2216,,611,15,0,9,0
301,'5256',626,,1676,15,0,9,0,30,,1677,15,0,9,0,70,,1678,15,0,9,0,79,,1680,15,0,9,0,26,,1679,15,0,9,0,101,,1682,15,0,9,0,80,,1681,15,0,9,0,101,,1684,15,0,9,0,90,,1683,15,0,9,0,50,,1688,15,0,9,0,100,,1686,15,0,9,0,80,,1685,15,0,9,0,75,,1687,15,0,9,0,32,,1690,15,0,9,0,178,,1691,15,0,9,0,85,,1689,15,0,9,0,44,,1692,15,0,9,0,95,,1693,15,0,9,0,159,,1694,15,0,9,0,231,,1695,15,0,9,0
301,'5257',2216,,1696,15,0,9,0
301,'5258',1608,,1698,15,0,9,0,35,,1697,15,0,9,0
301,'5259',1608,,1700,15,0,9,0,35,,1699,15,0,9,0
301,'5260',2216,,1701,15,0,9,0
301,'5261',1608,,1703,15,0,9,0,35,,1702,15,0,9,0
301,'5262',1608,,1705,15,0,9,0,35,,1704,15,0,9,0
