201,'4623',1825,,908,30,,,0,431,,909,34,,,0,244,,910,34,,,0
201,'4822',751,,512,34,,,0,100,,513,34,,,0,101,,511,34,,,0,105,,504,34,,,0,101,,505,34,,,0,100,,503,34,,,0,101,,507,34,,,0,100,,502,34,,,0,100,,508,34,,,0,100,,514,34,,,0,99,,509,34,,,0,100,,510,34,,,0,99,,506,34,,,0,145,,516,34,,,0,99,,517,34,,,0,105,,515,34,,,0
201,'4826',725,,530,30,,,0,131,,524,34,,,0,101,,525,34,,,0,100,,526,34,,,0,101,,527,34,,,0,100,,528,34,,,0,101,,529,34,,,0,100,,518,34,,,0,100,,519,34,,,0,100,,535,34,,,0,99,,520,34,,,0,100,,521,34,,,0,99,,522,34,,,0,100,,523,34,,,0,100,,533,34,,,0,99,,531,34,,,0,154,,532,34,,,0,99,,534,34,,,0
201,'4965',609,,539,8,,,0,109,,215,34,,,0,27,,553,30,,,0,67,,540,30,,,0,18,,541,30,,,0,108,,218,30,,,0,110,,543,30,,,0,106,,542,30,,,0,146,,544,30,,,0,105,,545,30,,,0,100,,546,30,,,0,47,,549,30,,,0,74,,548,30,,,0,74,,554,30,,,0,35,,547,30,,,0,199,,550,30,,,0,109,,551,34,,,0,103,,552,34,,,0
201,'4967',1825,,536,30,,,0,431,,537,34,,,0,244,,538,34,,,0
201,'5014',609,,911,8,,,0,109,,912,34,,,0,27,,925,30,,,0,67,,913,30,,,0,18,,914,30,,,0,108,,915,30,,,0,110,,917,30,,,0,106,,916,30,,,0,146,,918,30,,,0,205,,919,30,,,0,47,,921,30,,,0,74,,920,30,,,0,74,,926,30,,,0,234,,922,30,,,0,109,,923,34,,,0,103,,924,34,,,0
201,'5222',1825,,927,30,,,0,431,,928,34,,,0
201,'5227',725,,941,30,,,0,131,,935,34,,,0,101,,936,34,,,0,100,,937,34,,,0,101,,938,34,,,0,100,,939,34,,,0,101,,940,34,,,0,100,,929,34,,,0,100,,930,34,,,0,100,,946,34,,,0,99,,931,34,,,0,100,,932,34,,,0,99,,933,34,,,0,100,,934,34,,,0,100,,944,34,,,0,99,,942,34,,,0,154,,943,34,,,0,99,,945,34,,,0
201,'5228',751,,957,34,,,0,100,,958,34,,,0,101,,956,34,,,0,105,,949,34,,,0,101,,950,34,,,0,100,,948,34,,,0,101,,952,34,,,0,100,,947,34,,,0,100,,953,34,,,0,100,,959,34,,,0,99,,954,34,,,0,100,,955,34,,,0,99,,951,34,,,0,145,,961,34,,,0,99,,962,34,,,0,105,,960,34,,,0
201,'5254',1825,,555,30,,,0,431,,556,34,,,0
201,'5256',609,,963,8,,,0,109,,964,34,,,0,27,,977,30,,,0,67,,965,30,,,0,18,,966,30,,,0,108,,967,30,,,0,110,,969,30,,,0,106,,968,30,,,0,146,,970,30,,,0,205,,971,30,,,0,47,,973,30,,,0,74,,972,30,,,0,74,,978,30,,,0,234,,974,30,,,0,109,,975,34,,,0,103,,976,34,,,0
201,'5257',1825,,979,30,,,0,431,,980,34,,,0
201,'5258',1405,,981,30,,,0,330,,982,30,,,0
201,'5259',1405,,983,30,,,0,330,,984,30,,,0
201,'5260',1825,,985,30,,,0,431,,986,34,,,0,244,,987,34,,,0
201,'5261',1405,,988,30,,,0,330,,989,30,,,0
201,'5262',1405,,990,30,,,0,330,,991,30,,,0
