101,'4623',1717,,735,34,,,0,212,,739,34,,,0,197,,736,34,,,0,229,,737,34,,,0,164,,738,11,,,0
101,'4822',807,,399,34,,,0,107,,401,34,,,0,100,,397,34,,,0,100,,389,34,,,0,102,,393,34,,,0,100,,391,34,,,0,100,,395,34,,,0,100,,390,34,,,0,100,,394,34,,,0,100,,400,34,,,0,99,,392,34,,,0,109,,396,34,,,0,99,,398,34,,,0,100,,402,34,,,0,105,,403,34,,,0
101,'4826',711,,415,34,,,0,100,,410,34,,,0,102,,411,34,,,0,100,,412,34,,,0,100,,413,34,,,0,101,,414,34,,,0,102,,404,34,,,0,100,,408,34,,,0,100,,407,34,,,0,100,,406,34,,,0,100,,421,34,,,0,99,,405,34,,,0,109,,409,34,,,0,99,,416,34,,,0,104,,419,34,,,0,110,,417,34,,,0,114,,418,34,,,0,94,,420,34,,,0
101,'4965',612,,94,4,,,0,91,,428,34,,,0,25,,439,34,,,0,81,,429,34,,,0,111,,430,34,,,0,99,,431,34,,,0,101,,99,34,,,0,110,,100,34,,,0,110,,101,34,,,0,70,,432,34,,,0,97,,435,14,,,0,3,,433,34,,,0,40,,441,34,,,0,88,,434,34,,,0,119,,440,34,,,0,89,,436,34,,,0,162,,437,34,,,0,238,,438,34,,,0
101,'4967',1717,,422,34,,,0,212,,427,34,,,0,197,,424,34,,,0,229,,425,34,,,0,164,,426,11,,,0
101,'5014',612,,740,4,,,0,91,,741,34,,,0,25,,753,34,,,0,81,,742,34,,,0,111,,743,34,,,0,99,,744,34,,,0,101,,745,34,,,0,110,,746,34,,,0,110,,747,34,,,0,70,,748,34,,,0,140,,755,34,,,0,88,,749,34,,,0,119,,754,34,,,0,89,,750,34,,,0,162,,751,34,,,0,238,,752,34,,,0
101,'5222',1717,,756,34,,,0,212,,759,34,,,0,197,,757,34,,,0,229,,758,34,,,0
101,'5227',711,,771,34,,,0,100,,766,34,,,0,102,,767,34,,,0,100,,768,34,,,0,100,,769,34,,,0,101,,770,34,,,0,102,,760,34,,,0,100,,764,34,,,0,100,,763,34,,,0,100,,762,34,,,0,100,,777,34,,,0,99,,761,34,,,0,109,,765,34,,,0,99,,772,34,,,0,104,,774,34,,,0,110,,773,34,,,0,114,,775,34,,,0,94,,776,34,,,0
101,'5228',807,,788,34,,,0,107,,790,34,,,0,100,,786,34,,,0,100,,778,34,,,0,102,,782,34,,,0,100,,780,34,,,0,100,,784,34,,,0,100,,779,34,,,0,100,,783,34,,,0,100,,789,34,,,0,99,,781,34,,,0,109,,785,34,,,0,99,,787,34,,,0,100,,791,34,,,0,105,,792,34,,,0
101,'5254',1717,,442,34,,,0,212,,446,34,,,0,197,,444,34,,,0,229,,445,34,,,0
101,'5256',612,,793,4,,,0,91,,794,34,,,0,25,,808,34,,,0,81,,795,34,,,0,111,,796,34,,,0,99,,797,34,,,0,101,,798,34,,,0,110,,799,34,,,0,110,,800,34,,,0,70,,801,34,,,0,97,,804,14,,,0,43,,810,34,,,0,88,,802,34,,,0,119,,809,34,,,0,89,,805,34,,,0,162,,806,34,,,0,238,,807,34,,,0
101,'5257',1717,,811,34,,,0,212,,814,34,,,0,197,,812,34,,,0,229,,813,34,,,0
101,'5258',1510,,815,34,,,0
101,'5259',1510,,816,34,,,0
101,'5260',1717,,817,34,,,0,212,,821,34,,,0,197,,818,34,,,0,229,,819,34,,,0,164,,820,11,,,0
101,'5261',1510,,822,34,,,0
101,'5262',1510,,823,34,,,0
