101,'4480',647,,1481,12,,,0,64,,1495,12,,,0,40,,1482,12,,,0,152,,1483,12,,,0,99,,1484,12,,,0,101,,1485,12,,,0,109,,1486,12,,,0,110,,1487,12,,,0,30,,1488,12,,,0,169,,1490,12,0,5 6,0,9,,1497,12,,,0,88,,1489,12,,,0,120,,1496,12,,,0,89,,1492,12,,,0,124,,1493,12,,,0,279,,1494,12,,,0
101,'4661',1658,,1498,12,,,0,254,,1501,12,,,0,198,,1499,12,,,0,230,,1500,12,,,0
101,'4663',1658,,1504,12,,,0,254,,1508,12,,,0,198,,1505,12,,,0,230,,1506,12,,,0
101,'5173',1452,,1502,12,,,0
101,'5259',1452,,1503,12,,,0
201,'4480',659,,1611,12,,,0,71,,1624,12,,,0,27,,1612,12,,,0,58,,1613,12,,,0,107,,1614,12,,,0,110,,1616,12,,,0,105,,1615,12,,,0,106,,1617,12,,,0,205,,1618,12,,,0,86,,1620,12,,,0,74,,1619,12,,,0,35,,1625,12,,,0,274,,1621,12,,,0,105,,1622,12,,,0,104,,1623,12,,,0
201,'4661',1808,,1626,12,,,0,428,,1627,12,,,0
201,'4663',1808,,1632,12,,,0,428,,1633,12,,,0,205,,1634,12,,,0
201,'5173',1348,,1628,12,,,0,370,,1629,12,,,0
201,'5259',1348,,1630,12,,,0,370,,1631,12,,,0
401,'4480',804,,1728,6,,,0,37,,1727,6,,,0,599,,1729,6,,,0,217,,1730,6,,,0
401,'4661',1617,,1731,6,,,0
401,'4663',1617,,1732,6,,,0
901,'4480',726,,1990,12,,,0,103,,1991,12,,,0,102,,1992,12,,,0,100,,1993,12,,,0,101,,1994,12,,,0,98,,1995,12,,,0,100,,1996,12,,,0,99,,1997,12,,,0,124,,1998,12,,,0,100,,1999,12,,,0,92,,2000,12,,,0,107,,2001,12,,,0,154,,2002,12,,,0
