101,'4623',1709,,1441,24,,,0,213,,1445,24,,,0,197,,1442,24,,,0,229,,1443,24,,,0,165,,1444,1,,,0
101,'4822',801,,399,24,,,0,107,,401,24,,,0,100,,397,24,,,0,100,,389,24,,,0,102,,393,24,,,0,98,,391,24,,,0,100,,395,24,,,0,100,,390,24,,,0,101,,394,24,,,0,100,,400,24,,,0,99,,392,24,,,0,109,,396,24,,,0,99,,398,24,,,0,100,,402,24,,,0,105,,403,24,,,0
101,'4826',705,,415,24,,,0,100,,410,24,,,0,102,,411,24,,,0,100,,412,24,,,0,100,,413,24,,,0,101,,414,24,,,0,100,,404,24,,,0,100,,408,24,,,0,100,,407,24,,,0,101,,406,24,,,0,100,,421,24,,,0,99,,405,24,,,0,109,,409,24,,,0,99,,416,24,,,0,104,,419,24,,,0,110,,417,24,,,0,114,,418,24,,,0,95,,420,24,,,0
101,'4965',657,,428,24,,,0,64,,439,24,,,0,80,,429,24,,,0,112,,430,24,,,0,99,,431,24,,,0,101,,99,24,,,0,109,,100,24,,,0,110,,101,24,,,0,70,,432,24,,,0,98,,435,4,,,0,2,,433,24,,,0,40,,441,24,,,0,88,,434,24,,,0,119,,440,24,,,0,89,,436,24,,,0,163,,437,24,,,0,238,,438,24,,,0
101,'4967',1533,,423,24,4,,0,176,,422,24,,,0,213,,427,24,,,0,197,,424,24,,,0,229,,425,24,,,0,165,,426,1,,,0
101,'5014',657,,1447,24,,,0,64,,1459,24,,,0,80,,1448,24,,,0,112,,1449,24,,,0,99,,1450,24,,,0,101,,1451,24,,,0,109,,1452,24,,,0,110,,1453,24,,,0,70,,1454,24,,,0,140,,1461,24,,,0,88,,1455,24,,,0,119,,1460,24,,,0,89,,1456,24,,,0,163,,1457,24,,,0,238,,1458,24,,,0
101,'5222',1709,,1462,24,,,0,213,,1465,24,,,0,197,,1463,24,,,0,229,,1464,24,,,0
101,'5227',705,,771,24,,,0,100,,766,24,,,0,102,,767,24,,,0,100,,768,24,,,0,100,,769,24,,,0,101,,770,24,,,0,100,,760,24,,,0,100,,764,24,,,0,100,,763,24,,,0,101,,1467,24,,,0,100,,1474,24,,,0,99,,1466,24,,,0,109,,1468,24,,,0,99,,1469,24,,,0,104,,1471,24,,,0,110,,1470,24,,,0,114,,1472,24,,,0,95,,1473,24,,,0
101,'5228',801,,1478,24,,,0,107,,1479,24,,,0,100,,786,24,,,0,100,,1475,24,,,0,102,,1476,24,,,0,98,,780,24,,,0,100,,1477,24,,,0,100,,779,24,,,0,101,,783,24,,,0,100,,789,24,,,0,99,,781,24,,,0,109,,785,24,,,0,99,,787,24,,,0,100,,791,24,,,0,105,,792,24,,,0
101,'5254',1533,,443,24,4,,0,176,,442,24,,,0,213,,446,24,,,0,197,,444,24,,,0,229,,445,24,,,0
101,'5256',657,,1481,24,,,0,64,,1495,24,,,0,80,,1482,24,,,0,112,,1483,24,,,0,99,,1484,24,,,0,101,,1485,24,,,0,109,,1486,24,,,0,110,,1487,24,,,0,70,,1488,24,,,0,98,,1491,4,,,0,33,,1490,24,4,,0,9,,1497,24,,,0,88,,1489,24,,,0,119,,1496,24,,,0,89,,1492,24,,,0,163,,1493,24,,,0,238,,1494,24,,,0
101,'5257',1709,,1498,24,,,0,213,,1501,24,,,0,197,,1499,24,,,0,229,,1500,24,,,0
101,'5258',1502,,1502,24,,,0
101,'5259',1502,,1503,24,,,0
101,'5260',1709,,1504,24,,,0,213,,1508,24,,,0,197,,1505,24,,,0,229,,1506,24,,,0,165,,1507,1,,,0
101,'5261',1502,,1509,24,,,0
101,'5262',1502,,1510,24,,,0
200,'4623',2513,,1513,8,4,,0
200,'4967',2513,,483,8,4,,0
200,'5260',2513,,1570,8,4,,0
401,'4623',1624,,1721,11,,,0
401,'4965',811,,302,11,,,0,37,,301,11,,,0,599,,303,11,,,0,257,,619,11,,,0
401,'4967',1624,,618,11,,,0
401,'5014',811,,1723,11,,,0,37,,1722,11,,,0,599,,1724,11,,,0,257,,1725,11,,,0
401,'5222',1624,,1726,11,,,0
401,'5254',1624,,620,11,,,0
401,'5256',811,,1728,11,,,0,37,,1727,11,,,0,599,,1729,11,,,0,257,,1730,11,,,0
401,'5257',1624,,1731,11,,,0
401,'5260',1624,,1732,11,,,0
900,'4965',752,,621,10,,,0,105,,623,10,,,0,100,,622,10,,,0,100,,625,10,,,0,160,,624,10,,,0,40,,627,10,,,0,100,,626,10,,,0,100,,628,10,,,0,165,,630,10,,,0,100,,629,10,,,0,90,,631,10,,,0,106,,632,10,,,0,113,,633,10,,,0
900,'5014',752,,1951,10,,,0,105,,1953,10,,,0,100,,1952,10,,,0,100,,1955,10,,,0,160,,1954,10,,,0,40,,1957,10,,,0,100,,1956,10,,,0,100,,1958,10,,,0,165,,1960,10,,,0,100,,1959,10,,,0,90,,1961,10,,,0,106,,1962,10,,,0,113,,1963,10,,,0
900,'5256',752,,1964,10,,,0,105,,1966,10,,,0,100,,1965,10,,,0,100,,1968,10,,,0,160,,1967,10,,,0,40,,1970,10,,,0,100,,1969,10,,,0,100,,1971,10,,,0,165,,1973,10,,,0,100,,1972,10,,,0,90,,1974,10,,,0,106,,1975,10,,,0,113,,1976,10,,,0
