100,'4623',1725,,647,6,,,0,212,,651,6,,,0,197,,648,6,,,0,269,,649,6,,,0,124,,650,6,0,5 6,0
100,'4822',814,,343,6,,,0,107,,344,6,,,0,101,,341,6,,,0,100,,333,6,,,0,102,,339,6,,,0,100,,334,6,,,0,100,,340,6,,,0,100,,335,6,,,0,100,,337,6,,,0,100,,345,6,,,0,99,,336,6,,,0,109,,338,6,,,0,99,,342,6,,,0,100,,347,6,,,0,105,,346,6,,,0
100,'4826',718,,355,6,,,0,100,,350,6,,,0,102,,351,6,,,0,101,,352,6,,,0,100,,353,6,,,0,101,,354,6,,,0,102,,348,6,,,0,100,,349,6,,,0,100,,360,6,,,0,100,,361,6,,,0,100,,365,6,,,0,99,,362,6,,,0,109,,363,6,,,0,99,,364,6,,,0,104,,357,6,,,0,110,,359,6,,,0,114,,356,6,,,0,94,,358,6,0,5 6,0
100,'4965',620,,34,6,,,0,92,,371,6,,,0,25,,382,6,,,0,81,,372,6,,,0,110,,373,6,,,0,99,,374,6,,,0,101,,39,5,,,0,110,,41,6,,,0,110,,40,6,,,0,70,,375,6,,,0,97,,377,6,,,0,4,,378,6,,,0,40,,384,6,,,0,87,,376,6,,,0,159,,383,6,,,0,49,,379,6,,,0,162,,380,6,,,0,238,,381,6,,,0
100,'4967',1725,,366,6,,,0,212,,370,6,,,0,197,,367,6,,,0,269,,368,6,,,0,124,,369,6,0,5 6,0
100,'5014',620,,652,6,,,0,92,,653,6,,,0,25,,665,6,,,0,81,,654,6,,,0,110,,655,6,,,0,99,,656,6,,,0,101,,657,5,,,0,110,,659,6,,,0,110,,658,6,,,0,70,,660,6,,,0,141,,667,6,,,0,87,,661,6,,,0,159,,666,6,,,0,49,,662,6,,,0,162,,663,6,,,0,238,,664,6,,,0
100,'5222',1725,,668,6,,,0,212,,671,6,,,0,197,,669,6,,,0,269,,670,6,,,0
100,'5227',718,,679,6,,,0,100,,674,6,,,0,102,,675,6,,,0,101,,676,6,,,0,100,,677,6,,,0,101,,678,6,,,0,102,,672,6,,,0,100,,673,6,,,0,100,,684,6,,,0,100,,685,6,,,0,100,,689,6,,,0,99,,686,6,,,0,109,,687,6,,,0,99,,688,6,,,0,104,,681,6,,,0,110,,683,6,,,0,114,,680,6,,,0,94,,682,6,0,5 6,0
100,'5228',814,,701,6,,,0,107,,700,6,,,0,101,,698,6,,,0,100,,690,6,,,0,102,,696,6,,,0,100,,691,6,,,0,100,,697,6,,,0,100,,692,6,,,0,100,,694,6,,,0,100,,702,6,,,0,99,,693,6,,,0,109,,695,6,,,0,99,,699,6,,,0,100,,704,6,,,0,105,,703,6,,,0
100,'5254',1725,,385,6,,,0,212,,388,6,,,0,197,,386,6,,,0,269,,387,6,,,0
100,'5256',620,,705,6,,,0,92,,706,6,,,0,25,,719,6,,,0,81,,707,6,,,0,110,,708,6,,,0,99,,709,6,,,0,101,,710,5,,,0,110,,712,6,,,0,110,,711,6,,,0,70,,713,6,,,0,97,,715,6,,,0,44,,721,6,,,0,87,,714,6,,,0,159,,720,6,,,0,49,,716,6,,,0,162,,717,6,,,0,238,,718,6,,,0
100,'5257',1725,,722,6,,,0,212,,725,6,,,0,197,,723,6,,,0,269,,724,6,,,0
100,'5258',1519,,726,6,,,0
100,'5259',1519,,727,6,,,0
100,'5260',1725,,728,6,,,0,212,,732,6,,,0,197,,729,6,,,0,269,,730,6,,,0,124,,731,6,0,5 6,0
100,'5261',1519,,733,6,,,0
100,'5262',1519,,734,6,,,0
