100,'4528',635,,2003,20,,,0,93,,2004,20,,,0,25,,2016,20,,,0,82,,2005,20,,,0,109,,2006,20,,,0,99,,2007,20,,,0,102,,2008,19,,,0,110,,2010,20,,,0,150,,2009,20,,,0,30,,2011,20,,,0,181,,2018,20,,,0,87,,2012,20,,,0,118,,2017,20,,,0,89,,2013,20,,,0,121,,2014,20,,,0,277,,2015,20,,,0
100,'4532',734,,2026,20,,,0,100,,2021,20,,,0,102,,2022,20,,,0,101,,2023,20,,,0,100,,2024,20,,,0,101,,2025,20,,,0,102,,2019,20,,,0,100,,2020,20,,,0,100,,2031,20,,,0,100,,2032,20,,,0,100,,2036,20,,,0,99,,2033,20,,,0,108,,2034,20,,,0,99,,2035,20,,,0,103,,2028,20,,,0,110,,2030,20,,,0,153,,2027,20,,,0
100,'4623',1742,,2037,20,,,0,211,,2041,20,,,0,196,,2038,20,,,0,268,,2039,20,,,0
100,'5210',830,,2053,20,,,0,107,,2052,20,,,0,101,,2050,20,,,0,100,,2042,20,,,0,102,,2048,20,,,0,100,,2043,20,,,0,100,,2049,20,,,0,100,,2044,20,,,0,100,,2046,20,,,0,100,,2054,20,,,0,99,,2045,20,,,0,108,,2047,20,,,0,99,,2051,20,,,0,99,,2056,20,,,0,105,,2055,20,,,0
100,'5222',1742,,2057,20,,,0,211,,2060,20,,,0,196,,2058,20,,,0,268,,2059,20,,,0
100,'5261',1536,,2061,20,,,0
100,'5262',1536,,2062,20,,,0
200,'4528',632,,2123,17,,,0,109,,2124,17,,,0,67,,2137,17,,,0,28,,2125,17,,,0,18,,2127,17,,,0,147,,2126,17,,,0,110,,2129,17,,,0,107,,2128,17,,,0,106,,2130,17,,,0,205,,2132,17,,,0,87,,2133,17,,,0,34,,2131,17,,,0,74,,2138,17,,,0,234,,2134,17,,,0,149,,2135,17,,,0,101,,2136,17,,,0
200,'4532',745,,2151,17,,,0,172,,2145,17,,,0,102,,2147,17,,,0,100,,2146,17,,,0,101,,2148,17,,,0,100,,2149,17,,,0,101,,2150,17,,,0,100,,2139,17,,,0,100,,2140,17,,,0,100,,2156,17,,,0,99,,2141,17,,,0,100,,2142,17,,,0,99,,2143,17,,,0,100,,2144,17,,,0,100,,2153,17,,,0,97,,2152,17,,,0,114,,2154,17,,,0
200,'4623',1849,,2157,17,,,0,469,,2158,17,,,0
200,'5210',811,,2170,17,,,0,100,,2171,17,,,0,102,,2169,17,,,0,106,,2160,17,,,0,101,,2164,17,,,0,100,,2162,17,,,0,101,,2167,17,,,0,100,,2161,17,,,0,100,,2166,17,,,0,100,,2172,17,,,0,99,,2163,17,,,0,100,,2168,17,,,0,99,,2165,17,,,0,105,,2175,17,,,0,99,,2174,17,,,0,103,,2173,17,,,0
200,'5222',1849,,2176,17,,,0,469,,2177,17,,,0
200,'5261',1429,,2178,17,,,0,330,,2179,17,,,0
200,'5262',1429,,2180,17,,,0,330,,2181,17,,,0
900,'4528',801,,2467,18,,,0,105,,2469,18,,,0,100,,2468,18,,,0,100,,2471,18,,,0,120,,2470,18,,,0,80,,2473,18,,,0,100,,2472,18,,,0,100,,2474,18,,,0,125,,2476,18,,,0,100,,2475,18,,,0,89,,2477,18,,,0,106,,2478,18,,,0,113,,2479,18,,,0
