101,'4822',752,,399,14,,,0,106,,401,14,,,0,100,,397,14,,,0,100,,389,14,,,0,142,,393,14,,,0,58,,391,14,,,0,100,,395,14,,,0,100,,390,14,,,0,100,,394,14,,,0,100,,400,14,,,0,99,,392,14,,,0,150,,396,14,,,0,99,,398,14,,,0,101,,402,14,,,0,105,,403,14,,,0
101,'4826',656,,415,14,,,0,100,,410,14,,,0,101,,411,14,,,0,100,,412,14,,,0,100,,413,14,,,0,101,,414,14,,,0,100,,404,14,,,0,100,,408,14,,,0,100,,407,14,,,0,100,,406,14,,,0,100,,421,14,,,0,99,,405,14,,,0,150,,409,14,,,0,99,,416,14,,,0,105,,419,14,,,0,110,,417,14,,,0,115,,418,14,,,0,95,,420,14,,,0
101,'4965',648,,428,14,,,0,64,,439,14,,,0,40,,429,14,,,0,152,,430,14,,,0,99,,431,14,,,0,101,,99,14,,,0,109,,100,14,,,0,110,,101,14,,,0,30,,432,14,,,0,100,,433,14,,,0,79,,441,14,,,0,88,,434,14,,,0,119,,440,14,,,0,89,,436,14,,,0,124,,437,14,,,0,279,,438,14,,,0
101,'4967',1523,,423,14,0,5 6,0,136,,422,14,,,0,254,,427,14,,,0,198,,424,14,,,0,230,,425,14,,,0
101,'5254',1523,,443,14,0,5 6,0,136,,442,14,,,0,254,,446,14,,,0,198,,444,14,,,0,230,,445,14,,,0
201,'4822',732,,512,14,,,0,100,,513,14,,,0,101,,511,14,,,0,105,,504,14,,,0,101,,505,14,,,0,100,,503,14,,,0,100,,507,14,,,0,100,,502,14,,,0,100,,508,14,,,0,100,,514,14,,,0,99,,509,14,,,0,100,,510,14,,,0,100,,506,14,,,0,105,,516,14,,,0,99,,517,14,,,0,105,,515,14,,,0
201,'4826',711,,530,14,,,0,126,,524,14,,,0,101,,525,14,,,0,100,,526,14,,,0,101,,527,14,,,0,100,,528,14,,,0,100,,529,14,,,0,100,,518,14,,,0,100,,519,14,,,0,100,,535,14,,,0,99,,520,14,,,0,100,,521,14,,,0,100,,522,14,,,0,100,,523,14,,,0,100,,533,14,,,0,99,,531,14,,,0,114,,532,14,,,0,100,,534,14,,,0
201,'4965',700,,215,14,,,0,31,,553,14,,,0,27,,540,14,,,0,58,,541,14,,,0,107,,218,14,,,0,110,,543,14,,,0,105,,542,14,,,0,106,,544,14,,,0,105,,545,14,,,0,100,,546,14,,,0,87,,549,14,,,0,74,,548,14,,,0,34,,554,14,,,0,75,,547,14,,,0,199,,550,14,,,0,105,,551,14,,,0,104,,552,14,,,0
201,'4967',1809,,536,14,,,0,428,,537,14,,,0,205,,538,14,,,0
201,'5254',1809,,555,14,,,0,428,,556,14,,,0
901,'4965',727,,634,14,,,0,104,,635,14,,,0,101,,636,14,,,0,100,,637,14,,,0,101,,638,14,,,0,98,,639,14,,,0,100,,640,14,,,0,99,,641,14,,,0,124,,642,14,,,0,100,,643,14,,,0,92,,644,14,,,0,107,,645,14,,,0,154,,646,14,,,0
