101,'4822',746,,399,3,,,0,106,,401,3,,,0,100,,397,3,,,0,100,,389,3,,,0,101,,393,3,,,0,98,,391,3,,,0,100,,395,3,,,0,100,,390,3,,,0,100,,394,3,,,0,100,,400,3,,,0,100,,392,3,,,0,150,,396,3,,,0,99,,398,3,,,0,101,,402,3,,,0,105,,403,3,,,0
101,'4826',650,,415,3,,,0,100,,410,3,,,0,101,,411,3,,,0,100,,412,3,,,0,100,,413,3,,,0,100,,414,3,,,0,100,,404,3,,,0,100,,408,3,,,0,100,,407,3,,,0,100,,406,3,,,0,100,,421,3,,,0,100,,405,3,,,0,150,,409,3,,,0,99,,416,3,,,0,105,,419,3,,,0,110,,417,3,,,0,115,,418,3,,,0,95,,420,3,,,0
101,'4965',642,,428,3,,,0,64,,439,3,,,0,39,,429,3,,,0,112,,430,3,,,0,100,,431,3,,,0,100,,99,3,,,0,149,,100,3,,,0,110,,101,3,,,0,30,,432,3,,,0,100,,433,3,,,0,77,,441,3,,,0,89,,434,3,,,0,120,,440,3,,,0,90,,436,3,,,0,124,,437,3,,,0,279,,438,3,,,0
101,'4967',1513,,423,3,0,5 6,0,139,,422,3,,,0,255,,427,3,,,0,198,,424,3,,,0,230,,425,3,,,0
101,'5254',1513,,443,3,0,5 6,0,139,,442,3,,,0,255,,446,3,,,0,198,,444,3,,,0,230,,445,3,,,0
201,'4822',726,,512,3,,,0,100,,513,3,,,0,101,,511,3,,,0,105,,504,3,,,0,100,,505,3,,,0,100,,503,3,,,0,100,,507,3,,,0,100,,502,3,,,0,100,,508,3,,,0,100,,514,3,,,0,100,,509,3,,,0,100,,510,3,,,0,100,,506,3,,,0,105,,516,3,,,0,99,,517,3,,,0,105,,515,3,,,0
201,'4826',706,,530,3,,,0,125,,524,3,,,0,101,,525,3,,,0,100,,526,3,,,0,100,,527,3,,,0,100,,528,3,,,0,100,,529,3,,,0,100,,518,3,,,0,100,,519,3,,,0,100,,535,3,,,0,100,,520,3,,,0,100,,521,3,,,0,100,,522,3,,,0,100,,523,3,,,0,100,,533,3,,,0,99,,531,3,,,0,115,,532,3,,,0,100,,534,3,,,0
201,'4965',654,,215,3,,,0,71,,553,3,,,0,27,,540,3,,,0,58,,541,3,,,0,107,,218,3,,,0,110,,543,3,,,0,105,,542,3,,,0,105,,544,3,,,0,105,,545,3,,,0,100,,546,3,,,0,85,,549,3,,,0,75,,548,3,,,0,35,,554,3,,,0,75,,547,3,,,0,200,,550,3,,,0,105,,551,3,,,0,104,,552,3,,,0
201,'4967',1802,,536,3,,,0,429,,537,3,,,0,205,,538,3,,,0
201,'5254',1802,,555,3,,,0,429,,556,3,,,0
301,'4822',722,,568,3,0,9,0,135,,566,3,0,9,0,100,,558,3,0,9,0,145,,561,3,0,9,0,100,,557,3,0,9,0,100,,559,3,0,9,0,100,,562,3,0,9,0,100,,560,3,0,9,0,100,,563,3,0,9,0,100,,565,3,0,9,0,100,,564,3,0,9,0,100,,567,3,0,9,0,105,,569,3,0,9,0,100,,570,3,0,9,0
301,'4826',642,,585,3,0,9,0,160,,578,3,0,9,0,100,,579,3,0,9,0,100,,583,3,0,9,0,100,,580,3,0,9,0,100,,581,3,0,9,0,100,,584,3,0,9,0,100,,575,3,0,9,0,100,,574,3,0,9,0,100,,576,3,0,9,0,100,,572,3,0,9,0,100,,577,3,0,9,0,100,,571,3,0,9,0,100,,573,3,0,9,0,100,,582,3,0,9,0,100,,586,3,0,9,0,115,,587,3,0,9,0
301,'4965',617,,589,3,0,9,0,30,,590,3,0,9,0,70,,591,3,0,9,0,38,,593,3,0,9,0,65,,592,3,0,9,0,102,,595,3,0,9,0,80,,594,3,0,9,0,100,,597,3,0,9,0,50,,596,3,0,9,0,90,,601,3,0,9,0,100,,599,3,0,9,0,80,,598,3,0,9,0,34,,600,3,0,9,0,72,,604,3,0,9,0,29,,608,3,0,9,0,75,,603,3,0,9,0,75,,605,3,0,9,0,45,,602,3,0,9,0,85,,606,3,0,9,0,95,,607,3,0,9,0,120,,609,3,0,9,0,271,,610,3,0,9,0
301,'4967',2207,,588,3,0,9,0
301,'5254',2207,,611,3,0,9,0
401,'4965',800,,302,3,,,0,37,,301,3,,,0,598,,303,3,,,0,217,,619,3,,,0
401,'4967',1612,,618,3,,,0
401,'5254',1612,,620,3,,,0
901,'4965',721,,634,3,,,0,103,,635,3,,,0,102,,636,3,,,0,100,,637,3,,,0,101,,638,3,,,0,98,,639,3,,,0,100,,640,3,,,0,98,,641,3,,,0,124,,642,3,,,0,100,,643,3,,,0,93,,644,3,,,0,107,,645,3,,,0,154,,646,3,,,0
