201,'4623',1826,,908,31,,,0,431,,909,35,,,0,244,,910,35,,,0
201,'4822',752,,512,35,,,0,100,,513,35,,,0,101,,511,35,,,0,105,,504,35,,,0,101,,505,35,,,0,100,,503,35,,,0,141,,507,35,,,0,100,,502,35,,,0,100,,508,35,,,0,100,,514,35,,,0,59,,509,35,,,0,100,,510,35,,,0,99,,506,35,,,0,145,,516,35,,,0,99,,517,35,,,0,105,,515,35,,,0
201,'4826',726,,530,31,,,0,131,,524,35,,,0,101,,525,35,,,0,100,,526,35,,,0,101,,527,35,,,0,100,,528,35,,,0,141,,529,35,,,0,100,,518,35,,,0,100,,519,35,,,0,100,,535,35,,,0,59,,520,35,,,0,100,,521,35,,,0,99,,522,35,,,0,100,,523,35,,,0,100,,533,35,,,0,99,,531,35,,,0,154,,532,35,,,0,99,,534,35,,,0
201,'4965',610,,539,9,,,0,109,,215,35,,,0,27,,553,31,,,0,67,,540,31,,,0,18,,541,31,,,0,108,,218,31,,,0,110,,543,31,,,0,106,,542,31,,,0,146,,544,31,,,0,105,,545,31,,,0,100,,546,31,,,0,47,,549,31,,,0,74,,548,31,,,0,74,,554,31,,,0,35,,547,31,,,0,199,,550,31,,,0,109,,551,35,,,0,103,,552,35,,,0
201,'4967',1826,,536,31,,,0,431,,537,35,,,0,244,,538,35,,,0
201,'5014',610,,911,9,,,0,109,,912,35,,,0,27,,925,31,,,0,67,,913,31,,,0,18,,914,31,,,0,108,,915,31,,,0,110,,917,31,,,0,106,,916,31,,,0,146,,918,31,,,0,205,,919,31,,,0,47,,921,31,,,0,74,,920,31,,,0,74,,926,31,,,0,234,,922,31,,,0,109,,923,35,,,0,103,,924,35,,,0
201,'5222',1826,,927,31,,,0,431,,928,35,,,0
201,'5227',726,,941,31,,,0,131,,935,35,,,0,101,,936,35,,,0,100,,937,35,,,0,101,,938,35,,,0,100,,939,35,,,0,141,,940,35,,,0,100,,929,35,,,0,100,,930,35,,,0,100,,946,35,,,0,59,,931,35,,,0,100,,932,35,,,0,99,,933,35,,,0,100,,934,35,,,0,100,,944,35,,,0,99,,942,35,,,0,154,,943,35,,,0,99,,945,35,,,0
201,'5228',752,,957,35,,,0,100,,958,35,,,0,101,,956,35,,,0,105,,949,35,,,0,101,,950,35,,,0,100,,948,35,,,0,141,,952,35,,,0,100,,947,35,,,0,100,,953,35,,,0,100,,959,35,,,0,59,,954,35,,,0,100,,955,35,,,0,99,,951,35,,,0,145,,961,35,,,0,99,,962,35,,,0,105,,960,35,,,0
201,'5254',1826,,555,31,,,0,431,,556,35,,,0
201,'5256',610,,963,9,,,0,109,,964,35,,,0,27,,977,31,,,0,67,,965,31,,,0,18,,966,31,,,0,108,,967,31,,,0,110,,969,31,,,0,106,,968,31,,,0,146,,970,31,,,0,205,,971,31,,,0,47,,973,31,,,0,74,,972,31,,,0,74,,978,31,,,0,234,,974,31,,,0,109,,975,35,,,0,103,,976,35,,,0
201,'5257',1826,,979,31,,,0,431,,980,35,,,0
201,'5258',1406,,981,31,,,0,330,,982,31,,,0
201,'5259',1406,,983,31,,,0,330,,984,31,,,0
201,'5260',1826,,985,31,,,0,431,,986,35,,,0,244,,987,35,,,0
201,'5261',1406,,988,31,,,0,330,,989,31,,,0
201,'5262',1406,,990,31,,,0,330,,991,31,,,0
