200,'4623',1834,,824,5,,,0,471,,825,5,,,0,204,,826,5,0,5 6,0
200,'4822',757,,457,5,,,0,100,,458,5,,,0,101,,456,5,,,0,146,,447,5,,,0,101,,451,5,,,0,100,,449,5,,,0,101,,454,5,,,0,100,,448,5,,,0,100,,453,5,,,0,100,,459,5,,,0,99,,450,5,,,0,100,,455,5,,,0,99,,452,5,,,0,105,,462,5,,,0,99,,461,5,,,0,104,,460,5,,,0
200,'4826',731,,475,5,,,0,172,,469,5,,,0,101,,471,5,,,0,100,,470,5,,,0,101,,472,5,,,0,100,,473,5,,,0,101,,474,5,,,0,100,,463,5,,,0,100,,464,5,,,0,100,,480,5,,,0,99,,465,5,,,0,100,,466,5,,,0,99,,467,5,,,0,100,,468,5,,,0,100,,477,5,,,0,98,,476,5,,,0,114,,478,5,,,0,99,,479,5,,,0
200,'4965',618,,484,5,,,0,109,,158,5,,,0,27,,498,5,,,0,67,,485,5,,,0,18,,486,5,,,0,108,,160,5,,,0,110,,488,5,,,0,146,,487,5,,,0,106,,489,5,,,0,105,,490,5,,,0,100,,493,5,,,0,87,,494,5,,,0,34,,492,5,,,0,74,,499,5,,,0,35,,491,5,,,0,199,,495,5,,,0,109,,496,5,,,0,103,,497,5,,,0
200,'4967',1834,,481,5,,,0,471,,482,5,,,0,204,,483,5,0,5 6,0
200,'5014',618,,827,5,,,0,109,,828,5,,,0,27,,841,5,,,0,67,,829,5,,,0,18,,831,5,,,0,108,,830,5,,,0,110,,833,5,,,0,146,,832,5,,,0,106,,834,5,,,0,205,,836,5,,,0,87,,837,5,,,0,34,,835,5,,,0,74,,842,5,,,0,234,,838,5,,,0,109,,839,5,,,0,103,,840,5,,,0
200,'5222',1834,,843,5,,,0,471,,844,5,,,0
200,'5227',731,,857,5,,,0,172,,851,5,,,0,101,,853,5,,,0,100,,852,5,,,0,101,,854,5,,,0,100,,855,5,,,0,101,,856,5,,,0,100,,845,5,,,0,100,,846,5,,,0,100,,862,5,,,0,99,,847,5,,,0,100,,848,5,,,0,99,,849,5,,,0,100,,850,5,,,0,100,,859,5,,,0,98,,858,5,,,0,114,,860,5,,,0,99,,861,5,,,0
200,'5228',757,,873,5,,,0,100,,874,5,,,0,101,,872,5,,,0,146,,863,5,,,0,101,,867,5,,,0,100,,865,5,,,0,101,,870,5,,,0,100,,864,5,,,0,100,,869,5,,,0,100,,875,5,,,0,99,,866,5,,,0,100,,871,5,,,0,99,,868,5,,,0,105,,878,5,,,0,99,,877,5,,,0,104,,876,5,,,0
200,'5254',1834,,500,5,,,0,471,,501,5,,,0
200,'5256',618,,879,5,,,0,109,,880,5,,,0,27,,893,5,,,0,67,,881,5,,,0,18,,883,5,,,0,108,,882,5,,,0,110,,885,5,,,0,146,,884,5,,,0,106,,886,5,,,0,205,,888,5,,,0,87,,889,5,,,0,34,,887,5,,,0,74,,894,5,,,0,234,,890,5,,,0,109,,891,5,,,0,103,,892,5,,,0
200,'5257',1834,,895,5,,,0,471,,896,5,,,0
200,'5258',1414,,897,5,,,0,330,,898,5,,,0
200,'5259',1414,,899,5,,,0,330,,900,5,,,0
200,'5260',1834,,901,5,,,0,471,,902,5,,,0,204,,903,5,0,5 6,0
200,'5261',1414,,904,5,,,0,330,,905,5,,,0
200,'5262',1414,,906,5,,,0,330,,907,5,,,0
900,'4965',747,,621,4,,,0,105,,623,4,,,0,100,,622,4,,,0,100,,625,4,,,0,160,,624,4,,,0,40,,627,4,,,0,100,,626,4,,,0,100,,628,4,,,0,165,,630,4,,,0,100,,629,4,,,0,90,,631,4,,,0,106,,632,4,,,0,113,,633,4,,,0
900,'5014',747,,1320,4,,,0,105,,1322,4,,,0,100,,1321,4,,,0,100,,1324,4,,,0,160,,1323,4,,,0,40,,1326,4,,,0,100,,1325,4,,,0,100,,1327,4,,,0,165,,1329,4,,,0,100,,1328,4,,,0,90,,1330,4,,,0,106,,1331,4,,,0,113,,1332,4,,,0
900,'5256',747,,1333,4,,,0,105,,1335,4,,,0,100,,1334,4,,,0,100,,1337,4,,,0,160,,1336,4,,,0,40,,1339,4,,,0,100,,1338,4,,,0,100,,1340,4,,,0,165,,1342,4,,,0,100,,1341,4,,,0,90,,1343,4,,,0,106,,1344,4,,,0,113,,1345,4,,,0
