100,'4480',625,,1411,11,,,0,92,,1412,11,,,0,25,,1425,11,,,0,81,,1413,11,,,0,110,,1414,11,,,0,99,,1415,11,,,0,101,,1416,10,,,0,110,,1418,11,,,0,110,,1417,11,,,0,70,,1419,11,,,0,97,,1421,11,,,0,84,,1427,11,,,0,47,,1420,11,,,0,159,,1426,11,,,0,49,,1422,11,,,0,162,,1423,11,,,0,238,,1424,11,,,0
100,'4623',1730,,1372,11,,,0,212,,1376,11,,,0,197,,1373,11,,,0,269,,1374,11,,,0,124,,1375,11,0,5 6,0
100,'4661',1730,,1428,11,,,0,212,,1431,11,,,0,197,,1429,11,,,0,269,,1430,11,,,0
100,'4663',1730,,1434,11,,,0,212,,1438,11,,,0,197,,1435,11,,,0,269,,1436,11,,,0,124,,1437,11,0,5 6,0
100,'4822',819,,343,11,,,0,107,,344,11,,,0,101,,341,11,,,0,100,,333,11,,,0,102,,339,11,,,0,100,,334,11,,,0,100,,340,11,,,0,100,,335,11,,,0,100,,337,11,,,0,100,,345,11,,,0,99,,336,11,,,0,109,,338,11,,,0,99,,342,11,,,0,100,,347,11,,,0,105,,346,11,,,0
100,'5014',625,,1377,11,,,0,92,,1378,11,,,0,25,,1390,11,,,0,81,,1379,11,,,0,110,,1380,11,,,0,99,,1381,11,,,0,101,,1382,10,,,0,110,,1384,11,,,0,110,,1383,11,,,0,70,,1385,11,,,0,181,,1392,11,,,0,47,,1386,11,,,0,159,,1391,11,,,0,49,,1387,11,,,0,162,,1388,11,,,0,238,,1389,11,,,0
100,'5222',1730,,1393,11,,,0,212,,1396,11,,,0,197,,1394,11,,,0,269,,1395,11,,,0
100,'5227',723,,679,11,,,0,100,,674,11,,,0,102,,675,11,,,0,101,,676,11,,,0,100,,677,11,,,0,101,,678,11,,,0,102,,672,11,,,0,100,,673,11,,,0,100,,684,11,,,0,100,,1401,11,,,0,100,,1405,11,,,0,99,,1402,11,,,0,109,,1403,11,,,0,99,,1404,11,,,0,104,,1398,11,,,0,110,,1400,11,,,0,154,,1397,11,,,0,54,,1399,11,0,5 6,0
100,'5228',819,,1410,11,,,0,107,,1409,11,,,0,101,,698,11,,,0,100,,1406,11,,,0,102,,1407,11,,,0,100,,691,11,,,0,100,,1408,11,,,0,100,,692,11,,,0,100,,694,11,,,0,100,,702,11,,,0,99,,693,11,,,0,109,,695,11,,,0,99,,699,11,,,0,100,,704,11,,,0,105,,703,11,,,0
100,'5258',1524,,1432,11,,,0
100,'5259',1524,,1433,11,,,0
100,'5261',1524,,1439,11,,,0
100,'5262',1524,,1440,11,,,0
