301,'4623',2218,,1639,19,,,0
301,'4822',733,,568,19,,,0,176,,566,19,,,0,100,,558,19,,,0,106,,561,19,,,0,100,,557,19,,,0,100,,559,19,,,0,100,,562,19,,,0,100,,560,19,,,0,100,,563,19,,,0,100,,565,19,,,0,99,,564,19,,,0,100,,567,19,,,0,104,,569,19,,,0,100,,570,19,,,0
301,'4826',653,,585,19,,,0,161,,578,19,,,0,100,,579,19,,,0,100,,583,19,,,0,101,,580,19,,,0,100,,581,19,,,0,100,,584,19,,,0,100,,575,19,,,0,100,,574,19,,,0,100,,576,19,,,0,100,,572,19,,,0,99,,577,19,,,0,100,,571,19,,,0,99,,573,19,,,0,100,,582,19,,,0,100,,586,19,,,0,115,,587,19,,,0
301,'4965',628,,589,19,,,0,30,,590,19,,,0,70,,591,19,,,0,79,,593,19,,,0,27,,592,19,,,0,100,,595,19,,,0,80,,594,19,,,0,101,,597,19,,,0,90,,596,19,,,0,50,,601,19,,,0,100,,599,19,,,0,80,,598,19,,,0,76,,600,19,,,0,32,,604,19,,,0,67,,608,19,,,0,35,,603,19,,,0,75,,605,19,,,0,85,,602,19,,,0,44,,606,19,,,0,95,,607,19,,,0,159,,609,19,,,0,231,,610,19,,,0
301,'4967',2218,,588,19,,,0
301,'5014',628,,1640,19,,,0,30,,1641,19,,,0,70,,1642,19,,,0,79,,1644,19,,,0,27,,1643,19,,,0,100,,1646,19,,,0,80,,1645,19,,,0,101,,1648,19,,,0,90,,1647,19,,,0,50,,1652,19,,,0,100,,1650,19,,,0,80,,1649,19,,,0,76,,1651,19,,,0,32,,1654,19,,,0,177,,1655,19,,,0,85,,1653,19,,,0,44,,1656,19,,,0,95,,1657,19,,,0,159,,1658,19,,,0,231,,1659,19,,,0
301,'5222',2218,,1660,19,,,0
301,'5227',653,,1029,19,,,0,161,,1022,19,,,0,100,,1023,19,,,0,100,,1026,19,,,0,101,,1024,19,,,0,100,,1021,19,,,0,100,,1667,19,,,0,100,,1018,19,,,0,100,,1017,19,,,0,100,,1664,19,,,0,100,,1662,19,,,0,99,,1665,19,,,0,100,,1661,19,,,0,99,,1663,19,,,0,100,,1666,19,,,0,100,,1669,19,,,0,115,,1668,19,,,0
301,'5228',733,,1675,19,,,0,176,,1674,19,,,0,100,,1671,19,,,0,106,,1035,19,,,0,100,,1670,19,,,0,100,,1672,19,,,0,100,,1036,19,,,0,100,,1673,19,,,0,100,,1037,19,,,0,100,,1039,19,,,0,99,,1038,19,,,0,100,,1041,19,,,0,104,,1043,19,,,0,100,,1044,19,,,0
301,'5254',2218,,611,19,,,0
301,'5256',628,,1676,19,,,0,30,,1677,19,,,0,70,,1678,19,,,0,79,,1680,19,,,0,27,,1679,19,,,0,100,,1682,19,,,0,80,,1681,19,,,0,101,,1684,19,,,0,90,,1683,19,,,0,50,,1688,19,,,0,100,,1686,19,,,0,80,,1685,19,,,0,76,,1687,19,,,0,32,,1690,19,,,0,177,,1691,19,,,0,85,,1689,19,,,0,44,,1692,19,,,0,95,,1693,19,,,0,159,,1694,19,,,0,231,,1695,19,,,0
301,'5257',2218,,1696,19,,,0
301,'5258',1610,,1698,19,,,0,35,,1697,19,,,0
301,'5259',1610,,1700,19,,,0,35,,1699,19,,,0
301,'5260',2218,,1701,19,,,0
301,'5261',1610,,1703,19,,,0,35,,1702,19,,,0
301,'5262',1610,,1705,19,,,0,35,,1704,19,,,0
