1,100,'4822',333,334,335,336,337,338,339,340,341,342,343,344,345,346,347
1,100,'4826',348,349,350,351,352,353,354,355,356,357,358,359,360,361,362,363,364,365
1,100,'4965',34,371,372,373,374,39,40,41,375,376,377,378,379,380,381,382,383,384
1,100,'4967',366,367,368,369,370
1,100,'5254',385,386,387,388
1,101,'4822',389,390,391,392,393,394,395,396,397,398,399,400,401,402,403
1,101,'4826',404,405,406,407,408,409,410,411,412,413,414,415,416,417,418,419,420,421
1,101,'4965',94,428,429,430,431,99,100,101,432,433,434,435,436,437,438,439,440,441
1,101,'4967',422,423,424,425,426,427
1,101,'5254',442,443,444,445,446
2,200,'4822',447,448,449,450,451,452,453,454,455,456,457,458,459,460,461,462
2,200,'4826',463,464,465,466,467,468,469,470,471,472,473,474,475,476,477,478,479,480
2,200,'4965',484,158,485,160,486,487,488,489,490,491,492,493,494,495,496,497,498,499
2,200,'4967',481,482,483
2,200,'5254',500,501
2,201,'4822',502,503,504,505,506,507,508,509,510,511,512,513,514,515,516,517
2,201,'4826',518,519,520,521,522,523,524,525,526,527,528,529,530,531,532,533,534,535
2,201,'4965',539,215,540,541,218,542,543,544,545,546,547,548,549,550,551,552,553,554
2,201,'4967',536,537,538
2,201,'5254',555,556
3,301,'4822',557,558,559,560,561,562,563,564,565,566,567,568,569,570
3,301,'4826',571,572,573,574,575,576,577,578,579,580,581,582,583,584,585,586,587
3,301,'4965',589,590,591,592,593,594,595,596,597,598,599,600,601,602,603,604,605,606,607,608,609,610
3,301,'4967',588
3,301,'5254',611
4,400,'4965',614,293,294,295,615
4,400,'4967',612,613
4,400,'5254',616,617
4,401,'4965',301,302,303,619
4,401,'4967',618
4,401,'5254',620
9,900,'4965',621,622,623,624,625,626,627,628,629,630,631,632,633
9,901,'4965',634,635,636,637,638,639,640,641,642,643,644,645,646
