201,'4623',2254,,909,31,,,0,204,,910,31,,,0
201,'4822',749,,512,31,,,0,100,,513,31,,,0,101,,511,31,,,0,105,,504,31,,,0,101,,505,31,,,0,100,,503,31,,,0,101,,507,31,,,0,100,,502,31,,,0,100,,508,31,,,0,100,,514,31,,,0,99,,509,31,,,0,100,,510,31,,,0,99,,506,31,,,0,145,,516,31,,,0,59,,517,31,,,0,145,,515,31,,,0
201,'4826',854,,524,31,,,0,101,,525,31,,,0,100,,526,31,,,0,101,,527,31,,,0,100,,528,31,,,0,101,,529,31,,,0,100,,518,31,,,0,100,,519,31,,,0,100,,535,31,,,0,99,,520,31,,,0,100,,521,31,,,0,99,,522,31,,,0,100,,523,31,,,0,100,,533,31,,,0,99,,531,31,,,0,154,,532,31,,,0,99,,534,31,,,0
201,'4965',716,,215,31,,,0,1325,,551,31,,,0,103,,552,31,,,0
201,'4967',2254,,537,31,,,0,204,,538,31,,,0
201,'5014',716,,912,31,,,0,1325,,923,31,,,0,103,,924,31,,,0
201,'5222',2254,,928,31,,,0
201,'5227',854,,935,31,,,0,101,,936,31,,,0,100,,937,31,,,0,101,,938,31,,,0,100,,939,31,,,0,101,,940,31,,,0,100,,929,31,,,0,100,,930,31,,,0,100,,946,31,,,0,99,,931,31,,,0,100,,932,31,,,0,99,,933,31,,,0,100,,934,31,,,0,100,,944,31,,,0,99,,942,31,,,0,154,,943,31,,,0,99,,945,31,,,0
201,'5228',749,,957,31,,,0,100,,958,31,,,0,101,,956,31,,,0,105,,949,31,,,0,101,,950,31,,,0,100,,948,31,,,0,101,,952,31,,,0,100,,947,31,,,0,100,,953,31,,,0,100,,959,31,,,0,99,,954,31,,,0,100,,955,31,,,0,99,,951,31,,,0,145,,961,31,,,0,59,,962,31,,,0,145,,960,31,,,0
201,'5254',2254,,556,31,,,0
201,'5256',716,,964,31,,,0,1325,,975,31,,,0,103,,976,31,,,0
201,'5257',2254,,980,31,,,0
201,'5260',2254,,986,31,,,0,204,,987,31,,,0
901,'4965',745,,634,31,,,0,105,,635,31,,,0,100,,636,31,,,0,100,,637,31,,,0,102,,638,31,,,0,98,,639,31,,,0,100,,640,31,,,0,100,,641,31,,,0,165,,642,31,,,0,100,,643,31,,,0,90,,644,31,,,0,106,,645,31,,,0,113,,646,31,,,0
901,'5014',745,,1346,31,,,0,105,,1347,31,,,0,100,,1348,31,,,0,100,,1349,31,,,0,102,,1350,31,,,0,98,,1351,31,,,0,100,,1352,31,,,0,100,,1353,31,,,0,165,,1354,31,,,0,100,,1355,31,,,0,90,,1356,31,,,0,106,,1357,31,,,0,113,,1358,31,,,0
901,'5256',745,,1359,31,,,0,105,,1360,31,,,0,100,,1361,31,,,0,100,,1362,31,,,0,102,,1363,31,,,0,98,,1364,31,,,0,100,,1365,31,,,0,100,,1366,31,,,0,165,,1367,31,,,0,100,,1368,31,,,0,90,,1369,31,,,0,106,,1370,31,,,0,113,,1371,31,,,0
