200,'4623',1832,,1511,1,,,0,471,,1512,1,,,0,204,,1513,1,0,5 6,0
200,'4822',756,,457,1,,,0,100,,458,1,,,0,101,,456,1,,,0,146,,447,1,,,0,101,,451,1,,,0,100,,449,1,,,0,101,,454,1,,,0,100,,448,1,,,0,100,,453,1,,,0,100,,459,1,,,0,99,,450,1,,,0,100,,455,1,,,0,99,,452,1,,,0,105,,462,1,,,0,99,,461,1,,,0,104,,460,1,,,0
200,'4826',730,,475,1,,,0,172,,469,1,,,0,101,,471,1,,,0,100,,470,1,,,0,101,,472,1,,,0,100,,473,1,,,0,101,,474,1,,,0,100,,463,1,,,0,100,,464,1,,,0,100,,480,1,,,0,99,,465,1,,,0,100,,466,1,,,0,99,,467,1,,,0,100,,468,1,,,0,100,,477,1,,,0,98,,476,1,,,0,114,,478,1,,,0,99,,479,1,,,0
200,'4965',616,,484,1,,,0,109,,158,1,,,0,27,,498,1,,,0,67,,485,1,,,0,18,,486,1,,,0,108,,160,1,,,0,110,,488,1,,,0,146,,487,1,,,0,106,,489,1,,,0,105,,490,1,,,0,100,,493,1,,,0,47,,494,1,,,0,74,,492,1,,,0,74,,499,1,,,0,35,,491,1,,,0,199,,495,1,,,0,109,,496,1,,,0,103,,497,1,,,0
200,'4967',1832,,481,1,,,0,471,,482,1,,,0,204,,483,1,0,5 6,0
200,'5014',616,,1514,1,,,0,109,,1515,1,,,0,27,,1528,1,,,0,67,,1516,1,,,0,18,,1518,1,,,0,108,,1517,1,,,0,110,,1520,1,,,0,146,,1519,1,,,0,106,,1521,1,,,0,205,,1523,1,,,0,47,,1524,1,,,0,74,,1522,1,,,0,74,,1529,1,,,0,234,,1525,1,,,0,109,,1526,1,,,0,103,,1527,1,,,0
200,'5222',1832,,1530,1,,,0,471,,1531,1,,,0
200,'5227',730,,857,1,,,0,172,,851,1,,,0,101,,853,1,,,0,100,,852,1,,,0,101,,854,1,,,0,100,,855,1,,,0,101,,856,1,,,0,100,,845,1,,,0,100,,846,1,,,0,100,,1540,1,,,0,99,,1532,1,,,0,100,,1533,1,,,0,99,,1534,1,,,0,100,,1535,1,,,0,100,,1537,1,,,0,98,,1536,1,,,0,114,,1538,1,,,0,99,,1539,1,,,0
200,'5228',756,,873,1,,,0,100,,874,1,,,0,101,,1545,1,,,0,146,,1541,1,,,0,101,,867,1,,,0,100,,1542,1,,,0,101,,1544,1,,,0,100,,864,1,,,0,100,,1543,1,,,0,100,,875,1,,,0,99,,866,1,,,0,100,,871,1,,,0,99,,868,1,,,0,105,,878,1,,,0,99,,877,1,,,0,104,,876,1,,,0
200,'5254',1832,,500,1,,,0,471,,501,1,,,0
200,'5256',616,,1546,1,,,0,109,,1547,1,,,0,27,,1560,1,,,0,67,,1548,1,,,0,18,,1550,1,,,0,108,,1549,1,,,0,110,,1552,1,,,0,146,,1551,1,,,0,106,,1553,1,,,0,205,,1555,1,,,0,47,,1556,1,,,0,74,,1554,1,,,0,74,,1561,1,,,0,234,,1557,1,,,0,109,,1558,1,,,0,103,,1559,1,,,0
200,'5257',1832,,1562,1,,,0,471,,1563,1,,,0
200,'5258',1412,,1564,1,,,0,330,,1565,1,,,0
200,'5259',1412,,1566,1,,,0,330,,1567,1,,,0
200,'5260',1832,,1568,1,,,0,471,,1569,1,,,0,204,,1570,1,0,5 6,0
200,'5261',1412,,1571,1,,,0,330,,1572,1,,,0
200,'5262',1412,,1573,1,,,0,330,,1574,1,,,0
201,'4623',1832,,1575,37,4,,0,471,,1576,41,4,,0,204,,1577,41,4,,0
201,'4822',756,,512,41,4,,0,100,,513,41,4,,0,101,,511,41,4,,0,146,,504,41,4,,0,101,,505,41,4,,0,100,,503,41,4,,0,101,,507,41,4,,0,100,,502,41,4,,0,100,,508,41,4,,0,100,,514,41,4,,0,99,,509,41,4,,0,100,,510,41,4,,0,99,,506,41,4,,0,105,,516,41,4,,0,99,,517,41,4,,0,104,,515,41,4,,0
201,'4826',730,,530,37,4,,0,172,,524,41,4,,0,101,,525,41,4,,0,100,,526,41,4,,0,101,,527,41,4,,0,100,,528,41,4,,0,101,,529,41,4,,0,100,,518,41,4,,0,100,,519,41,4,,0,100,,535,41,4,,0,99,,520,41,4,,0,100,,521,41,4,,0,99,,522,41,4,,0,100,,523,41,4,,0,100,,533,41,4,,0,98,,531,41,4,,0,114,,532,41,4,,0,99,,534,41,4,,0
201,'4965',616,,539,15,4,,0,109,,215,41,4,,0,27,,553,37,4,,0,67,,540,37,4,,0,18,,541,37,4,,0,108,,218,37,4,,0,110,,543,37,4,,0,146,,542,37,4,,0,106,,544,37,4,,0,105,,545,37,4,,0,100,,546,37,4,,0,47,,549,37,4,,0,74,,548,37,4,,0,74,,554,37,4,,0,35,,547,37,4,,0,199,,550,37,4,,0,109,,551,41,4,,0,103,,552,41,4,,0
201,'4967',1832,,536,37,4,,0,471,,537,41,4,,0,204,,538,41,4,,0
201,'5014',616,,1578,15,4,,0,109,,1579,41,4,,0,27,,1592,37,4,,0,67,,1580,37,4,,0,18,,1581,37,4,,0,108,,1582,37,4,,0,110,,1584,37,4,,0,146,,1583,37,4,,0,106,,1585,37,4,,0,205,,1586,37,4,,0,47,,1588,37,4,,0,74,,1587,37,4,,0,74,,1593,37,4,,0,234,,1589,37,4,,0,109,,1590,41,4,,0,103,,1591,41,4,,0
201,'5222',1832,,1594,37,4,,0,471,,1595,41,4,,0
201,'5227',730,,941,37,4,,0,172,,935,41,4,,0,101,,936,41,4,,0,100,,937,41,4,,0,101,,938,41,4,,0,100,,939,41,4,,0,101,,940,41,4,,0,100,,929,41,4,,0,100,,930,41,4,,0,100,,1604,41,4,,0,99,,1596,41,4,,0,100,,1597,41,4,,0,99,,1598,41,4,,0,100,,1599,41,4,,0,100,,1602,41,4,,0,98,,1600,41,4,,0,114,,1601,41,4,,0,99,,1603,41,4,,0
201,'5228',756,,957,41,4,,0,100,,958,41,4,,0,101,,1609,41,4,,0,146,,1606,41,4,,0,101,,950,41,4,,0,100,,1605,41,4,,0,101,,1607,41,4,,0,100,,947,41,4,,0,100,,1608,41,4,,0,100,,959,41,4,,0,99,,954,41,4,,0,100,,955,41,4,,0,99,,951,41,4,,0,105,,961,41,4,,0,99,,962,41,4,,0,104,,960,41,4,,0
201,'5254',1832,,555,37,4,,0,471,,556,41,4,,0
201,'5256',616,,1610,15,4,,0,109,,1611,41,4,,0,27,,1624,37,4,,0,67,,1612,37,4,,0,18,,1613,37,4,,0,108,,1614,37,4,,0,110,,1616,37,4,,0,146,,1615,37,4,,0,106,,1617,37,4,,0,205,,1618,37,4,,0,47,,1620,37,4,,0,74,,1619,37,4,,0,74,,1625,37,4,,0,234,,1621,37,4,,0,109,,1622,41,4,,0,103,,1623,41,4,,0
201,'5257',1832,,1626,37,4,,0,471,,1627,41,4,,0
201,'5258',1412,,1628,37,4,,0,330,,1629,37,4,,0
201,'5259',1412,,1630,37,4,,0,330,,1631,37,4,,0
201,'5260',1832,,1632,37,4,,0,471,,1633,41,4,,0,204,,1634,41,4,,0
201,'5261',1412,,1635,37,4,,0,330,,1636,37,4,,0
201,'5262',1412,,1637,37,4,,0,330,,1638,37,4,,0
