101,'4623',1711,,735,26,,,0,213,,739,26,,,0,197,,736,26,,,0,229,,737,26,,,0,164,,738,3,,,0
101,'4822',802,,399,26,,,0,107,,401,26,,,0,100,,397,26,,,0,100,,389,26,,,0,102,,393,26,,,0,99,,391,26,,,0,100,,395,26,,,0,100,,390,26,,,0,101,,394,26,,,0,100,,400,26,,,0,99,,392,26,,,0,109,,396,26,,,0,99,,398,26,,,0,100,,402,26,,,0,105,,403,26,,,0
101,'4826',706,,415,26,,,0,100,,410,26,,,0,102,,411,26,,,0,100,,412,26,,,0,100,,413,26,,,0,101,,414,26,,,0,101,,404,26,,,0,100,,408,26,,,0,100,,407,26,,,0,101,,406,26,,,0,100,,421,26,,,0,99,,405,26,,,0,109,,409,26,,,0,99,,416,26,,,0,104,,419,26,,,0,110,,417,26,,,0,114,,418,26,,,0,94,,420,26,,,0
101,'4965',658,,428,26,,,0,65,,439,26,,,0,80,,429,26,,,0,112,,430,26,,,0,99,,431,26,,,0,101,,99,26,,,0,109,,100,26,,,0,110,,101,26,,,0,70,,432,26,,,0,98,,435,6,,,0,2,,433,26,,,0,40,,441,26,,,0,88,,434,26,,,0,119,,440,26,,,0,89,,436,26,,,0,163,,437,26,,,0,238,,438,26,,,0
101,'4967',1711,,422,26,,,0,213,,427,26,,,0,197,,424,26,,,0,229,,425,26,,,0,164,,426,3,,,0
101,'5014',658,,741,26,,,0,65,,753,26,,,0,80,,742,26,,,0,112,,743,26,,,0,99,,744,26,,,0,101,,745,26,,,0,109,,746,26,,,0,110,,747,26,,,0,70,,748,26,,,0,140,,755,26,,,0,88,,749,26,,,0,119,,754,26,,,0,89,,750,26,,,0,163,,751,26,,,0,238,,752,26,,,0
101,'5222',1711,,756,26,,,0,213,,759,26,,,0,197,,757,26,,,0,229,,758,26,,,0
101,'5227',706,,771,26,,,0,100,,766,26,,,0,102,,767,26,,,0,100,,768,26,,,0,100,,769,26,,,0,101,,770,26,,,0,101,,760,26,,,0,100,,764,26,,,0,100,,763,26,,,0,101,,762,26,,,0,100,,777,26,,,0,99,,761,26,,,0,109,,765,26,,,0,99,,772,26,,,0,104,,774,26,,,0,110,,773,26,,,0,114,,775,26,,,0,94,,776,26,,,0
101,'5228',802,,788,26,,,0,107,,790,26,,,0,100,,786,26,,,0,100,,778,26,,,0,102,,782,26,,,0,99,,780,26,,,0,100,,784,26,,,0,100,,779,26,,,0,101,,783,26,,,0,100,,789,26,,,0,99,,781,26,,,0,109,,785,26,,,0,99,,787,26,,,0,100,,791,26,,,0,105,,792,26,,,0
101,'5254',1711,,442,26,,,0,213,,446,26,,,0,197,,444,26,,,0,229,,445,26,,,0
101,'5256',658,,794,26,,,0,65,,808,26,,,0,80,,795,26,,,0,112,,796,26,,,0,99,,797,26,,,0,101,,798,26,,,0,109,,799,26,,,0,110,,800,26,,,0,70,,801,26,,,0,98,,804,6,,,0,42,,810,26,,,0,88,,802,26,,,0,119,,809,26,,,0,89,,805,26,,,0,163,,806,26,,,0,238,,807,26,,,0
101,'5257',1711,,811,26,,,0,213,,814,26,,,0,197,,812,26,,,0,229,,813,26,,,0
101,'5258',1504,,815,26,,,0
101,'5259',1504,,816,26,,,0
101,'5260',1711,,817,26,,,0,213,,821,26,,,0,197,,818,26,,,0,229,,819,26,,,0,164,,820,3,,,0
101,'5261',1504,,822,26,,,0
101,'5262',1504,,823,26,,,0
