200,'4480',620,,1546,7,,,0,109,,1547,7,,,0,27,,1560,7,,,0,67,,1548,7,,,0,18,,1550,7,,,0,108,,1549,7,,,0,110,,1552,7,,,0,146,,1551,7,,,0,106,,1553,7,,,0,205,,1555,7,,,0,87,,1556,7,,,0,34,,1554,7,,,0,74,,1561,7,,,0,234,,1557,7,,,0,109,,1558,7,,,0,103,,1559,7,,,0
200,'4623',1836,,1511,7,,,0,471,,1512,7,,,0,204,,1513,7,0,5 6,0
200,'4661',1836,,1562,7,,,0,471,,1563,7,,,0
200,'4663',1836,,1568,7,,,0,471,,1569,7,,,0,204,,1570,7,0,5 6,0
200,'4822',758,,457,7,,,0,100,,458,7,,,0,101,,456,7,,,0,146,,447,7,,,0,101,,451,7,,,0,100,,449,7,,,0,101,,454,7,,,0,100,,448,7,,,0,100,,453,7,,,0,100,,459,7,,,0,99,,450,7,,,0,100,,455,7,,,0,99,,452,7,,,0,105,,462,7,,,0,99,,461,7,,,0,104,,460,7,,,0
200,'5014',620,,1514,7,,,0,109,,1515,7,,,0,27,,1528,7,,,0,67,,1516,7,,,0,18,,1518,7,,,0,108,,1517,7,,,0,110,,1520,7,,,0,146,,1519,7,,,0,106,,1521,7,,,0,205,,1523,7,,,0,87,,1524,7,,,0,34,,1522,7,,,0,74,,1529,7,,,0,234,,1525,7,,,0,109,,1526,7,,,0,103,,1527,7,,,0
200,'5222',1836,,1530,7,,,0,471,,1531,7,,,0
200,'5227',732,,857,7,,,0,172,,851,7,,,0,101,,853,7,,,0,100,,852,7,,,0,101,,854,7,,,0,100,,855,7,,,0,101,,856,7,,,0,100,,845,7,,,0,100,,846,7,,,0,100,,1540,7,,,0,99,,1532,7,,,0,100,,1533,7,,,0,99,,1534,7,,,0,100,,1535,7,,,0,100,,1537,7,,,0,98,,1536,7,,,0,114,,1538,7,,,0,99,,1539,7,,,0
200,'5228',758,,873,7,,,0,100,,874,7,,,0,101,,1545,7,,,0,146,,1541,7,,,0,101,,867,7,,,0,100,,1542,7,,,0,101,,1544,7,,,0,100,,864,7,,,0,100,,1543,7,,,0,100,,875,7,,,0,99,,866,7,,,0,100,,871,7,,,0,99,,868,7,,,0,105,,878,7,,,0,99,,877,7,,,0,104,,876,7,,,0
200,'5258',1416,,1564,7,,,0,330,,1565,7,,,0
200,'5259',1416,,1566,7,,,0,330,,1567,7,,,0
200,'5261',1416,,1571,7,,,0,330,,1572,7,,,0
200,'5262',1416,,1573,7,,,0,330,,1574,7,,,0
