101,'4480',657,,1481,23,,,0,64,,1495,23,,,0,80,,1482,23,,,0,112,,1483,23,,,0,99,,1484,23,,,0,101,,1485,23,,,0,109,,1486,23,,,0,110,,1487,23,,,0,70,,1488,23,,,0,98,,1491,3,,,0,32,,1490,23,0,5 6,0,9,,1497,23,,,0,88,,1489,23,,,0,119,,1496,23,,,0,89,,1492,23,,,0,163,,1493,23,,,0,239,,1494,23,,,0
101,'4532',705,,771,23,,,0,100,,766,23,,,0,102,,767,23,,,0,100,,768,23,,,0,100,,769,23,,,0,101,,770,23,,,0,100,,760,23,,,0,100,,764,23,,,0,100,,763,23,,,0,100,,1467,23,,,0,100,,1474,23,,,0,99,,1466,23,,,0,110,,1468,23,,,0,99,,1469,23,,,0,104,,1471,23,,,0,110,,1470,23,,,0,114,,1472,23,,,0,95,,1473,23,,,0
101,'4623',1708,,1441,23,,,0,213,,1445,23,,,0,198,,1442,23,,,0,229,,1443,23,,,0
101,'4661',1708,,1498,23,,,0,213,,1501,23,,,0,198,,1499,23,,,0,229,,1500,23,,,0
101,'4663',1708,,1504,23,,,0,213,,1508,23,,,0,198,,1505,23,,,0,229,,1506,23,,,0
101,'5014',657,,1447,23,,,0,64,,1459,23,,,0,80,,1448,23,,,0,112,,1449,23,,,0,99,,1450,23,,,0,101,,1451,23,,,0,109,,1452,23,,,0,110,,1453,23,,,0,70,,1454,23,,,0,139,,1461,23,,,0,88,,1455,23,,,0,119,,1460,23,,,0,89,,1456,23,,,0,163,,1457,23,,,0,239,,1458,23,,,0
101,'5222',1708,,1462,23,,,0,213,,1465,23,,,0,198,,1463,23,,,0,229,,1464,23,,,0
101,'5228',801,,1478,23,,,0,107,,1479,23,,,0,100,,786,23,,,0,100,,1475,23,,,0,102,,1476,23,,,0,98,,780,23,,,0,100,,1477,23,,,0,100,,779,23,,,0,100,,783,23,,,0,100,,789,23,,,0,99,,781,23,,,0,110,,785,23,,,0,99,,787,23,,,0,100,,791,23,,,0,105,,792,23,,,0
101,'5258',1502,,1502,23,,,0
101,'5259',1502,,1503,23,,,0
101,'5261',1502,,1509,23,,,0
101,'5262',1502,,1510,23,,,0
201,'4480',604,,1610,3,,,0,105,,1611,25,,,0,31,,1624,25,,,0,67,,1612,25,,,0,18,,1613,25,,,0,108,,1614,25,,,0,110,,1616,25,,,0,106,,1615,25,,,0,106,,1617,25,,,0,245,,1618,25,,,0,47,,1620,25,,,0,74,,1619,25,,,0,34,,1625,25,,,0,274,,1621,25,,,0,105,,1622,25,,,0,103,,1623,25,,,0
201,'4532',720,,941,25,,,0,127,,935,25,,,0,101,,936,25,,,0,100,,937,25,,,0,101,,938,25,,,0,100,,939,25,,,0,101,,940,25,,,0,100,,929,25,,,0,100,,930,25,,,0,100,,1604,25,,,0,99,,1596,25,,,0,100,,1597,25,,,0,99,,1598,25,,,0,100,,1599,25,,,0,100,,1602,25,,,0,99,,1600,25,,,0,154,,1601,25,,,0,99,,1603,25,,,0
201,'4623',1820,,1575,25,,,0,427,,1576,25,,,0,204,,1577,25,,,0
201,'4661',1820,,1626,25,,,0,427,,1627,25,,,0
201,'4663',1820,,1632,25,,,0,427,,1633,25,,,0,204,,1634,25,,,0
201,'5014',604,,1578,3,,,0,105,,1579,25,,,0,31,,1592,25,,,0,67,,1580,25,,,0,18,,1581,25,,,0,108,,1582,25,,,0,110,,1584,25,,,0,106,,1583,25,,,0,106,,1585,25,,,0,245,,1586,25,,,0,47,,1588,25,,,0,74,,1587,25,,,0,34,,1593,25,,,0,274,,1589,25,,,0,105,,1590,25,,,0,103,,1591,25,,,0
201,'5222',1820,,1594,25,,,0,427,,1595,25,,,0
201,'5228',742,,957,25,,,0,100,,958,25,,,0,101,,1609,25,,,0,105,,1606,25,,,0,101,,950,25,,,0,100,,1605,25,,,0,101,,1607,25,,,0,100,,947,25,,,0,100,,1608,25,,,0,100,,959,25,,,0,99,,954,25,,,0,100,,955,25,,,0,99,,951,25,,,0,105,,961,25,,,0,99,,962,25,,,0,105,,960,25,,,0
201,'5258',1400,,1628,25,,,0,330,,1629,25,,,0
201,'5259',1400,,1630,25,,,0,330,,1631,25,,,0
201,'5261',1400,,1635,25,,,0,330,,1636,25,,,0
201,'5262',1400,,1637,25,,,0,330,,1638,25,,,0
401,'4480',811,,1728,10,,,0,37,,1727,10,,,0,599,,1729,10,,,0,257,,1730,10,,,0
401,'4623',1624,,1721,10,,,0
401,'4661',1624,,1731,10,,,0
401,'4663',1624,,1732,10,,,0
401,'5014',811,,1723,10,,,0,37,,1722,10,,,0,599,,1724,10,,,0,257,,1725,10,,,0
401,'5222',1624,,1726,10,,,0
900,'4480',751,,1964,9,,,0,105,,1966,9,,,0,100,,1965,9,,,0,100,,1968,9,,,0,160,,1967,9,,,0,40,,1970,9,,,0,100,,1969,9,,,0,100,,1971,9,,,0,165,,1973,9,,,0,100,,1972,9,,,0,90,,1974,9,,,0,106,,1975,9,,,0,113,,1976,9,,,0
900,'5014',751,,1951,9,,,0,105,,1953,9,,,0,100,,1952,9,,,0,100,,1955,9,,,0,160,,1954,9,,,0,40,,1957,9,,,0,100,,1956,9,,,0,100,,1958,9,,,0,165,,1960,9,,,0,100,,1959,9,,,0,90,,1961,9,,,0,106,,1962,9,,,0,113,,1963,9,,,0
