100,'4623',1722,,647,2,,,0,212,,651,2,,,0,197,,648,2,,,0,269,,649,2,,,0,124,,650,2,0,5 6,0
100,'4822',811,,343,2,,,0,107,,344,2,,,0,101,,341,2,,,0,100,,333,2,,,0,102,,339,2,,,0,100,,334,2,,,0,100,,340,2,,,0,100,,335,2,,,0,100,,337,2,,,0,100,,345,2,,,0,99,,336,2,,,0,109,,338,2,,,0,99,,342,2,,,0,100,,347,2,,,0,105,,346,2,,,0
100,'4826',715,,355,2,,,0,100,,350,2,,,0,102,,351,2,,,0,101,,352,2,,,0,100,,353,2,,,0,101,,354,2,,,0,102,,348,2,,,0,100,,349,2,,,0,100,,360,2,,,0,100,,361,2,,,0,100,,365,2,,,0,99,,362,2,,,0,109,,363,2,,,0,99,,364,2,,,0,104,,357,2,,,0,110,,359,2,,,0,114,,356,2,,,0,94,,358,2,0,5 6,0
100,'4965',617,,34,2,,,0,91,,371,2,,,0,25,,382,2,,,0,81,,372,2,,,0,111,,373,2,,,0,99,,374,2,,,0,211,,41,2,,,0,110,,40,2,,,0,70,,375,2,,,0,97,,377,2,,,0,3,,378,2,,,0,41,,384,2,,,0,87,,376,2,,,0,159,,383,2,,,0,49,,379,2,,,0,162,,380,2,,,0,238,,381,2,,,0
100,'4967',1722,,366,2,,,0,212,,370,2,,,0,197,,367,2,,,0,269,,368,2,,,0,124,,369,2,0,5 6,0
100,'5014',617,,652,2,,,0,91,,653,2,,,0,25,,665,2,,,0,81,,654,2,,,0,111,,655,2,,,0,99,,656,2,,,0,211,,659,2,,,0,110,,658,2,,,0,70,,660,2,,,0,141,,667,2,,,0,87,,661,2,,,0,159,,666,2,,,0,49,,662,2,,,0,162,,663,2,,,0,238,,664,2,,,0
100,'5222',1722,,668,2,,,0,212,,671,2,,,0,197,,669,2,,,0,269,,670,2,,,0
100,'5227',715,,679,2,,,0,100,,674,2,,,0,102,,675,2,,,0,101,,676,2,,,0,100,,677,2,,,0,101,,678,2,,,0,102,,672,2,,,0,100,,673,2,,,0,100,,684,2,,,0,100,,685,2,,,0,100,,689,2,,,0,99,,686,2,,,0,109,,687,2,,,0,99,,688,2,,,0,104,,681,2,,,0,110,,683,2,,,0,114,,680,2,,,0,94,,682,2,0,5 6,0
100,'5228',811,,701,2,,,0,107,,700,2,,,0,101,,698,2,,,0,100,,690,2,,,0,102,,696,2,,,0,100,,691,2,,,0,100,,697,2,,,0,100,,692,2,,,0,100,,694,2,,,0,100,,702,2,,,0,99,,693,2,,,0,109,,695,2,,,0,99,,699,2,,,0,100,,704,2,,,0,105,,703,2,,,0
100,'5254',1722,,385,2,,,0,212,,388,2,,,0,197,,386,2,,,0,269,,387,2,,,0
100,'5256',617,,705,2,,,0,91,,706,2,,,0,25,,719,2,,,0,81,,707,2,,,0,111,,708,2,,,0,99,,709,2,,,0,211,,712,2,,,0,110,,711,2,,,0,70,,713,2,,,0,97,,715,2,,,0,44,,721,2,,,0,87,,714,2,,,0,159,,720,2,,,0,49,,716,2,,,0,162,,717,2,,,0,238,,718,2,,,0
100,'5257',1722,,722,2,,,0,212,,725,2,,,0,197,,723,2,,,0,269,,724,2,,,0
100,'5258',1515,,726,2,,,0
100,'5259',1515,,727,2,,,0
100,'5260',1722,,728,2,,,0,212,,732,2,,,0,197,,729,2,,,0,269,,730,2,,,0,124,,731,2,0,5 6,0
100,'5261',1515,,733,2,,,0
100,'5262',1515,,734,2,,,0
