200,'4623',1840,,824,12,,,0,471,,825,12,,,0
200,'4822',803,,457,12,,,0,100,,458,12,,,0,101,,456,12,,,0,106,,447,12,,,0,101,,451,12,,,0,100,,449,12,,,0,101,,454,12,,,0,100,,448,12,,,0,100,,453,12,,,0,100,,459,12,,,0,99,,450,12,,,0,100,,455,12,,,0,99,,452,12,,,0,105,,462,12,,,0,99,,461,12,,,0,104,,460,12,,,0
200,'4826',737,,475,12,,,0,172,,469,12,,,0,101,,471,12,,,0,100,,470,12,,,0,101,,472,12,,,0,100,,473,12,,,0,101,,474,12,,,0,100,,463,12,,,0,100,,464,12,,,0,100,,480,12,,,0,99,,465,12,,,0,100,,466,12,,,0,99,,467,12,,,0,100,,468,12,,,0,100,,477,12,,,0,98,,476,12,,,0,114,,478,12,,,0
200,'4965',624,,484,12,,,0,109,,158,12,,,0,67,,498,12,,,0,28,,485,12,,,0,18,,486,12,,,0,107,,160,12,,,0,150,,488,12,,,0,106,,487,12,,,0,106,,489,12,,,0,105,,490,12,,,0,100,,493,12,,,0,87,,494,12,,,0,34,,492,12,,,0,74,,499,12,,,0,35,,491,12,,,0,199,,495,12,,,0,109,,496,12,,,0,143,,497,12,,,0
200,'4967',1840,,481,12,,,0,471,,482,12,,,0
200,'5014',624,,827,12,,,0,109,,828,12,,,0,67,,841,12,,,0,28,,829,12,,,0,18,,831,12,,,0,107,,830,12,,,0,150,,833,12,,,0,106,,832,12,,,0,106,,834,12,,,0,205,,836,12,,,0,87,,837,12,,,0,34,,835,12,,,0,74,,842,12,,,0,234,,838,12,,,0,109,,839,12,,,0,143,,840,12,,,0
200,'5222',1840,,843,12,,,0,471,,844,12,,,0
200,'5227',737,,857,12,,,0,172,,851,12,,,0,101,,853,12,,,0,100,,852,12,,,0,101,,854,12,,,0,100,,855,12,,,0,101,,856,12,,,0,100,,845,12,,,0,100,,846,12,,,0,100,,862,12,,,0,99,,847,12,,,0,100,,848,12,,,0,99,,849,12,,,0,100,,850,12,,,0,100,,859,12,,,0,98,,858,12,,,0,114,,860,12,,,0
200,'5228',803,,873,12,,,0,100,,874,12,,,0,101,,872,12,,,0,106,,863,12,,,0,101,,867,12,,,0,100,,865,12,,,0,101,,870,12,,,0,100,,864,12,,,0,100,,869,12,,,0,100,,875,12,,,0,99,,866,12,,,0,100,,871,12,,,0,99,,868,12,,,0,105,,878,12,,,0,99,,877,12,,,0,104,,876,12,,,0
200,'5254',1840,,500,12,,,0,471,,501,12,,,0
200,'5256',624,,879,12,,,0,109,,880,12,,,0,67,,893,12,,,0,28,,881,12,,,0,18,,883,12,,,0,107,,882,12,,,0,150,,885,12,,,0,106,,884,12,,,0,106,,886,12,,,0,205,,888,12,,,0,87,,889,12,,,0,34,,887,12,,,0,74,,894,12,,,0,234,,890,12,,,0,109,,891,12,,,0,143,,892,12,,,0
200,'5257',1840,,895,12,,,0,471,,896,12,,,0
200,'5258',1420,,897,12,,,0,330,,898,12,,,0
200,'5259',1420,,899,12,,,0,330,,900,12,,,0
200,'5260',1840,,901,12,,,0,471,,902,12,,,0
200,'5261',1420,,904,12,,,0,330,,905,12,,,0
200,'5262',1420,,906,12,,,0,330,,907,12,,,0
900,'4965',755,,621,13,,,0,145,,623,13,,,0,100,,622,13,,,0,100,,625,13,,,0,120,,624,13,,,0,80,,627,13,,,0,100,,626,13,,,0,100,,628,13,,,0,125,,630,13,,,0,100,,629,13,,,0,90,,631,13,,,0,106,,632,13,,,0,113,,633,13,,,0
900,'5014',755,,1320,13,,,0,145,,1322,13,,,0,100,,1321,13,,,0,100,,1324,13,,,0,120,,1323,13,,,0,80,,1326,13,,,0,100,,1325,13,,,0,100,,1327,13,,,0,125,,1329,13,,,0,100,,1328,13,,,0,90,,1330,13,,,0,106,,1331,13,,,0,113,,1332,13,,,0
900,'5256',755,,1333,13,,,0,145,,1335,13,,,0,100,,1334,13,,,0,100,,1337,13,,,0,120,,1336,13,,,0,80,,1339,13,,,0,100,,1338,13,,,0,100,,1340,13,,,0,125,,1342,13,,,0,100,,1341,13,,,0,90,,1343,13,,,0,106,,1344,13,,,0,113,,1345,13,,,0
