201,'4623',1831,,908,36,,,0,471,,909,40,,,0,204,,910,40,,,0
201,'4822',755,,512,40,,,0,100,,513,40,,,0,101,,511,40,,,0,146,,504,40,,,0,101,,505,40,,,0,100,,503,40,,,0,101,,507,40,,,0,100,,502,40,,,0,100,,508,40,,,0,100,,514,40,,,0,99,,509,40,,,0,100,,510,40,,,0,99,,506,40,,,0,105,,516,40,,,0,99,,517,40,,,0,104,,515,40,,,0
201,'4826',729,,530,36,,,0,172,,524,40,,,0,101,,525,40,,,0,100,,526,40,,,0,101,,527,40,,,0,100,,528,40,,,0,101,,529,40,,,0,100,,518,40,,,0,100,,519,40,,,0,100,,535,40,,,0,99,,520,40,,,0,100,,521,40,,,0,99,,522,40,,,0,100,,523,40,,,0,100,,533,40,,,0,98,,531,40,,,0,114,,532,40,,,0,99,,534,40,,,0
201,'4965',615,,539,14,,,0,109,,215,40,,,0,27,,553,36,,,0,67,,540,36,,,0,18,,541,36,,,0,108,,218,36,,,0,110,,543,36,,,0,146,,542,36,,,0,106,,544,36,,,0,105,,545,36,,,0,100,,546,36,,,0,47,,549,36,,,0,74,,548,36,,,0,74,,554,36,,,0,35,,547,36,,,0,199,,550,36,,,0,109,,551,40,,,0,103,,552,40,,,0
201,'4967',1831,,536,36,,,0,471,,537,40,,,0,204,,538,40,,,0
201,'5014',615,,911,14,,,0,109,,912,40,,,0,27,,925,36,,,0,67,,913,36,,,0,18,,914,36,,,0,108,,915,36,,,0,110,,917,36,,,0,146,,916,36,,,0,106,,918,36,,,0,205,,919,36,,,0,47,,921,36,,,0,74,,920,36,,,0,74,,926,36,,,0,234,,922,36,,,0,109,,923,40,,,0,103,,924,40,,,0
201,'5222',1831,,927,36,,,0,471,,928,40,,,0
201,'5227',729,,941,36,,,0,172,,935,40,,,0,101,,936,40,,,0,100,,937,40,,,0,101,,938,40,,,0,100,,939,40,,,0,101,,940,40,,,0,100,,929,40,,,0,100,,930,40,,,0,100,,946,40,,,0,99,,931,40,,,0,100,,932,40,,,0,99,,933,40,,,0,100,,934,40,,,0,100,,944,40,,,0,98,,942,40,,,0,114,,943,40,,,0,99,,945,40,,,0
201,'5228',755,,957,40,,,0,100,,958,40,,,0,101,,956,40,,,0,146,,949,40,,,0,101,,950,40,,,0,100,,948,40,,,0,101,,952,40,,,0,100,,947,40,,,0,100,,953,40,,,0,100,,959,40,,,0,99,,954,40,,,0,100,,955,40,,,0,99,,951,40,,,0,105,,961,40,,,0,99,,962,40,,,0,104,,960,40,,,0
201,'5254',1831,,555,36,,,0,471,,556,40,,,0
201,'5256',615,,963,14,,,0,109,,964,40,,,0,27,,977,36,,,0,67,,965,36,,,0,18,,966,36,,,0,108,,967,36,,,0,110,,969,36,,,0,146,,968,36,,,0,106,,970,36,,,0,205,,971,36,,,0,47,,973,36,,,0,74,,972,36,,,0,74,,978,36,,,0,234,,974,36,,,0,109,,975,40,,,0,103,,976,40,,,0
201,'5257',1831,,979,36,,,0,471,,980,40,,,0
201,'5258',1411,,981,36,,,0,330,,982,36,,,0
201,'5259',1411,,983,36,,,0,330,,984,36,,,0
201,'5260',1831,,985,36,,,0,471,,986,40,,,0,204,,987,40,,,0
201,'5261',1411,,988,36,,,0,330,,989,36,,,0
201,'5262',1411,,990,36,,,0,330,,991,36,,,0
