200,'4623',1833,,824,3,,,0,471,,825,3,,,0,204,,826,3,0,5 6,0
200,'4822',757,,457,3,,,0,100,,458,3,,,0,101,,456,3,,,0,146,,447,3,,,0,101,,451,3,,,0,100,,449,3,,,0,101,,454,3,,,0,100,,448,3,,,0,100,,453,3,,,0,100,,459,3,,,0,99,,450,3,,,0,100,,455,3,,,0,99,,452,3,,,0,105,,462,3,,,0,99,,461,3,,,0,104,,460,3,,,0
200,'4826',731,,475,3,,,0,172,,469,3,,,0,101,,471,3,,,0,100,,470,3,,,0,101,,472,3,,,0,100,,473,3,,,0,101,,474,3,,,0,100,,463,3,,,0,100,,464,3,,,0,100,,480,3,,,0,99,,465,3,,,0,100,,466,3,,,0,99,,467,3,,,0,100,,468,3,,,0,100,,477,3,,,0,98,,476,3,,,0,114,,478,3,,,0,99,,479,3,,,0
200,'4965',617,,484,3,,,0,109,,158,3,,,0,27,,498,3,,,0,67,,485,3,,,0,18,,486,3,,,0,108,,160,3,,,0,110,,488,3,,,0,146,,487,3,,,0,106,,489,3,,,0,105,,490,3,,,0,100,,493,3,,,0,87,,494,3,,,0,34,,492,3,,,0,74,,499,3,,,0,35,,491,3,,,0,199,,495,3,,,0,109,,496,3,,,0,103,,497,3,,,0
200,'4967',1833,,481,3,,,0,471,,482,3,,,0,204,,483,3,0,5 6,0
200,'5014',617,,827,3,,,0,109,,828,3,,,0,27,,841,3,,,0,67,,829,3,,,0,18,,831,3,,,0,108,,830,3,,,0,110,,833,3,,,0,146,,832,3,,,0,106,,834,3,,,0,205,,836,3,,,0,87,,837,3,,,0,34,,835,3,,,0,74,,842,3,,,0,234,,838,3,,,0,109,,839,3,,,0,103,,840,3,,,0
200,'5222',1833,,843,3,,,0,471,,844,3,,,0
200,'5227',731,,857,3,,,0,172,,851,3,,,0,101,,853,3,,,0,100,,852,3,,,0,101,,854,3,,,0,100,,855,3,,,0,101,,856,3,,,0,100,,845,3,,,0,100,,846,3,,,0,100,,862,3,,,0,99,,847,3,,,0,100,,848,3,,,0,99,,849,3,,,0,100,,850,3,,,0,100,,859,3,,,0,98,,858,3,,,0,114,,860,3,,,0,99,,861,3,,,0
200,'5228',757,,873,3,,,0,100,,874,3,,,0,101,,872,3,,,0,146,,863,3,,,0,101,,867,3,,,0,100,,865,3,,,0,101,,870,3,,,0,100,,864,3,,,0,100,,869,3,,,0,100,,875,3,,,0,99,,866,3,,,0,100,,871,3,,,0,99,,868,3,,,0,105,,878,3,,,0,99,,877,3,,,0,104,,876,3,,,0
200,'5254',1833,,500,3,,,0,471,,501,3,,,0
200,'5256',617,,879,3,,,0,109,,880,3,,,0,27,,893,3,,,0,67,,881,3,,,0,18,,883,3,,,0,108,,882,3,,,0,110,,885,3,,,0,146,,884,3,,,0,106,,886,3,,,0,205,,888,3,,,0,87,,889,3,,,0,34,,887,3,,,0,74,,894,3,,,0,234,,890,3,,,0,109,,891,3,,,0,103,,892,3,,,0
200,'5257',1833,,895,3,,,0,471,,896,3,,,0
200,'5258',1413,,897,3,,,0,330,,898,3,,,0
200,'5259',1413,,899,3,,,0,330,,900,3,,,0
200,'5260',1833,,901,3,,,0,471,,902,3,,,0,204,,903,3,0,5 6,0
200,'5261',1413,,904,3,,,0,330,,905,3,,,0
200,'5262',1413,,906,3,,,0,330,,907,3,,,0
