100,'4623',1723,,1372,3,,,0,212,,1376,3,,,0,197,,1373,3,,,0,269,,1374,3,,,0,124,,1375,3,0,5 6,0
100,'4822',812,,343,3,,,0,107,,344,3,,,0,101,,341,3,,,0,100,,333,3,,,0,102,,339,3,,,0,100,,334,3,,,0,100,,340,3,,,0,100,,335,3,,,0,100,,337,3,,,0,100,,345,3,,,0,99,,336,3,,,0,109,,338,3,,,0,99,,342,3,,,0,100,,347,3,,,0,105,,346,3,,,0
100,'4826',716,,355,3,,,0,100,,350,3,,,0,102,,351,3,,,0,101,,352,3,,,0,100,,353,3,,,0,101,,354,3,,,0,102,,348,3,,,0,100,,349,3,,,0,100,,360,3,,,0,100,,361,3,,,0,100,,365,3,,,0,99,,362,3,,,0,109,,363,3,,,0,99,,364,3,,,0,104,,357,3,,,0,110,,359,3,,,0,114,,356,3,,,0,94,,358,3,0,5 6,0
100,'4965',618,,34,3,,,0,92,,371,3,,,0,25,,382,3,,,0,81,,372,3,,,0,110,,373,3,,,0,99,,374,3,,,0,101,,39,2,,,0,110,,41,3,,,0,110,,40,3,,,0,70,,375,3,,,0,97,,377,3,,,0,4,,378,3,,,0,40,,384,3,,,0,87,,376,3,,,0,159,,383,3,,,0,49,,379,3,,,0,162,,380,3,,,0,238,,381,3,,,0
100,'4967',1723,,366,3,,,0,212,,370,3,,,0,197,,367,3,,,0,269,,368,3,,,0,124,,369,3,0,5 6,0
100,'5014',618,,1377,3,,,0,92,,1378,3,,,0,25,,1390,3,,,0,81,,1379,3,,,0,110,,1380,3,,,0,99,,1381,3,,,0,101,,1382,2,,,0,110,,1384,3,,,0,110,,1383,3,,,0,70,,1385,3,,,0,141,,1392,3,,,0,87,,1386,3,,,0,159,,1391,3,,,0,49,,1387,3,,,0,162,,1388,3,,,0,238,,1389,3,,,0
100,'5222',1723,,1393,3,,,0,212,,1396,3,,,0,197,,1394,3,,,0,269,,1395,3,,,0
100,'5227',716,,679,3,,,0,100,,674,3,,,0,102,,675,3,,,0,101,,676,3,,,0,100,,677,3,,,0,101,,678,3,,,0,102,,672,3,,,0,100,,673,3,,,0,100,,684,3,,,0,100,,1401,3,,,0,100,,1405,3,,,0,99,,1402,3,,,0,109,,1403,3,,,0,99,,1404,3,,,0,104,,1398,3,,,0,110,,1400,3,,,0,114,,1397,3,,,0,94,,1399,3,0,5 6,0
100,'5228',812,,1410,3,,,0,107,,1409,3,,,0,101,,698,3,,,0,100,,1406,3,,,0,102,,1407,3,,,0,100,,691,3,,,0,100,,1408,3,,,0,100,,692,3,,,0,100,,694,3,,,0,100,,702,3,,,0,99,,693,3,,,0,109,,695,3,,,0,99,,699,3,,,0,100,,704,3,,,0,105,,703,3,,,0
100,'5254',1723,,385,3,,,0,212,,388,3,,,0,197,,386,3,,,0,269,,387,3,,,0
100,'5256',618,,1411,3,,,0,92,,1412,3,,,0,25,,1425,3,,,0,81,,1413,3,,,0,110,,1414,3,,,0,99,,1415,3,,,0,101,,1416,2,,,0,110,,1418,3,,,0,110,,1417,3,,,0,70,,1419,3,,,0,97,,1421,3,,,0,44,,1427,3,,,0,87,,1420,3,,,0,159,,1426,3,,,0,49,,1422,3,,,0,162,,1423,3,,,0,238,,1424,3,,,0
100,'5257',1723,,1428,3,,,0,212,,1431,3,,,0,197,,1429,3,,,0,269,,1430,3,,,0
100,'5258',1517,,1432,3,,,0
100,'5259',1517,,1433,3,,,0
100,'5260',1723,,1434,3,,,0,212,,1438,3,,,0,197,,1435,3,,,0,269,,1436,3,,,0,124,,1437,3,0,5 6,0
100,'5261',1517,,1439,3,,,0
100,'5262',1517,,1440,3,,,0
