301,'4480',618,,1676,5,0,9,0,30,,1677,5,0,9,0,70,,1678,5,0,9,0,38,,1680,5,0,9,0,65,,1679,5,0,9,0,102,,1682,5,0,9,0,80,,1681,5,0,9,0,101,,1684,5,0,9,0,50,,1683,5,0,9,0,90,,1688,5,0,9,0,100,,1686,5,0,9,0,80,,1685,5,0,9,0,34,,1687,5,0,9,0,72,,1690,5,0,9,0,179,,1691,5,0,9,0,45,,1689,5,0,9,0,85,,1692,5,0,9,0,95,,1693,5,0,9,0,119,,1694,5,0,9,0,271,,1695,5,0,9,0
301,'4661',2208,,1696,5,0,9,0
301,'4663',2208,,1701,5,0,9,0
301,'5173',1559,,1698,5,0,9,0,75,,1697,5,0,9,0
301,'5259',1559,,1700,5,0,9,0,75,,1699,5,0,9,0
401,'4480',801,,1728,5,,,0,37,,1727,5,,,0,599,,1729,5,,,0,217,,1730,5,,,0
401,'4661',1614,,1731,5,,,0
401,'4663',1614,,1732,5,,,0
501,'4480',713,,1907,5,,,0,42,,1908,6,,,0,73,,1909,5,,,0,82,,1910,6,,,0,33,,1911,5,,,0,88,,1912,6,,,0,73,,1913,5,,,0,42,,1914,6,,,0,73,,1915,5,,,0,87,,1916,6,,,0,33,,1917,5,,,0,82,,1918,6,,,0,33,,1919,5,,,0,87,,1920,6,,,0,73,,1921,5,,,0,42,,1923,6,,,0,73,,1922,5,,,0,86,,1924,6,,,0
501,'5173',1849,,1925,5,,,0,81,,1926,6,,,0,73,,1927,5,,,0,42,,1928,6,,,0,73,,1929,5,,,0
501,'5259',1849,,1930,5,,,0,81,,1931,6,,,0,73,,1932,5,,,0,42,,1934,6,,,0,73,,1935,5,,,0,86,,1933,6,,,0,29,,1937,5,,,0,82,,1936,6,,,0
