201,'4623',1824,,908,29,,,0,427,,909,29,,,0,204,,910,29,,,0
201,'4822',746,,512,29,,,0,100,,513,29,,,0,101,,511,29,,,0,105,,504,29,,,0,101,,505,29,,,0,100,,503,29,,,0,101,,507,29,,,0,100,,502,29,,,0,100,,508,29,,,0,100,,514,29,,,0,99,,509,29,,,0,100,,510,29,,,0,99,,506,29,,,0,105,,516,29,,,0,99,,517,29,,,0,145,,515,29,,,0
201,'4826',724,,530,29,,,0,127,,524,29,,,0,101,,525,29,,,0,100,,526,29,,,0,101,,527,29,,,0,100,,528,29,,,0,101,,529,29,,,0,100,,518,29,,,0,100,,519,29,,,0,100,,535,29,,,0,99,,520,29,,,0,100,,521,29,,,0,99,,522,29,,,0,100,,523,29,,,0,100,,533,29,,,0,99,,531,29,,,0,154,,532,29,,,0,99,,534,29,,,0
201,'4965',608,,539,7,,,0,105,,215,29,,,0,31,,553,29,,,0,67,,540,29,,,0,18,,541,29,,,0,108,,218,29,,,0,110,,543,29,,,0,106,,542,29,,,0,106,,544,29,,,0,145,,545,29,,,0,100,,546,29,,,0,47,,549,29,,,0,74,,548,29,,,0,34,,554,29,,,0,75,,547,29,,,0,199,,550,29,,,0,105,,551,29,,,0,103,,552,29,,,0
201,'4967',1824,,536,29,,,0,427,,537,29,,,0,204,,538,29,,,0
201,'5014',608,,911,7,,,0,105,,912,29,,,0,31,,925,29,,,0,67,,913,29,,,0,18,,914,29,,,0,108,,915,29,,,0,110,,917,29,,,0,106,,916,29,,,0,106,,918,29,,,0,245,,919,29,,,0,47,,921,29,,,0,74,,920,29,,,0,34,,926,29,,,0,274,,922,29,,,0,105,,923,29,,,0,103,,924,29,,,0
201,'5222',1824,,927,29,,,0,427,,928,29,,,0
201,'5227',724,,941,29,,,0,127,,935,29,,,0,101,,936,29,,,0,100,,937,29,,,0,101,,938,29,,,0,100,,939,29,,,0,101,,940,29,,,0,100,,929,29,,,0,100,,930,29,,,0,100,,946,29,,,0,99,,931,29,,,0,100,,932,29,,,0,99,,933,29,,,0,100,,934,29,,,0,100,,944,29,,,0,99,,942,29,,,0,154,,943,29,,,0,99,,945,29,,,0
201,'5228',746,,957,29,,,0,100,,958,29,,,0,101,,956,29,,,0,105,,949,29,,,0,101,,950,29,,,0,100,,948,29,,,0,101,,952,29,,,0,100,,947,29,,,0,100,,953,29,,,0,100,,959,29,,,0,99,,954,29,,,0,100,,955,29,,,0,99,,951,29,,,0,105,,961,29,,,0,99,,962,29,,,0,145,,960,29,,,0
201,'5254',1824,,555,29,,,0,427,,556,29,,,0
201,'5256',608,,963,7,,,0,105,,964,29,,,0,31,,977,29,,,0,67,,965,29,,,0,18,,966,29,,,0,108,,967,29,,,0,110,,969,29,,,0,106,,968,29,,,0,106,,970,29,,,0,245,,971,29,,,0,47,,973,29,,,0,74,,972,29,,,0,34,,978,29,,,0,274,,974,29,,,0,105,,975,29,,,0,103,,976,29,,,0
201,'5257',1824,,979,29,,,0,427,,980,29,,,0
201,'5258',1404,,981,29,,,0,330,,982,29,,,0
201,'5259',1404,,983,29,,,0,330,,984,29,,,0
201,'5260',1824,,985,29,,,0,427,,986,29,,,0,204,,987,29,,,0
201,'5261',1404,,988,29,,,0,330,,989,29,,,0
201,'5262',1404,,990,29,,,0,330,,991,29,,,0
901,'4965',742,,634,29,,,0,105,,635,29,,,0,100,,636,29,,,0,100,,637,29,,,0,102,,638,29,,,0,98,,639,29,,,0,100,,640,29,,,0,100,,641,29,,,0,164,,642,29,,,0,100,,643,29,,,0,91,,644,29,,,0,106,,645,29,,,0,113,,646,29,,,0
901,'5014',742,,1346,29,,,0,105,,1347,29,,,0,100,,1348,29,,,0,100,,1349,29,,,0,102,,1350,29,,,0,98,,1351,29,,,0,100,,1352,29,,,0,100,,1353,29,,,0,164,,1354,29,,,0,100,,1355,29,,,0,91,,1356,29,,,0,106,,1357,29,,,0,113,,1358,29,,,0
901,'5256',742,,1359,29,,,0,105,,1360,29,,,0,100,,1361,29,,,0,100,,1362,29,,,0,102,,1363,29,,,0,98,,1364,29,,,0,100,,1365,29,,,0,100,,1366,29,,,0,164,,1367,29,,,0,100,,1368,29,,,0,91,,1369,29,,,0,106,,1370,29,,,0,113,,1371,29,,,0
