200,'4623',1833,,1511,4,,,0,471,,1512,4,,,0,204,,1513,4,0,5 6,0
200,'4822',757,,457,4,,,0,100,,458,4,,,0,101,,456,4,,,0,146,,447,4,,,0,101,,451,4,,,0,100,,449,4,,,0,101,,454,4,,,0,100,,448,4,,,0,100,,453,4,,,0,100,,459,4,,,0,99,,450,4,,,0,100,,455,4,,,0,99,,452,4,,,0,105,,462,4,,,0,99,,461,4,,,0,104,,460,4,,,0
200,'4826',731,,475,4,,,0,172,,469,4,,,0,101,,471,4,,,0,100,,470,4,,,0,101,,472,4,,,0,100,,473,4,,,0,101,,474,4,,,0,100,,463,4,,,0,100,,464,4,,,0,100,,480,4,,,0,99,,465,4,,,0,100,,466,4,,,0,99,,467,4,,,0,100,,468,4,,,0,100,,477,4,,,0,98,,476,4,,,0,114,,478,4,,,0,99,,479,4,,,0
200,'4965',617,,484,4,,,0,109,,158,4,,,0,27,,498,4,,,0,67,,485,4,,,0,18,,486,4,,,0,108,,160,4,,,0,110,,488,4,,,0,146,,487,4,,,0,106,,489,4,,,0,105,,490,4,,,0,100,,493,4,,,0,87,,494,4,,,0,34,,492,4,,,0,74,,499,4,,,0,35,,491,4,,,0,199,,495,4,,,0,109,,496,4,,,0,103,,497,4,,,0
200,'4967',1833,,481,4,,,0,471,,482,4,,,0,204,,483,4,0,5 6,0
200,'5014',617,,1514,4,,,0,109,,1515,4,,,0,27,,1528,4,,,0,67,,1516,4,,,0,18,,1518,4,,,0,108,,1517,4,,,0,110,,1520,4,,,0,146,,1519,4,,,0,106,,1521,4,,,0,205,,1523,4,,,0,87,,1524,4,,,0,34,,1522,4,,,0,74,,1529,4,,,0,234,,1525,4,,,0,109,,1526,4,,,0,103,,1527,4,,,0
200,'5222',1833,,1530,4,,,0,471,,1531,4,,,0
200,'5227',731,,857,4,,,0,172,,851,4,,,0,101,,853,4,,,0,100,,852,4,,,0,101,,854,4,,,0,100,,855,4,,,0,101,,856,4,,,0,100,,845,4,,,0,100,,846,4,,,0,100,,1540,4,,,0,99,,1532,4,,,0,100,,1533,4,,,0,99,,1534,4,,,0,100,,1535,4,,,0,100,,1537,4,,,0,98,,1536,4,,,0,114,,1538,4,,,0,99,,1539,4,,,0
200,'5228',757,,873,4,,,0,100,,874,4,,,0,101,,1545,4,,,0,146,,1541,4,,,0,101,,867,4,,,0,100,,1542,4,,,0,101,,1544,4,,,0,100,,864,4,,,0,100,,1543,4,,,0,100,,875,4,,,0,99,,866,4,,,0,100,,871,4,,,0,99,,868,4,,,0,105,,878,4,,,0,99,,877,4,,,0,104,,876,4,,,0
200,'5254',1833,,500,4,,,0,471,,501,4,,,0
200,'5256',617,,1546,4,,,0,109,,1547,4,,,0,27,,1560,4,,,0,67,,1548,4,,,0,18,,1550,4,,,0,108,,1549,4,,,0,110,,1552,4,,,0,146,,1551,4,,,0,106,,1553,4,,,0,205,,1555,4,,,0,87,,1556,4,,,0,34,,1554,4,,,0,74,,1561,4,,,0,234,,1557,4,,,0,109,,1558,4,,,0,103,,1559,4,,,0
200,'5257',1833,,1562,4,,,0,471,,1563,4,,,0
200,'5258',1413,,1564,4,,,0,330,,1565,4,,,0
200,'5259',1413,,1566,4,,,0,330,,1567,4,,,0
200,'5260',1833,,1568,4,,,0,471,,1569,4,,,0,204,,1570,4,0,5 6,0
200,'5261',1413,,1571,4,,,0,330,,1572,4,,,0
200,'5262',1413,,1573,4,,,0,330,,1574,4,,,0
