301,'4480',628,,1676,17,0,9,0,30,,1677,17,0,9,0,70,,1678,17,0,9,0,79,,1680,17,0,9,0,25,,1679,17,0,9,0,102,,1682,17,0,9,0,80,,1681,17,0,9,0,101,,1684,17,0,9,0,90,,1683,17,0,9,0,50,,1688,17,0,9,0,100,,1686,17,0,9,0,80,,1685,17,0,9,0,74,,1687,17,0,9,0,32,,1690,17,0,9,0,179,,1691,17,0,9,0,85,,1689,17,0,9,0,44,,1692,17,0,9,0,95,,1693,17,0,9,0,159,,1694,17,0,9,0,231,,1695,17,0,9,0
301,'4623',2218,,1639,17,0,9,0
301,'4661',2218,,1696,17,0,9,0
301,'4663',2218,,1701,17,0,9,0
301,'4822',733,,568,17,0,9,0,176,,566,17,0,9,0,100,,558,17,0,9,0,106,,561,17,0,9,0,100,,557,17,0,9,0,100,,559,17,0,9,0,100,,562,17,0,9,0,100,,560,17,0,9,0,100,,563,17,0,9,0,100,,565,17,0,9,0,99,,564,17,0,9,0,100,,567,17,0,9,0,104,,569,17,0,9,0,100,,570,17,0,9,0
301,'5014',628,,1640,17,0,9,0,30,,1641,17,0,9,0,70,,1642,17,0,9,0,79,,1644,17,0,9,0,25,,1643,17,0,9,0,102,,1646,17,0,9,0,80,,1645,17,0,9,0,101,,1648,17,0,9,0,90,,1647,17,0,9,0,50,,1652,17,0,9,0,100,,1650,17,0,9,0,80,,1649,17,0,9,0,74,,1651,17,0,9,0,32,,1654,17,0,9,0,179,,1655,17,0,9,0,85,,1653,17,0,9,0,44,,1656,17,0,9,0,95,,1657,17,0,9,0,159,,1658,17,0,9,0,231,,1659,17,0,9,0
301,'5222',2218,,1660,17,0,9,0
301,'5227',653,,1029,17,0,9,0,161,,1022,17,0,9,0,100,,1023,17,0,9,0,100,,1026,17,0,9,0,101,,1024,17,0,9,0,100,,1021,17,0,9,0,100,,1667,17,0,9,0,100,,1018,17,0,9,0,100,,1017,17,0,9,0,100,,1664,17,0,9,0,100,,1662,17,0,9,0,99,,1665,17,0,9,0,100,,1661,17,0,9,0,99,,1663,17,0,9,0,100,,1666,17,0,9,0,100,,1669,17,0,9,0,115,,1668,17,0,9,0
301,'5228',733,,1675,17,0,9,0,176,,1674,17,0,9,0,100,,1671,17,0,9,0,106,,1035,17,0,9,0,100,,1670,17,0,9,0,100,,1672,17,0,9,0,100,,1036,17,0,9,0,100,,1673,17,0,9,0,100,,1037,17,0,9,0,100,,1039,17,0,9,0,99,,1038,17,0,9,0,100,,1041,17,0,9,0,104,,1043,17,0,9,0,100,,1044,17,0,9,0
301,'5258',1610,,1698,17,0,9,0,35,,1697,17,0,9,0
301,'5259',1610,,1700,17,0,9,0,35,,1699,17,0,9,0
301,'5261',1610,,1703,17,0,9,0,35,,1702,17,0,9,0
301,'5262',1610,,1705,17,0,9,0,35,,1704,17,0,9,0
