100,'4623',1740,,647,18,,,0,212,,651,18,,,0,196,,648,18,,,0,268,,649,18,,,0
100,'4822',829,,343,18,,,0,107,,344,18,,,0,101,,341,18,,,0,100,,333,18,,,0,102,,339,18,,,0,100,,334,18,,,0,100,,340,18,,,0,100,,335,18,,,0,100,,337,18,,,0,100,,345,18,,,0,99,,336,18,,,0,108,,338,18,,,0,99,,342,18,,,0,99,,347,18,,,0,105,,346,18,,,0
100,'4826',733,,355,18,,,0,100,,350,18,,,0,102,,351,18,,,0,101,,352,18,,,0,100,,353,18,,,0,101,,354,18,,,0,102,,348,18,,,0,100,,349,18,,,0,100,,360,18,,,0,100,,361,18,,,0,100,,365,18,,,0,99,,362,18,,,0,108,,363,18,,,0,99,,364,18,,,0,103,,357,18,,,0,110,,359,18,,,0,153,,356,18,,,0
100,'4965',634,,34,18,,,0,93,,371,18,,,0,25,,382,18,,,0,81,,372,18,,,0,110,,373,18,,,0,99,,374,18,,,0,101,,39,17,,,0,110,,41,18,,,0,150,,40,18,,,0,30,,375,18,,,0,97,,377,18,,,0,4,,378,18,,,0,80,,384,18,,,0,87,,376,18,,,0,119,,383,18,,,0,89,,379,18,,,0,121,,380,18,,,0,277,,381,18,,,0
100,'4967',1740,,366,18,,,0,212,,370,18,,,0,196,,367,18,,,0,268,,368,18,,,0
100,'5014',634,,652,18,,,0,93,,653,18,,,0,25,,665,18,,,0,81,,654,18,,,0,110,,655,18,,,0,99,,656,18,,,0,101,,657,17,,,0,110,,659,18,,,0,150,,658,18,,,0,30,,660,18,,,0,181,,667,18,,,0,87,,661,18,,,0,119,,666,18,,,0,89,,662,18,,,0,121,,663,18,,,0,277,,664,18,,,0
100,'5222',1740,,668,18,,,0,212,,671,18,,,0,196,,669,18,,,0,268,,670,18,,,0
100,'5227',733,,679,18,,,0,100,,674,18,,,0,102,,675,18,,,0,101,,676,18,,,0,100,,677,18,,,0,101,,678,18,,,0,102,,672,18,,,0,100,,673,18,,,0,100,,684,18,,,0,100,,685,18,,,0,100,,689,18,,,0,99,,686,18,,,0,108,,687,18,,,0,99,,688,18,,,0,103,,681,18,,,0,110,,683,18,,,0,153,,680,18,,,0
100,'5228',829,,701,18,,,0,107,,700,18,,,0,101,,698,18,,,0,100,,690,18,,,0,102,,696,18,,,0,100,,691,18,,,0,100,,697,18,,,0,100,,692,18,,,0,100,,694,18,,,0,100,,702,18,,,0,99,,693,18,,,0,108,,695,18,,,0,99,,699,18,,,0,99,,704,18,,,0,105,,703,18,,,0
100,'5254',1740,,385,18,,,0,212,,388,18,,,0,196,,386,18,,,0,268,,387,18,,,0
100,'5256',634,,705,18,,,0,93,,706,18,,,0,25,,719,18,,,0,81,,707,18,,,0,110,,708,18,,,0,99,,709,18,,,0,101,,710,17,,,0,110,,712,18,,,0,150,,711,18,,,0,30,,713,18,,,0,97,,715,18,,,0,84,,721,18,,,0,87,,714,18,,,0,119,,720,18,,,0,89,,716,18,,,0,121,,717,18,,,0,277,,718,18,,,0
100,'5257',1740,,722,18,,,0,212,,725,18,,,0,196,,723,18,,,0,268,,724,18,,,0
100,'5258',1534,,726,18,,,0
100,'5259',1534,,727,18,,,0
100,'5260',1740,,728,18,,,0,212,,732,18,,,0,196,,729,18,,,0,268,,730,18,,,0
100,'5261',1534,,733,18,,,0
100,'5262',1534,,734,18,,,0
200,'4623',1847,,824,15,,,0,470,,825,15,,,0
200,'4822',810,,457,15,,,0,100,,458,15,,,0,102,,456,15,,,0,106,,447,15,,,0,101,,451,15,,,0,100,,449,15,,,0,101,,454,15,,,0,100,,448,15,,,0,100,,453,15,,,0,100,,459,15,,,0,99,,450,15,,,0,100,,455,15,,,0,99,,452,15,,,0,105,,462,15,,,0,99,,461,15,,,0,103,,460,15,,,0
200,'4826',744,,475,15,,,0,172,,469,15,,,0,102,,471,15,,,0,100,,470,15,,,0,101,,472,15,,,0,100,,473,15,,,0,101,,474,15,,,0,100,,463,15,,,0,100,,464,15,,,0,100,,480,15,,,0,99,,465,15,,,0,100,,466,15,,,0,99,,467,15,,,0,100,,468,15,,,0,100,,477,15,,,0,97,,476,15,,,0,114,,478,15,,,0
200,'4965',631,,484,15,,,0,109,,158,15,,,0,67,,498,15,,,0,28,,485,15,,,0,18,,486,15,,,0,147,,160,15,,,0,110,,488,15,,,0,106,,487,15,,,0,106,,489,15,,,0,105,,490,15,,,0,100,,493,15,,,0,87,,494,15,,,0,34,,492,15,,,0,74,,499,15,,,0,35,,491,15,,,0,199,,495,15,,,0,149,,496,15,,,0,102,,497,15,,,0
200,'4967',1847,,481,15,,,0,470,,482,15,,,0
200,'5014',631,,827,15,,,0,109,,828,15,,,0,67,,841,15,,,0,28,,829,15,,,0,18,,831,15,,,0,147,,830,15,,,0,110,,833,15,,,0,106,,832,15,,,0,106,,834,15,,,0,205,,836,15,,,0,87,,837,15,,,0,34,,835,15,,,0,74,,842,15,,,0,234,,838,15,,,0,149,,839,15,,,0,102,,840,15,,,0
200,'5222',1847,,843,15,,,0,470,,844,15,,,0
200,'5227',744,,857,15,,,0,172,,851,15,,,0,102,,853,15,,,0,100,,852,15,,,0,101,,854,15,,,0,100,,855,15,,,0,101,,856,15,,,0,100,,845,15,,,0,100,,846,15,,,0,100,,862,15,,,0,99,,847,15,,,0,100,,848,15,,,0,99,,849,15,,,0,100,,850,15,,,0,100,,859,15,,,0,97,,858,15,,,0,114,,860,15,,,0
200,'5228',810,,873,15,,,0,100,,874,15,,,0,102,,872,15,,,0,106,,863,15,,,0,101,,867,15,,,0,100,,865,15,,,0,101,,870,15,,,0,100,,864,15,,,0,100,,869,15,,,0,100,,875,15,,,0,99,,866,15,,,0,100,,871,15,,,0,99,,868,15,,,0,105,,878,15,,,0,99,,877,15,,,0,103,,876,15,,,0
200,'5254',1847,,500,15,,,0,470,,501,15,,,0
200,'5256',631,,879,15,,,0,109,,880,15,,,0,67,,893,15,,,0,28,,881,15,,,0,18,,883,15,,,0,147,,882,15,,,0,110,,885,15,,,0,106,,884,15,,,0,106,,886,15,,,0,205,,888,15,,,0,87,,889,15,,,0,34,,887,15,,,0,74,,894,15,,,0,234,,890,15,,,0,149,,891,15,,,0,102,,892,15,,,0
200,'5257',1847,,895,15,,,0,470,,896,15,,,0
200,'5258',1427,,897,15,,,0,330,,898,15,,,0
200,'5259',1427,,899,15,,,0,330,,900,15,,,0
200,'5260',1847,,901,15,,,0,470,,902,15,,,0
200,'5261',1427,,904,15,,,0,330,,905,15,,,0
200,'5262',1427,,906,15,,,0,330,,907,15,,,0
900,'4965',800,,621,16,,,0,105,,623,16,,,0,100,,622,16,,,0,100,,625,16,,,0,120,,624,16,,,0,80,,627,16,,,0,100,,626,16,,,0,100,,628,16,,,0,125,,630,16,,,0,100,,629,16,,,0,89,,631,16,,,0,106,,632,16,,,0,113,,633,16,,,0
900,'5014',800,,1320,16,,,0,105,,1322,16,,,0,100,,1321,16,,,0,100,,1324,16,,,0,120,,1323,16,,,0,80,,1326,16,,,0,100,,1325,16,,,0,100,,1327,16,,,0,125,,1329,16,,,0,100,,1328,16,,,0,89,,1330,16,,,0,106,,1331,16,,,0,113,,1332,16,,,0
900,'5256',800,,1333,16,,,0,105,,1335,16,,,0,100,,1334,16,,,0,100,,1337,16,,,0,120,,1336,16,,,0,80,,1339,16,,,0,100,,1338,16,,,0,100,,1340,16,,,0,125,,1342,16,,,0,100,,1341,16,,,0,89,,1343,16,,,0,106,,1344,16,,,0,113,,1345,16,,,0
