100,'4480',626,,1411,14,,,0,93,,1412,14,,,0,25,,1425,14,,,0,81,,1413,14,,,0,110,,1414,14,,,0,99,,1415,14,,,0,101,,1416,13,,,0,110,,1418,14,,,0,110,,1417,14,,,0,70,,1419,14,,,0,97,,1421,14,,,0,84,,1427,14,,,0,47,,1420,14,,,0,159,,1426,14,,,0,89,,1422,14,,,0,122,,1423,14,,,0,278,,1424,14,,,0
100,'4661',1732,,1428,14,,,0,212,,1431,14,,,0,197,,1429,14,,,0,269,,1430,14,,,0
100,'4663',1732,,1434,14,,,0,212,,1438,14,,,0,197,,1435,14,,,0,269,,1436,14,,,0,123,,1437,14,0,5 6,0
100,'5173',1526,,1432,14,,,0
100,'5259',1526,,1433,14,,,0
200,'4480',621,,1546,9,,,0,109,,1547,9,,,0,27,,1560,9,,,0,67,,1548,9,,,0,18,,1550,9,,,0,108,,1549,9,,,0,150,,1552,9,,,0,106,,1551,9,,,0,106,,1553,9,,,0,205,,1555,9,,,0,87,,1556,9,,,0,34,,1554,9,,,0,74,,1561,9,,,0,234,,1557,9,,,0,109,,1558,9,,,0,103,,1559,9,,,0
200,'4661',1837,,1562,9,,,0,471,,1563,9,,,0
200,'4663',1837,,1568,9,,,0,471,,1569,9,,,0
200,'5173',1417,,1564,9,,,0,330,,1565,9,,,0
200,'5259',1417,,1566,9,,,0,330,,1567,9,,,0
400,'4480',738,,1713,8,,,0,80,,1714,8,,,0,37,,1715,8,,,0,599,,1716,8,,,0,97,,1718,8,,,0,160,,1717,8,,,0
400,'4661',1631,,1719,8,,,0
400,'4663',1631,,1720,8,,,0
901,'4480',738,,1990,26,,,0,104,,1991,26,,,0,101,,1992,26,,,0,100,,1993,26,,,0,101,,1994,26,,,0,98,,1995,26,,,0,100,,1996,26,,,0,100,,1997,26,,,0,164,,1998,26,,,0,100,,1999,26,,,0,51,,2000,26,,,0,147,,2001,26,,,0,113,,2002,26,,,0
