101,'4480',656,,1481,22,,,0,64,,1495,22,,,0,80,,1482,22,,,0,112,,1483,22,,,0,99,,1484,22,,,0,101,,1485,22,,,0,109,,1486,22,,,0,110,,1487,22,,,0,70,,1488,22,,,0,58,,1491,2,,,0,72,,1490,22,0,5 6,0,9,,1497,22,,,0,88,,1489,22,,,0,119,,1496,22,,,0,89,,1492,22,,,0,123,,1493,22,,,0,279,,1494,22,,,0
101,'4661',1707,,1498,22,,,0,213,,1501,22,,,0,198,,1499,22,,,0,229,,1500,22,,,0
101,'4663',1707,,1504,22,,,0,213,,1508,22,,,0,198,,1505,22,,,0,229,,1506,22,,,0
101,'5173',1501,,1502,22,,,0
101,'5259',1501,,1503,22,,,0
201,'4480',604,,1610,2,,,0,105,,1611,24,,,0,31,,1624,24,,,0,67,,1612,24,,,0,18,,1613,24,,,0,108,,1614,24,,,0,110,,1616,24,,,0,106,,1615,24,,,0,106,,1617,24,,,0,245,,1618,24,,,0,47,,1620,24,,,0,74,,1619,24,,,0,34,,1625,24,,,0,274,,1621,24,,,0,105,,1622,24,,,0,103,,1623,24,,,0
201,'4661',1820,,1626,24,,,0,427,,1627,24,,,0
201,'4663',1820,,1632,24,,,0,427,,1633,24,,,0,204,,1634,24,,,0
201,'5173',1400,,1628,24,,,0,330,,1629,24,,,0
201,'5259',1400,,1630,24,,,0,330,,1631,24,,,0
401,'4480',810,,1728,9,,,0,37,,1727,9,,,0,599,,1729,9,,,0,257,,1730,9,,,0
401,'4661',1623,,1731,9,,,0
401,'4663',1623,,1732,9,,,0
900,'4480',750,,1964,8,,,0,105,,1966,8,,,0,100,,1965,8,,,0,100,,1968,8,,,0,160,,1967,8,,,0,40,,1970,8,,,0,100,,1969,8,,,0,100,,1971,8,,,0,165,,1973,8,,,0,100,,1972,8,,,0,90,,1974,8,,,0,106,,1975,8,,,0,113,,1976,8,,,0
