101,'4528',647,,2064,11,,,0,64,,2076,11,,,0,39,,2065,11,,,0,152,,2066,11,,,0,100,,2067,11,,,0,100,,2068,11,,,0,109,,2069,11,,,0,110,,2070,11,,,0,30,,2071,11,,,0,178,,2078,11,,,0,88,,2072,11,,,0,120,,2077,11,,,0,90,,2073,11,,,0,124,,2074,11,,,0,279,,2075,11,,,0
101,'4532',655,,2090,11,,,0,100,,2085,11,,,0,101,,2086,11,,,0,100,,2087,11,,,0,100,,2088,11,,,0,100,,2089,11,,,0,100,,2079,11,,,0,100,,2083,11,,,0,100,,2082,11,,,0,100,,2081,11,,,0,100,,2096,11,,,0,100,,2080,11,,,0,150,,2084,11,,,0,99,,2091,11,,,0,105,,2093,11,,,0,110,,2092,11,,,0,115,,2094,11,,,0,95,,2095,11,,,0
101,'4623',1657,,2097,11,,,0,255,,2101,11,,,0,198,,2098,11,,,0,230,,2099,11,,,0
101,'5210',751,,2112,11,,,0,106,,2114,11,,,0,100,,2110,11,,,0,100,,2102,11,,,0,101,,2106,11,,,0,98,,2104,11,,,0,100,,2108,11,,,0,100,,2103,11,,,0,100,,2107,11,,,0,100,,2113,11,,,0,100,,2105,11,,,0,150,,2109,11,,,0,99,,2111,11,,,0,101,,2115,11,,,0,105,,2116,11,,,0
101,'5222',1657,,2117,11,,,0,255,,2120,11,,,0,198,,2118,11,,,0,230,,2119,11,,,0
101,'5261',1451,,2121,11,,,0
101,'5262',1451,,2122,11,,,0
201,'4528',659,,2183,11,,,0,71,,2196,11,,,0,27,,2184,11,,,0,58,,2185,11,,,0,107,,2186,11,,,0,110,,2188,11,,,0,105,,2187,11,,,0,105,,2189,11,,,0,205,,2190,11,,,0,86,,2192,11,,,0,74,,2191,11,,,0,35,,2197,11,,,0,275,,2193,11,,,0,105,,2194,11,,,0,104,,2195,11,,,0
201,'4532',710,,2210,11,,,0,126,,2204,11,,,0,101,,2205,11,,,0,100,,2206,11,,,0,100,,2207,11,,,0,100,,2208,11,,,0,100,,2209,11,,,0,100,,2198,11,,,0,100,,2199,11,,,0,100,,2215,11,,,0,100,,2200,11,,,0,100,,2201,11,,,0,100,,2202,11,,,0,100,,2203,11,,,0,100,,2213,11,,,0,99,,2211,11,,,0,114,,2212,11,,,0,100,,2214,11,,,0
201,'4623',1807,,2216,11,,,0,429,,2217,11,,,0,205,,2218,11,,,0
201,'5210',731,,2229,11,,,0,100,,2230,11,,,0,101,,2228,11,,,0,105,,2221,11,,,0,100,,2222,11,,,0,100,,2220,11,,,0,100,,2224,11,,,0,100,,2219,11,,,0,100,,2225,11,,,0,100,,2231,11,,,0,100,,2226,11,,,0,100,,2227,11,,,0,100,,2223,11,,,0,105,,2233,11,,,0,99,,2234,11,,,0,105,,2232,11,,,0
201,'5222',1807,,2235,11,,,0,429,,2236,11,,,0
201,'5261',1347,,2237,11,,,0,370,,2238,11,,,0
201,'5262',1347,,2239,11,,,0,370,,2240,11,,,0
901,'4528',726,,2480,11,,,0,103,,2481,11,,,0,102,,2482,11,,,0,100,,2483,11,,,0,101,,2484,11,,,0,98,,2485,11,,,0,100,,2486,11,,,0,98,,2487,11,,,0,124,,2488,11,,,0,100,,2489,11,,,0,93,,2490,11,,,0,107,,2491,11,,,0,154,,2492,11,,,0
