301,'4623',2212,,992,7,0,9,0
301,'4822',727,,568,7,0,9,0,175,,566,7,0,9,0,100,,558,7,0,9,0,106,,561,7,0,9,0,100,,557,7,0,9,0,100,,559,7,0,9,0,100,,562,7,0,9,0,100,,560,7,0,9,0,100,,563,7,0,9,0,100,,565,7,0,9,0,100,,564,7,0,9,0,100,,567,7,0,9,0,104,,569,7,0,9,0,100,,570,7,0,9,0
301,'4826',647,,585,7,0,9,0,160,,578,7,0,9,0,100,,579,7,0,9,0,100,,583,7,0,9,0,101,,580,7,0,9,0,100,,581,7,0,9,0,100,,584,7,0,9,0,100,,575,7,0,9,0,100,,574,7,0,9,0,100,,576,7,0,9,0,100,,572,7,0,9,0,100,,577,7,0,9,0,100,,571,7,0,9,0,99,,573,7,0,9,0,100,,582,7,0,9,0,100,,586,7,0,9,0,115,,587,7,0,9,0
301,'4965',622,,589,7,0,9,0,30,,590,7,0,9,0,70,,591,7,0,9,0,78,,593,7,0,9,0,25,,592,7,0,9,0,102,,595,7,0,9,0,80,,594,7,0,9,0,101,,597,7,0,9,0,50,,596,7,0,9,0,90,,601,7,0,9,0,100,,599,7,0,9,0,80,,598,7,0,9,0,74,,600,7,0,9,0,32,,604,7,0,9,0,69,,608,7,0,9,0,35,,603,7,0,9,0,75,,605,7,0,9,0,45,,602,7,0,9,0,85,,606,7,0,9,0,95,,607,7,0,9,0,119,,609,7,0,9,0,271,,610,7,0,9,0
301,'4967',2212,,588,7,0,9,0
301,'5014',622,,993,7,0,9,0,30,,994,7,0,9,0,70,,995,7,0,9,0,78,,997,7,0,9,0,25,,996,7,0,9,0,102,,999,7,0,9,0,80,,998,7,0,9,0,101,,1001,7,0,9,0,50,,1000,7,0,9,0,90,,1005,7,0,9,0,100,,1003,7,0,9,0,80,,1002,7,0,9,0,74,,1004,7,0,9,0,32,,1007,7,0,9,0,179,,1008,7,0,9,0,45,,1006,7,0,9,0,85,,1009,7,0,9,0,95,,1010,7,0,9,0,119,,1011,7,0,9,0,271,,1012,7,0,9,0
301,'5222',2212,,1013,7,0,9,0
301,'5227',647,,1029,7,0,9,0,160,,1022,7,0,9,0,100,,1023,7,0,9,0,100,,1026,7,0,9,0,101,,1024,7,0,9,0,100,,1021,7,0,9,0,100,,1027,7,0,9,0,100,,1018,7,0,9,0,100,,1017,7,0,9,0,100,,1019,7,0,9,0,100,,1015,7,0,9,0,100,,1020,7,0,9,0,100,,1014,7,0,9,0,99,,1016,7,0,9,0,100,,1025,7,0,9,0,100,,1030,7,0,9,0,115,,1028,7,0,9,0
301,'5228',727,,1042,7,0,9,0,175,,1040,7,0,9,0,100,,1032,7,0,9,0,106,,1035,7,0,9,0,100,,1031,7,0,9,0,100,,1033,7,0,9,0,100,,1036,7,0,9,0,100,,1034,7,0,9,0,100,,1037,7,0,9,0,100,,1039,7,0,9,0,100,,1038,7,0,9,0,100,,1041,7,0,9,0,104,,1043,7,0,9,0,100,,1044,7,0,9,0
301,'5254',2212,,611,7,0,9,0
301,'5256',622,,1045,7,0,9,0,30,,1046,7,0,9,0,70,,1047,7,0,9,0,78,,1049,7,0,9,0,25,,1048,7,0,9,0,102,,1051,7,0,9,0,80,,1050,7,0,9,0,101,,1053,7,0,9,0,50,,1052,7,0,9,0,90,,1057,7,0,9,0,100,,1055,7,0,9,0,80,,1054,7,0,9,0,74,,1056,7,0,9,0,32,,1059,7,0,9,0,179,,1060,7,0,9,0,45,,1058,7,0,9,0,85,,1061,7,0,9,0,95,,1062,7,0,9,0,119,,1063,7,0,9,0,271,,1064,7,0,9,0
301,'5257',2212,,1065,7,0,9,0
301,'5258',1603,,1067,7,0,9,0,35,,1066,7,0,9,0
301,'5259',1603,,1069,7,0,9,0,35,,1068,7,0,9,0
301,'5260',2212,,1070,7,0,9,0
301,'5261',1603,,1072,7,0,9,0,35,,1071,7,0,9,0
301,'5262',1603,,1074,7,0,9,0,35,,1073,7,0,9,0
