101,'4623',1700,,1441,15,,,0,214,,1445,15,,,0,198,,1442,15,,,0,230,,1443,15,,,0
101,'4822',753,,399,15,,,0,106,,401,15,,,0,100,,397,15,,,0,100,,389,15,,,0,142,,393,15,,,0,58,,391,15,,,0,100,,395,15,,,0,100,,390,15,,,0,100,,394,15,,,0,100,,400,15,,,0,99,,392,15,,,0,150,,396,15,,,0,99,,398,15,,,0,101,,402,15,,,0,105,,403,15,,,0
101,'4826',657,,415,15,,,0,100,,410,15,,,0,101,,411,15,,,0,100,,412,15,,,0,100,,413,15,,,0,101,,414,15,,,0,100,,404,15,,,0,100,,408,15,,,0,100,,407,15,,,0,100,,406,15,,,0,100,,421,15,,,0,99,,405,15,,,0,150,,409,15,,,0,99,,416,15,,,0,105,,419,15,,,0,110,,417,15,,,0,115,,418,15,,,0,95,,420,15,,,0
101,'4965',649,,428,15,,,0,64,,439,15,,,0,40,,429,15,,,0,152,,430,15,,,0,99,,431,15,,,0,101,,99,15,,,0,109,,100,15,,,0,110,,101,15,,,0,30,,432,15,,,0,100,,433,15,,,0,78,,441,15,,,0,88,,434,15,,,0,120,,440,15,,,0,89,,436,15,,,0,124,,437,15,,,0,279,,438,15,,,0
101,'4967',1523,,423,15,0,5 6,0,177,,422,15,,,0,214,,427,15,,,0,198,,424,15,,,0,230,,425,15,,,0
101,'5014',649,,1447,15,,,0,64,,1459,15,,,0,40,,1448,15,,,0,152,,1449,15,,,0,99,,1450,15,,,0,101,,1451,15,,,0,109,,1452,15,,,0,110,,1453,15,,,0,30,,1454,15,,,0,178,,1461,15,,,0,88,,1455,15,,,0,120,,1460,15,,,0,89,,1456,15,,,0,124,,1457,15,,,0,279,,1458,15,,,0
101,'5222',1700,,1462,15,,,0,214,,1465,15,,,0,198,,1463,15,,,0,230,,1464,15,,,0
101,'5227',657,,771,15,,,0,100,,766,15,,,0,101,,767,15,,,0,100,,768,15,,,0,100,,769,15,,,0,101,,770,15,,,0,100,,760,15,,,0,100,,764,15,,,0,100,,763,15,,,0,100,,1467,15,,,0,100,,1474,15,,,0,99,,1466,15,,,0,150,,1468,15,,,0,99,,1469,15,,,0,105,,1471,15,,,0,110,,1470,15,,,0,115,,1472,15,,,0,95,,1473,15,,,0
101,'5228',753,,1478,15,,,0,106,,1479,15,,,0,100,,786,15,,,0,100,,1475,15,,,0,142,,1476,15,,,0,58,,780,15,,,0,100,,1477,15,,,0,100,,779,15,,,0,100,,783,15,,,0,100,,789,15,,,0,99,,781,15,,,0,150,,785,15,,,0,99,,787,15,,,0,101,,791,15,,,0,105,,792,15,,,0
101,'5254',1523,,443,15,0,5 6,0,177,,442,15,,,0,214,,446,15,,,0,198,,444,15,,,0,230,,445,15,,,0
101,'5256',649,,1481,15,,,0,64,,1495,15,,,0,40,,1482,15,,,0,152,,1483,15,,,0,99,,1484,15,,,0,101,,1485,15,,,0,109,,1486,15,,,0,110,,1487,15,,,0,30,,1488,15,,,0,169,,1490,15,0,5 6,0,9,,1497,15,,,0,88,,1489,15,,,0,120,,1496,15,,,0,89,,1492,15,,,0,124,,1493,15,,,0,279,,1494,15,,,0
101,'5257',1700,,1498,15,,,0,214,,1501,15,,,0,198,,1499,15,,,0,230,,1500,15,,,0
101,'5258',1454,,1502,15,,,0
101,'5259',1454,,1503,15,,,0
101,'5260',1700,,1504,15,,,0,214,,1508,15,,,0,198,,1505,15,,,0,230,,1506,15,,,0
101,'5261',1454,,1509,15,,,0
101,'5262',1454,,1510,15,,,0
201,'4623',1810,,1575,15,,,0,428,,1576,15,,,0,205,,1577,15,,,0
201,'4822',733,,512,15,,,0,100,,513,15,,,0,101,,511,15,,,0,105,,504,15,,,0,101,,505,15,,,0,100,,503,15,,,0,100,,507,15,,,0,100,,502,15,,,0,100,,508,15,,,0,100,,514,15,,,0,99,,509,15,,,0,100,,510,15,,,0,100,,506,15,,,0,105,,516,15,,,0,99,,517,15,,,0,105,,515,15,,,0
201,'4826',712,,530,15,,,0,126,,524,15,,,0,101,,525,15,,,0,100,,526,15,,,0,101,,527,15,,,0,100,,528,15,,,0,100,,529,15,,,0,100,,518,15,,,0,100,,519,15,,,0,100,,535,15,,,0,99,,520,15,,,0,100,,521,15,,,0,100,,522,15,,,0,100,,523,15,,,0,100,,533,15,,,0,99,,531,15,,,0,114,,532,15,,,0,100,,534,15,,,0
201,'4965',701,,215,15,,,0,31,,553,15,,,0,27,,540,15,,,0,58,,541,15,,,0,107,,218,15,,,0,110,,543,15,,,0,105,,542,15,,,0,106,,544,15,,,0,105,,545,15,,,0,100,,546,15,,,0,86,,549,15,,,0,74,,548,15,,,0,35,,554,15,,,0,75,,547,15,,,0,199,,550,15,,,0,105,,551,15,,,0,104,,552,15,,,0
201,'4967',1810,,536,15,,,0,428,,537,15,,,0,205,,538,15,,,0
201,'5014',701,,1579,15,,,0,31,,1592,15,,,0,27,,1580,15,,,0,58,,1581,15,,,0,107,,1582,15,,,0,110,,1584,15,,,0,105,,1583,15,,,0,106,,1585,15,,,0,205,,1586,15,,,0,86,,1588,15,,,0,74,,1587,15,,,0,35,,1593,15,,,0,274,,1589,15,,,0,105,,1590,15,,,0,104,,1591,15,,,0
201,'5222',1810,,1594,15,,,0,428,,1595,15,,,0
201,'5227',712,,941,15,,,0,126,,935,15,,,0,101,,936,15,,,0,100,,937,15,,,0,101,,938,15,,,0,100,,939,15,,,0,100,,940,15,,,0,100,,929,15,,,0,100,,930,15,,,0,100,,1604,15,,,0,99,,1596,15,,,0,100,,1597,15,,,0,100,,1598,15,,,0,100,,1599,15,,,0,100,,1602,15,,,0,99,,1600,15,,,0,114,,1601,15,,,0,100,,1603,15,,,0
201,'5228',733,,957,15,,,0,100,,958,15,,,0,101,,1609,15,,,0,105,,1606,15,,,0,101,,950,15,,,0,100,,1605,15,,,0,100,,1607,15,,,0,100,,947,15,,,0,100,,1608,15,,,0,100,,959,15,,,0,99,,954,15,,,0,100,,955,15,,,0,100,,951,15,,,0,105,,961,15,,,0,99,,962,15,,,0,105,,960,15,,,0
201,'5254',1810,,555,15,,,0,428,,556,15,,,0
201,'5256',701,,1611,15,,,0,31,,1624,15,,,0,27,,1612,15,,,0,58,,1613,15,,,0,107,,1614,15,,,0,110,,1616,15,,,0,105,,1615,15,,,0,106,,1617,15,,,0,205,,1618,15,,,0,86,,1620,15,,,0,74,,1619,15,,,0,35,,1625,15,,,0,274,,1621,15,,,0,105,,1622,15,,,0,104,,1623,15,,,0
201,'5257',1810,,1626,15,,,0,428,,1627,15,,,0
201,'5258',1350,,1628,15,,,0,370,,1629,15,,,0
201,'5259',1350,,1630,15,,,0,370,,1631,15,,,0
201,'5260',1810,,1632,15,,,0,428,,1633,15,,,0,205,,1634,15,,,0
201,'5261',1350,,1635,15,,,0,370,,1636,15,,,0
201,'5262',1350,,1637,15,,,0,370,,1638,15,,,0
901,'4965',728,,634,15,,,0,103,,635,15,,,0,102,,636,15,,,0,100,,637,15,,,0,101,,638,15,,,0,98,,639,15,,,0,100,,640,15,,,0,99,,641,15,,,0,124,,642,15,,,0,100,,643,15,,,0,92,,644,15,,,0,107,,645,15,,,0,154,,646,15,,,0
901,'5014',728,,1977,15,,,0,103,,1978,15,,,0,102,,1979,15,,,0,100,,1980,15,,,0,101,,1981,15,,,0,98,,1982,15,,,0,100,,1983,15,,,0,99,,1984,15,,,0,124,,1985,15,,,0,100,,1986,15,,,0,92,,1987,15,,,0,107,,1988,15,,,0,154,,1989,15,,,0
901,'5256',728,,1990,15,,,0,103,,1991,15,,,0,102,,1992,15,,,0,100,,1993,15,,,0,101,,1994,15,,,0,98,,1995,15,,,0,100,,1996,15,,,0,99,,1997,15,,,0,124,,1998,15,,,0,100,,1999,15,,,0,92,,2000,15,,,0,107,,2001,15,,,0,154,,2002,15,,,0
