101,'4623',1655,,1441,7,,,0,255,,1445,7,,,0,198,,1442,7,,,0,230,,1443,7,,,0
101,'4822',749,,399,7,,,0,106,,401,7,,,0,100,,397,7,,,0,100,,389,7,,,0,101,,393,7,,,0,98,,391,7,,,0,100,,395,7,,,0,100,,390,7,,,0,100,,394,7,,,0,100,,400,7,,,0,100,,392,7,,,0,150,,396,7,,,0,99,,398,7,,,0,101,,402,7,,,0,105,,403,7,,,0
101,'4826',653,,415,7,,,0,100,,410,7,,,0,101,,411,7,,,0,100,,412,7,,,0,100,,413,7,,,0,100,,414,7,,,0,100,,404,7,,,0,100,,408,7,,,0,100,,407,7,,,0,100,,406,7,,,0,100,,421,7,,,0,100,,405,7,,,0,150,,409,7,,,0,99,,416,7,,,0,105,,419,7,,,0,110,,417,7,,,0,115,,418,7,,,0,95,,420,7,,,0
101,'4965',645,,428,7,,,0,64,,439,7,,,0,39,,429,7,,,0,152,,430,7,,,0,100,,431,7,,,0,100,,99,7,,,0,109,,100,7,,,0,110,,101,7,,,0,30,,432,7,,,0,100,,433,7,,,0,77,,441,7,,,0,89,,434,7,,,0,120,,440,7,,,0,90,,436,7,,,0,124,,437,7,,,0,279,,438,7,,,0
101,'4967',1517,,423,7,0,5 6,0,138,,422,7,,,0,255,,427,7,,,0,198,,424,7,,,0,230,,425,7,,,0
101,'5014',645,,1447,7,,,0,64,,1459,7,,,0,39,,1448,7,,,0,152,,1449,7,,,0,100,,1450,7,,,0,100,,1451,7,,,0,109,,1452,7,,,0,110,,1453,7,,,0,30,,1454,7,,,0,177,,1461,7,,,0,89,,1455,7,,,0,120,,1460,7,,,0,90,,1456,7,,,0,124,,1457,7,,,0,279,,1458,7,,,0
101,'5222',1655,,1462,7,,,0,255,,1465,7,,,0,198,,1463,7,,,0,230,,1464,7,,,0
101,'5227',653,,771,7,,,0,100,,766,7,,,0,101,,767,7,,,0,100,,768,7,,,0,100,,769,7,,,0,100,,770,7,,,0,100,,760,7,,,0,100,,764,7,,,0,100,,763,7,,,0,100,,1467,7,,,0,100,,1474,7,,,0,100,,1466,7,,,0,150,,1468,7,,,0,99,,1469,7,,,0,105,,1471,7,,,0,110,,1470,7,,,0,115,,1472,7,,,0,95,,1473,7,,,0
101,'5228',749,,1478,7,,,0,106,,1479,7,,,0,100,,786,7,,,0,100,,1475,7,,,0,101,,1476,7,,,0,98,,780,7,,,0,100,,1477,7,,,0,100,,779,7,,,0,100,,783,7,,,0,100,,789,7,,,0,100,,781,7,,,0,150,,785,7,,,0,99,,787,7,,,0,101,,791,7,,,0,105,,792,7,,,0
101,'5254',1517,,443,7,0,5 6,0,138,,442,7,,,0,255,,446,7,,,0,198,,444,7,,,0,230,,445,7,,,0
101,'5256',645,,1481,7,,,0,64,,1495,7,,,0,39,,1482,7,,,0,152,,1483,7,,,0,100,,1484,7,,,0,100,,1485,7,,,0,109,,1486,7,,,0,110,,1487,7,,,0,30,,1488,7,,,0,168,,1490,7,0,5 6,0,9,,1497,7,,,0,89,,1489,7,,,0,120,,1496,7,,,0,90,,1492,7,,,0,124,,1493,7,,,0,279,,1494,7,,,0
101,'5257',1655,,1498,7,,,0,255,,1501,7,,,0,198,,1499,7,,,0,230,,1500,7,,,0
101,'5258',1449,,1502,7,,,0
101,'5259',1449,,1503,7,,,0
101,'5260',1655,,1504,7,,,0,255,,1508,7,,,0,198,,1505,7,,,0,230,,1506,7,,,0
101,'5261',1449,,1509,7,,,0
101,'5262',1449,,1510,7,,,0
201,'4623',1805,,1575,7,,,0,429,,1576,7,,,0,205,,1577,7,,,0
201,'4822',729,,512,7,,,0,100,,513,7,,,0,101,,511,7,,,0,105,,504,7,,,0,100,,505,7,,,0,100,,503,7,,,0,100,,507,7,,,0,100,,502,7,,,0,100,,508,7,,,0,100,,514,7,,,0,100,,509,7,,,0,100,,510,7,,,0,100,,506,7,,,0,105,,516,7,,,0,99,,517,7,,,0,105,,515,7,,,0
201,'4826',708,,530,7,,,0,126,,524,7,,,0,101,,525,7,,,0,100,,526,7,,,0,100,,527,7,,,0,100,,528,7,,,0,100,,529,7,,,0,100,,518,7,,,0,100,,519,7,,,0,100,,535,7,,,0,100,,520,7,,,0,100,,521,7,,,0,100,,522,7,,,0,100,,523,7,,,0,100,,533,7,,,0,99,,531,7,,,0,114,,532,7,,,0,100,,534,7,,,0
201,'4965',657,,215,7,,,0,71,,553,7,,,0,27,,540,7,,,0,58,,541,7,,,0,107,,218,7,,,0,110,,543,7,,,0,105,,542,7,,,0,105,,544,7,,,0,105,,545,7,,,0,100,,546,7,,,0,85,,549,7,,,0,75,,548,7,,,0,35,,554,7,,,0,75,,547,7,,,0,200,,550,7,,,0,105,,551,7,,,0,104,,552,7,,,0
201,'4967',1805,,536,7,,,0,429,,537,7,,,0,205,,538,7,,,0
201,'5014',657,,1579,7,,,0,71,,1592,7,,,0,27,,1580,7,,,0,58,,1581,7,,,0,107,,1582,7,,,0,110,,1584,7,,,0,105,,1583,7,,,0,105,,1585,7,,,0,205,,1586,7,,,0,85,,1588,7,,,0,75,,1587,7,,,0,35,,1593,7,,,0,275,,1589,7,,,0,105,,1590,7,,,0,104,,1591,7,,,0
201,'5222',1805,,1594,7,,,0,429,,1595,7,,,0
201,'5227',708,,941,7,,,0,126,,935,7,,,0,101,,936,7,,,0,100,,937,7,,,0,100,,938,7,,,0,100,,939,7,,,0,100,,940,7,,,0,100,,929,7,,,0,100,,930,7,,,0,100,,1604,7,,,0,100,,1596,7,,,0,100,,1597,7,,,0,100,,1598,7,,,0,100,,1599,7,,,0,100,,1602,7,,,0,99,,1600,7,,,0,114,,1601,7,,,0,100,,1603,7,,,0
201,'5228',729,,957,7,,,0,100,,958,7,,,0,101,,1609,7,,,0,105,,1606,7,,,0,100,,950,7,,,0,100,,1605,7,,,0,100,,1607,7,,,0,100,,947,7,,,0,100,,1608,7,,,0,100,,959,7,,,0,100,,954,7,,,0,100,,955,7,,,0,100,,951,7,,,0,105,,961,7,,,0,99,,962,7,,,0,105,,960,7,,,0
201,'5254',1805,,555,7,,,0,429,,556,7,,,0
201,'5256',657,,1611,7,,,0,71,,1624,7,,,0,27,,1612,7,,,0,58,,1613,7,,,0,107,,1614,7,,,0,110,,1616,7,,,0,105,,1615,7,,,0,105,,1617,7,,,0,205,,1618,7,,,0,85,,1620,7,,,0,75,,1619,7,,,0,35,,1625,7,,,0,275,,1621,7,,,0,105,,1622,7,,,0,104,,1623,7,,,0
201,'5257',1805,,1626,7,,,0,429,,1627,7,,,0
201,'5258',1345,,1628,7,,,0,370,,1629,7,,,0
201,'5259',1345,,1630,7,,,0,370,,1631,7,,,0
201,'5260',1805,,1632,7,,,0,429,,1633,7,,,0,205,,1634,7,,,0
201,'5261',1345,,1635,7,,,0,370,,1636,7,,,0
201,'5262',1345,,1637,7,,,0,370,,1638,7,,,0
901,'4965',724,,634,7,,,0,103,,635,7,,,0,102,,636,7,,,0,100,,637,7,,,0,101,,638,7,,,0,98,,639,7,,,0,100,,640,7,,,0,98,,641,7,,,0,124,,642,7,,,0,100,,643,7,,,0,93,,644,7,,,0,107,,645,7,,,0,154,,646,7,,,0
901,'5014',724,,1977,7,,,0,103,,1978,7,,,0,102,,1979,7,,,0,100,,1980,7,,,0,101,,1981,7,,,0,98,,1982,7,,,0,100,,1983,7,,,0,98,,1984,7,,,0,124,,1985,7,,,0,100,,1986,7,,,0,93,,1987,7,,,0,107,,1988,7,,,0,154,,1989,7,,,0
901,'5256',724,,1990,7,,,0,103,,1991,7,,,0,102,,1992,7,,,0,100,,1993,7,,,0,101,,1994,7,,,0,98,,1995,7,,,0,100,,1996,7,,,0,98,,1997,7,,,0,124,,1998,7,,,0,100,,1999,7,,,0,93,,2000,7,,,0,107,,2001,7,,,0,154,,2002,7,,,0
