201,'4623',1827,,908,33,,,0,431,,909,37,,,0,244,,910,37,,,0
201,'4822',753,,512,37,,,0,100,,513,37,,,0,101,,511,37,,,0,105,,504,37,,,0,141,,505,37,,,0,100,,503,37,,,0,101,,507,37,,,0,100,,502,37,,,0,100,,508,37,,,0,100,,514,37,,,0,99,,509,37,,,0,100,,510,37,,,0,59,,506,37,,,0,145,,516,37,,,0,99,,517,37,,,0,105,,515,37,,,0
201,'4826',727,,530,33,,,0,131,,524,37,,,0,101,,525,37,,,0,100,,526,37,,,0,141,,527,37,,,0,100,,528,37,,,0,101,,529,37,,,0,100,,518,37,,,0,100,,519,37,,,0,100,,535,37,,,0,99,,520,37,,,0,100,,521,37,,,0,59,,522,37,,,0,100,,523,37,,,0,100,,533,37,,,0,99,,531,37,,,0,154,,532,37,,,0,99,,534,37,,,0
201,'4965',611,,539,11,,,0,109,,215,37,,,0,27,,553,33,,,0,67,,540,33,,,0,18,,541,33,,,0,108,,218,33,,,0,110,,543,33,,,0,106,,542,33,,,0,146,,544,33,,,0,105,,545,33,,,0,100,,546,33,,,0,47,,549,33,,,0,74,,548,33,,,0,74,,554,33,,,0,35,,547,33,,,0,199,,550,33,,,0,109,,551,37,,,0,103,,552,37,,,0
201,'4967',1827,,536,33,,,0,431,,537,37,,,0,244,,538,37,,,0
201,'5014',611,,911,11,,,0,109,,912,37,,,0,27,,925,33,,,0,67,,913,33,,,0,18,,914,33,,,0,108,,915,33,,,0,110,,917,33,,,0,106,,916,33,,,0,146,,918,33,,,0,205,,919,33,,,0,47,,921,33,,,0,74,,920,33,,,0,74,,926,33,,,0,234,,922,33,,,0,109,,923,37,,,0,103,,924,37,,,0
201,'5222',1827,,927,33,,,0,431,,928,37,,,0
201,'5227',727,,941,33,,,0,131,,935,37,,,0,101,,936,37,,,0,100,,937,37,,,0,141,,938,37,,,0,100,,939,37,,,0,101,,940,37,,,0,100,,929,37,,,0,100,,930,37,,,0,100,,946,37,,,0,99,,931,37,,,0,100,,932,37,,,0,59,,933,37,,,0,100,,934,37,,,0,100,,944,37,,,0,99,,942,37,,,0,154,,943,37,,,0,99,,945,37,,,0
201,'5228',753,,957,37,,,0,100,,958,37,,,0,101,,956,37,,,0,105,,949,37,,,0,141,,950,37,,,0,100,,948,37,,,0,101,,952,37,,,0,100,,947,37,,,0,100,,953,37,,,0,100,,959,37,,,0,99,,954,37,,,0,100,,955,37,,,0,59,,951,37,,,0,145,,961,37,,,0,99,,962,37,,,0,105,,960,37,,,0
201,'5254',1827,,555,33,,,0,431,,556,37,,,0
201,'5256',611,,963,11,,,0,109,,964,37,,,0,27,,977,33,,,0,67,,965,33,,,0,18,,966,33,,,0,108,,967,33,,,0,110,,969,33,,,0,106,,968,33,,,0,146,,970,33,,,0,205,,971,33,,,0,47,,973,33,,,0,74,,972,33,,,0,74,,978,33,,,0,234,,974,33,,,0,109,,975,37,,,0,103,,976,37,,,0
201,'5257',1827,,979,33,,,0,431,,980,37,,,0
201,'5258',1407,,981,33,,,0,330,,982,33,,,0
201,'5259',1407,,983,33,,,0,330,,984,33,,,0
201,'5260',1827,,985,33,,,0,431,,986,37,,,0,244,,987,37,,,0
201,'5261',1407,,988,33,,,0,330,,989,33,,,0
201,'5262',1407,,990,33,,,0,330,,991,33,,,0
