101,'4528',645,,2064,8,,,0,64,,2076,8,,,0,40,,2065,8,,,0,152,,2066,8,,,0,99,,2067,8,,,0,101,,2068,8,,,0,109,,2069,8,,,0,110,,2070,8,,,0,30,,2071,8,,,0,177,,2078,8,,,0,89,,2072,8,,,0,120,,2077,8,,,0,89,,2073,8,,,0,124,,2074,8,,,0,279,,2075,8,,,0
101,'4532',653,,2090,8,,,0,100,,2085,8,,,0,101,,2086,8,,,0,100,,2087,8,,,0,100,,2088,8,,,0,101,,2089,8,,,0,100,,2079,8,,,0,100,,2083,8,,,0,100,,2082,8,,,0,100,,2081,8,,,0,100,,2096,8,,,0,99,,2080,8,,,0,150,,2084,8,,,0,99,,2091,8,,,0,105,,2093,8,,,0,110,,2092,8,,,0,115,,2094,8,,,0,95,,2095,8,,,0
101,'4623',1656,,2097,8,,,0,254,,2101,8,,,0,198,,2098,8,,,0,230,,2099,8,,,0
101,'5210',749,,2112,8,,,0,106,,2114,8,,,0,100,,2110,8,,,0,100,,2102,8,,,0,102,,2106,8,,,0,98,,2104,8,,,0,100,,2108,8,,,0,100,,2103,8,,,0,100,,2107,8,,,0,100,,2113,8,,,0,99,,2105,8,,,0,150,,2109,8,,,0,99,,2111,8,,,0,101,,2115,8,,,0,105,,2116,8,,,0
101,'5222',1656,,2117,8,,,0,254,,2120,8,,,0,198,,2118,8,,,0,230,,2119,8,,,0
101,'5261',1450,,2121,8,,,0
101,'5262',1450,,2122,8,,,0
201,'4528',657,,2183,8,,,0,71,,2196,8,,,0,27,,2184,8,,,0,58,,2185,8,,,0,107,,2186,8,,,0,110,,2188,8,,,0,105,,2187,8,,,0,106,,2189,8,,,0,205,,2190,8,,,0,85,,2192,8,,,0,75,,2191,8,,,0,35,,2197,8,,,0,274,,2193,8,,,0,105,,2194,8,,,0,104,,2195,8,,,0
201,'4532',709,,2210,8,,,0,125,,2204,8,,,0,101,,2205,8,,,0,100,,2206,8,,,0,101,,2207,8,,,0,100,,2208,8,,,0,100,,2209,8,,,0,100,,2198,8,,,0,100,,2199,8,,,0,100,,2215,8,,,0,99,,2200,8,,,0,100,,2201,8,,,0,100,,2202,8,,,0,100,,2203,8,,,0,100,,2213,8,,,0,99,,2211,8,,,0,115,,2212,8,,,0,100,,2214,8,,,0
201,'4623',1806,,2216,8,,,0,428,,2217,8,,,0,205,,2218,8,,,0
201,'5210',729,,2229,8,,,0,100,,2230,8,,,0,101,,2228,8,,,0,105,,2221,8,,,0,101,,2222,8,,,0,100,,2220,8,,,0,100,,2224,8,,,0,100,,2219,8,,,0,100,,2225,8,,,0,100,,2231,8,,,0,99,,2226,8,,,0,100,,2227,8,,,0,100,,2223,8,,,0,105,,2233,8,,,0,99,,2234,8,,,0,105,,2232,8,,,0
201,'5222',1806,,2235,8,,,0,428,,2236,8,,,0
201,'5261',1346,,2237,8,,,0,370,,2238,8,,,0
201,'5262',1346,,2239,8,,,0,370,,2240,8,,,0
901,'4528',724,,2480,8,,,0,103,,2481,8,,,0,102,,2482,8,,,0,100,,2483,8,,,0,101,,2484,8,,,0,98,,2485,8,,,0,100,,2486,8,,,0,99,,2487,8,,,0,124,,2488,8,,,0,100,,2489,8,,,0,92,,2490,8,,,0,107,,2491,8,,,0,154,,2492,8,,,0
