101,'4528',646,,2064,10,,,0,64,,2076,10,,,0,40,,2065,10,,,0,152,,2066,10,,,0,99,,2067,10,,,0,101,,2068,10,,,0,109,,2069,10,,,0,110,,2070,10,,,0,30,,2071,10,,,0,178,,2078,10,,,0,88,,2072,10,,,0,120,,2077,10,,,0,89,,2073,10,,,0,124,,2074,10,,,0,279,,2075,10,,,0
101,'4532',654,,2090,10,,,0,100,,2085,10,,,0,101,,2086,10,,,0,100,,2087,10,,,0,100,,2088,10,,,0,101,,2089,10,,,0,100,,2079,10,,,0,100,,2083,10,,,0,100,,2082,10,,,0,100,,2081,10,,,0,100,,2096,10,,,0,99,,2080,10,,,0,150,,2084,10,,,0,99,,2091,10,,,0,105,,2093,10,,,0,110,,2092,10,,,0,115,,2094,10,,,0,95,,2095,10,,,0
101,'4623',1657,,2097,10,,,0,254,,2101,10,,,0,198,,2098,10,,,0,230,,2099,10,,,0
101,'5210',750,,2112,10,,,0,106,,2114,10,,,0,100,,2110,10,,,0,100,,2102,10,,,0,102,,2106,10,,,0,98,,2104,10,,,0,100,,2108,10,,,0,100,,2103,10,,,0,100,,2107,10,,,0,100,,2113,10,,,0,99,,2105,10,,,0,150,,2109,10,,,0,99,,2111,10,,,0,101,,2115,10,,,0,105,,2116,10,,,0
101,'5222',1657,,2117,10,,,0,254,,2120,10,,,0,198,,2118,10,,,0,230,,2119,10,,,0
101,'5261',1451,,2121,10,,,0
101,'5262',1451,,2122,10,,,0
201,'4528',658,,2183,10,,,0,71,,2196,10,,,0,27,,2184,10,,,0,58,,2185,10,,,0,107,,2186,10,,,0,110,,2188,10,,,0,105,,2187,10,,,0,106,,2189,10,,,0,205,,2190,10,,,0,86,,2192,10,,,0,74,,2191,10,,,0,35,,2197,10,,,0,274,,2193,10,,,0,105,,2194,10,,,0,104,,2195,10,,,0
201,'4532',710,,2210,10,,,0,125,,2204,10,,,0,101,,2205,10,,,0,100,,2206,10,,,0,101,,2207,10,,,0,100,,2208,10,,,0,100,,2209,10,,,0,100,,2198,10,,,0,100,,2199,10,,,0,100,,2215,10,,,0,99,,2200,10,,,0,100,,2201,10,,,0,100,,2202,10,,,0,100,,2203,10,,,0,100,,2213,10,,,0,99,,2211,10,,,0,115,,2212,10,,,0,100,,2214,10,,,0
201,'4623',1807,,2216,10,,,0,428,,2217,10,,,0,205,,2218,10,,,0
201,'5210',730,,2229,10,,,0,100,,2230,10,,,0,101,,2228,10,,,0,105,,2221,10,,,0,101,,2222,10,,,0,100,,2220,10,,,0,100,,2224,10,,,0,100,,2219,10,,,0,100,,2225,10,,,0,100,,2231,10,,,0,99,,2226,10,,,0,100,,2227,10,,,0,100,,2223,10,,,0,105,,2233,10,,,0,99,,2234,10,,,0,105,,2232,10,,,0
201,'5222',1807,,2235,10,,,0,428,,2236,10,,,0
201,'5261',1347,,2237,10,,,0,370,,2238,10,,,0
201,'5262',1347,,2239,10,,,0,370,,2240,10,,,0
901,'4528',725,,2480,10,,,0,103,,2481,10,,,0,102,,2482,10,,,0,100,,2483,10,,,0,101,,2484,10,,,0,98,,2485,10,,,0,100,,2486,10,,,0,99,,2487,10,,,0,124,,2488,10,,,0,100,,2489,10,,,0,92,,2490,10,,,0,107,,2491,10,,,0,154,,2492,10,,,0
