101,'4528',646,,2064,9,,,0,64,,2076,9,,,0,39,,2065,9,,,0,152,,2066,9,,,0,100,,2067,9,,,0,100,,2068,9,,,0,109,,2069,9,,,0,110,,2070,9,,,0,30,,2071,9,,,0,178,,2078,9,,,0,88,,2072,9,,,0,120,,2077,9,,,0,90,,2073,9,,,0,124,,2074,9,,,0,279,,2075,9,,,0
101,'4532',654,,2090,9,,,0,100,,2085,9,,,0,101,,2086,9,,,0,100,,2087,9,,,0,100,,2088,9,,,0,100,,2089,9,,,0,100,,2079,9,,,0,100,,2083,9,,,0,100,,2082,9,,,0,100,,2081,9,,,0,100,,2096,9,,,0,100,,2080,9,,,0,150,,2084,9,,,0,99,,2091,9,,,0,105,,2093,9,,,0,110,,2092,9,,,0,115,,2094,9,,,0,95,,2095,9,,,0
101,'4623',1656,,2097,9,,,0,255,,2101,9,,,0,198,,2098,9,,,0,230,,2099,9,,,0
101,'5210',750,,2112,9,,,0,106,,2114,9,,,0,100,,2110,9,,,0,100,,2102,9,,,0,101,,2106,9,,,0,98,,2104,9,,,0,100,,2108,9,,,0,100,,2103,9,,,0,100,,2107,9,,,0,100,,2113,9,,,0,100,,2105,9,,,0,150,,2109,9,,,0,99,,2111,9,,,0,101,,2115,9,,,0,105,,2116,9,,,0
101,'5222',1656,,2117,9,,,0,255,,2120,9,,,0,198,,2118,9,,,0,230,,2119,9,,,0
101,'5261',1450,,2121,9,,,0
101,'5262',1450,,2122,9,,,0
201,'4528',658,,2183,9,,,0,71,,2196,9,,,0,27,,2184,9,,,0,58,,2185,9,,,0,107,,2186,9,,,0,110,,2188,9,,,0,105,,2187,9,,,0,105,,2189,9,,,0,205,,2190,9,,,0,86,,2192,9,,,0,74,,2191,9,,,0,35,,2197,9,,,0,275,,2193,9,,,0,105,,2194,9,,,0,104,,2195,9,,,0
201,'4532',709,,2210,9,,,0,126,,2204,9,,,0,101,,2205,9,,,0,100,,2206,9,,,0,100,,2207,9,,,0,100,,2208,9,,,0,100,,2209,9,,,0,100,,2198,9,,,0,100,,2199,9,,,0,100,,2215,9,,,0,100,,2200,9,,,0,100,,2201,9,,,0,100,,2202,9,,,0,100,,2203,9,,,0,100,,2213,9,,,0,99,,2211,9,,,0,114,,2212,9,,,0,100,,2214,9,,,0
201,'4623',1806,,2216,9,,,0,429,,2217,9,,,0,205,,2218,9,,,0
201,'5210',730,,2229,9,,,0,100,,2230,9,,,0,101,,2228,9,,,0,105,,2221,9,,,0,100,,2222,9,,,0,100,,2220,9,,,0,100,,2224,9,,,0,100,,2219,9,,,0,100,,2225,9,,,0,100,,2231,9,,,0,100,,2226,9,,,0,100,,2227,9,,,0,100,,2223,9,,,0,105,,2233,9,,,0,99,,2234,9,,,0,105,,2232,9,,,0
201,'5222',1806,,2235,9,,,0,429,,2236,9,,,0
201,'5261',1346,,2237,9,,,0,370,,2238,9,,,0
201,'5262',1346,,2239,9,,,0,370,,2240,9,,,0
901,'4528',725,,2480,9,,,0,103,,2481,9,,,0,102,,2482,9,,,0,100,,2483,9,,,0,101,,2484,9,,,0,98,,2485,9,,,0,100,,2486,9,,,0,98,,2487,9,,,0,124,,2488,9,,,0,100,,2489,9,,,0,93,,2490,9,,,0,107,,2491,9,,,0,154,,2492,9,,,0
