100,'4528',637,,2003,23,,,0,93,,2004,23,,,0,25,,2016,23,,,0,82,,2005,23,,,0,109,,2006,23,,,0,99,,2007,23,,,0,102,,2008,22,,,0,110,,2010,23,,,0,150,,2009,23,,,0,30,,2011,23,,,0,181,,2018,23,,,0,87,,2012,23,,,0,118,,2017,23,,,0,89,,2013,23,,,0,121,,2014,23,,,0,277,,2015,23,,,0
100,'4532',736,,2026,23,,,0,100,,2021,23,,,0,102,,2022,23,,,0,101,,2023,23,,,0,100,,2024,23,,,0,101,,2025,23,,,0,102,,2019,23,,,0,100,,2020,23,,,0,100,,2031,23,,,0,100,,2032,23,,,0,100,,2036,23,,,0,99,,2033,23,,,0,108,,2034,23,,,0,99,,2035,23,,,0,103,,2028,23,,,0,150,,2030,23,,,0,113,,2027,23,,,0
100,'4623',1744,,2037,23,,,0,211,,2041,23,,,0,196,,2038,23,,,0,268,,2039,23,,,0
100,'5210',832,,2053,23,,,0,107,,2052,23,,,0,101,,2050,23,,,0,100,,2042,23,,,0,102,,2048,23,,,0,100,,2043,23,,,0,100,,2049,23,,,0,100,,2044,23,,,0,100,,2046,23,,,0,100,,2054,23,,,0,99,,2045,23,,,0,108,,2047,23,,,0,99,,2051,23,,,0,99,,2056,23,,,0,105,,2055,23,,,0
100,'5222',1744,,2057,23,,,0,211,,2060,23,,,0,196,,2058,23,,,0,268,,2059,23,,,0
100,'5261',1538,,2061,23,,,0
100,'5262',1538,,2062,23,,,0
200,'4528',634,,2123,20,,,0,109,,2124,20,,,0,67,,2137,20,,,0,28,,2125,20,,,0,18,,2127,20,,,0,147,,2126,20,,,0,110,,2129,20,,,0,107,,2128,20,,,0,106,,2130,20,,,0,205,,2132,20,,,0,87,,2133,20,,,0,34,,2131,20,,,0,74,,2138,20,,,0,274,,2134,20,,,0,109,,2135,20,,,0,101,,2136,20,,,0
200,'4532',747,,2151,20,,,0,172,,2145,20,,,0,102,,2147,20,,,0,100,,2146,20,,,0,101,,2148,20,,,0,100,,2149,20,,,0,101,,2150,20,,,0,100,,2139,20,,,0,100,,2140,20,,,0,100,,2156,20,,,0,99,,2141,20,,,0,100,,2142,20,,,0,99,,2143,20,,,0,100,,2144,20,,,0,100,,2153,20,,,0,97,,2152,20,,,0,114,,2154,20,,,0
200,'4623',1851,,2157,20,,,0,469,,2158,20,,,0
200,'5210',813,,2170,20,,,0,100,,2171,20,,,0,102,,2169,20,,,0,106,,2160,20,,,0,101,,2164,20,,,0,100,,2162,20,,,0,101,,2167,20,,,0,100,,2161,20,,,0,100,,2166,20,,,0,100,,2172,20,,,0,99,,2163,20,,,0,100,,2168,20,,,0,99,,2165,20,,,0,105,,2175,20,,,0,99,,2174,20,,,0,103,,2173,20,,,0
200,'5222',1851,,2176,20,,,0,469,,2177,20,,,0
200,'5261',1431,,2178,20,,,0,370,,2179,20,,,0
200,'5262',1431,,2180,20,,,0,370,,2181,20,,,0
900,'4528',803,,2467,21,,,0,105,,2469,21,,,0,100,,2468,21,,,0,100,,2471,21,,,0,120,,2470,21,,,0,80,,2473,21,,,0,100,,2472,21,,,0,101,,2474,21,,,0,124,,2476,21,,,0,100,,2475,21,,,0,89,,2477,21,,,0,106,,2478,21,,,0,113,,2479,21,,,0
