100,'4528',633,,2003,17,,,0,93,,2004,17,,,0,25,,2016,17,,,0,81,,2005,17,,,0,110,,2006,17,,,0,99,,2007,17,,,0,101,,2008,16,,,0,110,,2010,17,,,0,150,,2009,17,,,0,30,,2011,17,,,0,181,,2018,17,,,0,87,,2012,17,,,0,119,,2017,17,,,0,89,,2013,17,,,0,121,,2014,17,,,0,278,,2015,17,,,0
100,'4532',732,,2026,17,,,0,100,,2021,17,,,0,102,,2022,17,,,0,101,,2023,17,,,0,100,,2024,17,,,0,101,,2025,17,,,0,102,,2019,17,,,0,100,,2020,17,,,0,100,,2031,17,,,0,100,,2032,17,,,0,100,,2036,17,,,0,99,,2033,17,,,0,108,,2034,17,,,0,99,,2035,17,,,0,103,,2028,17,,,0,110,,2030,17,,,0,154,,2027,17,,,0
100,'4623',1739,,2037,17,,,0,212,,2041,17,,,0,196,,2038,17,,,0,269,,2039,17,,,0
100,'5210',828,,2053,17,,,0,107,,2052,17,,,0,101,,2050,17,,,0,100,,2042,17,,,0,102,,2048,17,,,0,100,,2043,17,,,0,100,,2049,17,,,0,100,,2044,17,,,0,100,,2046,17,,,0,100,,2054,17,,,0,99,,2045,17,,,0,108,,2047,17,,,0,99,,2051,17,,,0,99,,2056,17,,,0,105,,2055,17,,,0
100,'5222',1739,,2057,17,,,0,212,,2060,17,,,0,196,,2058,17,,,0,269,,2059,17,,,0
100,'5261',1533,,2061,17,,,0
100,'5262',1533,,2062,17,,,0
200,'4528',630,,2123,14,,,0,109,,2124,14,,,0,67,,2137,14,,,0,28,,2125,14,,,0,18,,2127,14,,,0,107,,2126,14,,,0,150,,2129,14,,,0,106,,2128,14,,,0,106,,2130,14,,,0,205,,2132,14,,,0,87,,2133,14,,,0,34,,2131,14,,,0,74,,2138,14,,,0,234,,2134,14,,,0,149,,2135,14,,,0,102,,2136,14,,,0
200,'4532',744,,2151,14,,,0,172,,2145,14,,,0,101,,2147,14,,,0,100,,2146,14,,,0,101,,2148,14,,,0,100,,2149,14,,,0,101,,2150,14,,,0,100,,2139,14,,,0,100,,2140,14,,,0,100,,2156,14,,,0,99,,2141,14,,,0,100,,2142,14,,,0,99,,2143,14,,,0,100,,2144,14,,,0,100,,2153,14,,,0,97,,2152,14,,,0,114,,2154,14,,,0
200,'4623',1846,,2157,14,,,0,470,,2158,14,,,0
200,'5210',810,,2170,14,,,0,100,,2171,14,,,0,101,,2169,14,,,0,106,,2160,14,,,0,101,,2164,14,,,0,100,,2162,14,,,0,101,,2167,14,,,0,100,,2161,14,,,0,100,,2166,14,,,0,100,,2172,14,,,0,99,,2163,14,,,0,100,,2168,14,,,0,99,,2165,14,,,0,105,,2175,14,,,0,99,,2174,14,,,0,103,,2173,14,,,0
200,'5222',1846,,2176,14,,,0,470,,2177,14,,,0
200,'5261',1426,,2178,14,,,0,330,,2179,14,,,0
200,'5262',1426,,2180,14,,,0,330,,2181,14,,,0
900,'4528',759,,2467,15,,,0,145,,2469,15,,,0,100,,2468,15,,,0,100,,2471,15,,,0,120,,2470,15,,,0,80,,2473,15,,,0,100,,2472,15,,,0,100,,2474,15,,,0,125,,2476,15,,,0,100,,2475,15,,,0,90,,2477,15,,,0,106,,2478,15,,,0,113,,2479,15,,,0
