100,'4528',626,,2003,12,,,0,92,,2004,12,,,0,25,,2016,12,,,0,81,,2005,12,,,0,110,,2006,12,,,0,99,,2007,12,,,0,101,,2008,11,,,0,110,,2010,12,,,0,110,,2009,12,,,0,70,,2011,12,,,0,181,,2018,12,,,0,47,,2012,12,,,0,159,,2017,12,,,0,89,,2013,12,,,0,122,,2014,12,,,0,278,,2015,12,,,0
100,'4532',724,,2026,12,,,0,100,,2021,12,,,0,102,,2022,12,,,0,101,,2023,12,,,0,100,,2024,12,,,0,101,,2025,12,,,0,102,,2019,12,,,0,100,,2020,12,,,0,100,,2031,12,,,0,100,,2032,12,,,0,100,,2036,12,,,0,99,,2033,12,,,0,109,,2034,12,,,0,99,,2035,12,,,0,104,,2028,12,,,0,110,,2030,12,,,0,154,,2027,12,,,0,54,,2029,12,0,5 6,0
100,'4623',1731,,2037,12,,,0,212,,2041,12,,,0,197,,2038,12,,,0,269,,2039,12,,,0,124,,2040,12,0,5 6,0
100,'5210',820,,2053,12,,,0,107,,2052,12,,,0,101,,2050,12,,,0,100,,2042,12,,,0,102,,2048,12,,,0,100,,2043,12,,,0,100,,2049,12,,,0,100,,2044,12,,,0,100,,2046,12,,,0,100,,2054,12,,,0,99,,2045,12,,,0,109,,2047,12,,,0,99,,2051,12,,,0,100,,2056,12,,,0,105,,2055,12,,,0
100,'5222',1731,,2057,12,,,0,212,,2060,12,,,0,197,,2058,12,,,0,269,,2059,12,,,0
100,'5261',1525,,2061,12,,,0
100,'5262',1525,,2062,12,,,0
400,'4528',738,,2298,6,,,0,80,,2299,6,,,0,37,,2300,6,,,0,599,,2301,6,,,0,257,,2302,6,,,0
400,'4623',1631,,2303,6,,,0
400,'5222',1631,,2304,6,,,0
901,'4528',737,,2480,24,,,0,104,,2481,24,,,0,101,,2482,24,,,0,100,,2483,24,,,0,101,,2484,24,,,0,98,,2485,24,,,0,100,,2486,24,,,0,100,,2487,24,,,0,164,,2488,24,,,0,100,,2489,24,,,0,51,,2490,24,,,0,147,,2491,24,,,0,113,,2492,24,,,0
