100,'4480',638,,1411,25,,,0,93,,1412,25,,,0,25,,1425,25,,,0,83,,1413,25,,,0,109,,1414,25,,,0,98,,1415,25,,,0,102,,1416,24,,,0,110,,1418,25,,,0,150,,1417,25,,,0,30,,1419,25,,,0,98,,1421,25,,,0,84,,1427,25,,,0,87,,1420,25,,,0,117,,1426,25,,,0,89,,1422,25,,,0,121,,1423,25,,,0,277,,1424,25,,,0
100,'4661',1746,,1428,25,,,0,210,,1431,25,,,0,196,,1429,25,,,0,268,,1430,25,,,0
100,'4663',1746,,1434,25,,,0,210,,1438,25,,,0,196,,1435,25,,,0,268,,1436,25,,,0
100,'5173',1540,,1432,25,,,0
100,'5259',1540,,1433,25,,,0
200,'4480',635,,1546,22,,,0,109,,1547,22,,,0,67,,1560,22,,,0,28,,1548,22,,,0,18,,1550,22,,,0,147,,1549,22,,,0,110,,1552,22,,,0,107,,1551,22,,,0,106,,1553,22,,,0,205,,1555,22,,,0,87,,1556,22,,,0,34,,1554,22,,,0,74,,1561,22,,,0,274,,1557,22,,,0,109,,1558,22,,,0,101,,1559,22,,,0
200,'4661',1852,,1562,22,,,0,469,,1563,22,,,0
200,'4663',1852,,1568,22,,,0,469,,1569,22,,,0
200,'5173',1432,,1564,22,,,0,370,,1565,22,,,0
200,'5259',1432,,1566,22,,,0,370,,1567,22,,,0
900,'4480',804,,1964,23,,,0,105,,1966,23,,,0,100,,1965,23,,,0,100,,1968,23,,,0,120,,1967,23,,,0,80,,1970,23,,,0,100,,1969,23,,,0,101,,1971,23,,,0,125,,1973,23,,,0,100,,1972,23,,,0,89,,1974,23,,,0,105,,1975,23,,,0,113,,1976,23,,,0
