100,'4480',636,,1411,22,,,0,93,,1412,22,,,0,25,,1425,22,,,0,83,,1413,22,,,0,109,,1414,22,,,0,98,,1415,22,,,0,102,,1416,21,,,0,110,,1418,22,,,0,150,,1417,22,,,0,30,,1419,22,,,0,98,,1421,22,,,0,84,,1427,22,,,0,87,,1420,22,,,0,117,,1426,22,,,0,89,,1422,22,,,0,121,,1423,22,,,0,277,,1424,22,,,0
100,'4661',1744,,1428,22,,,0,210,,1431,22,,,0,196,,1429,22,,,0,268,,1430,22,,,0
100,'4663',1744,,1434,22,,,0,210,,1438,22,,,0,196,,1435,22,,,0,268,,1436,22,,,0
100,'5173',1538,,1432,22,,,0
100,'5259',1538,,1433,22,,,0
200,'4480',633,,1546,19,,,0,109,,1547,19,,,0,67,,1560,19,,,0,28,,1548,19,,,0,18,,1550,19,,,0,147,,1549,19,,,0,110,,1552,19,,,0,107,,1551,19,,,0,106,,1553,19,,,0,205,,1555,19,,,0,87,,1556,19,,,0,34,,1554,19,,,0,74,,1561,19,,,0,234,,1557,19,,,0,149,,1558,19,,,0,101,,1559,19,,,0
200,'4661',1850,,1562,19,,,0,469,,1563,19,,,0
200,'4663',1850,,1568,19,,,0,469,,1569,19,,,0
200,'5173',1430,,1564,19,,,0,370,,1565,19,,,0
200,'5259',1430,,1566,19,,,0,370,,1567,19,,,0
400,'4480',742,,1713,11,,,0,80,,1714,11,,,0,37,,1715,11,,,0,599,,1716,11,,,0,97,,1718,11,,,0,161,,1717,11,,,0
400,'4661',1636,,1719,11,,,0
400,'4663',1636,,1720,11,,,0
900,'4480',802,,1964,20,,,0,105,,1966,20,,,0,100,,1965,20,,,0,100,,1968,20,,,0,120,,1967,20,,,0,80,,1970,20,,,0,100,,1969,20,,,0,101,,1971,20,,,0,125,,1973,20,,,0,100,,1972,20,,,0,89,,1974,20,,,0,105,,1975,20,,,0,113,,1976,20,,,0
