301,'4623',2220,,992,22,,,0
301,'4822',735,,568,22,,,0,176,,566,22,,,0,101,,558,22,,,0,106,,561,22,,,0,100,,557,22,,,0,100,,559,22,,,0,100,,562,22,,,0,100,,560,22,,,0,100,,563,22,,,0,100,,565,22,,,0,98,,564,22,,,0,100,,567,22,,,0,104,,569,22,,,0,100,,570,22,,,0
301,'4826',655,,585,22,,,0,161,,578,22,,,0,100,,579,22,,,0,101,,583,22,,,0,101,,580,22,,,0,100,,581,22,,,0,100,,584,22,,,0,100,,575,22,,,0,100,,574,22,,,0,100,,576,22,,,0,100,,572,22,,,0,98,,577,22,,,0,100,,571,22,,,0,99,,573,22,,,0,100,,582,22,,,0,100,,586,22,,,0,115,,587,22,,,0
301,'4965',630,,589,22,,,0,70,,590,22,,,0,30,,591,22,,,0,79,,593,22,,,0,27,,592,22,,,0,101,,595,22,,,0,80,,594,22,,,0,101,,597,22,,,0,90,,596,22,,,0,50,,601,22,,,0,100,,599,22,,,0,80,,598,22,,,0,75,,600,22,,,0,32,,604,22,,,0,68,,608,22,,,0,35,,603,22,,,0,75,,605,22,,,0,85,,602,22,,,0,44,,606,22,,,0,95,,607,22,,,0,158,,609,22,,,0,231,,610,22,,,0
301,'4967',2220,,588,22,,,0
301,'5014',630,,993,22,,,0,70,,994,22,,,0,30,,995,22,,,0,79,,997,22,,,0,27,,996,22,,,0,101,,999,22,,,0,80,,998,22,,,0,101,,1001,22,,,0,90,,1000,22,,,0,50,,1005,22,,,0,100,,1003,22,,,0,80,,1002,22,,,0,75,,1004,22,,,0,32,,1007,22,,,0,178,,1008,22,,,0,85,,1006,22,,,0,44,,1009,22,,,0,95,,1010,22,,,0,158,,1011,22,,,0,231,,1012,22,,,0
301,'5222',2220,,1013,22,,,0
301,'5227',655,,1029,22,,,0,161,,1022,22,,,0,100,,1023,22,,,0,101,,1026,22,,,0,101,,1024,22,,,0,100,,1021,22,,,0,100,,1027,22,,,0,100,,1018,22,,,0,100,,1017,22,,,0,100,,1019,22,,,0,100,,1015,22,,,0,98,,1020,22,,,0,100,,1014,22,,,0,99,,1016,22,,,0,100,,1025,22,,,0,100,,1030,22,,,0,115,,1028,22,,,0
301,'5228',735,,1042,22,,,0,176,,1040,22,,,0,101,,1032,22,,,0,106,,1035,22,,,0,100,,1031,22,,,0,100,,1033,22,,,0,100,,1036,22,,,0,100,,1034,22,,,0,100,,1037,22,,,0,100,,1039,22,,,0,98,,1038,22,,,0,100,,1041,22,,,0,104,,1043,22,,,0,100,,1044,22,,,0
301,'5254',2220,,611,22,,,0
301,'5256',630,,1045,22,,,0,70,,1046,22,,,0,30,,1047,22,,,0,79,,1049,22,,,0,27,,1048,22,,,0,101,,1051,22,,,0,80,,1050,22,,,0,101,,1053,22,,,0,90,,1052,22,,,0,50,,1057,22,,,0,100,,1055,22,,,0,80,,1054,22,,,0,75,,1056,22,,,0,32,,1059,22,,,0,178,,1060,22,,,0,85,,1058,22,,,0,44,,1061,22,,,0,95,,1062,22,,,0,158,,1063,22,,,0,231,,1064,22,,,0
301,'5257',2220,,1065,22,,,0
301,'5258',1613,,1067,22,,,0,35,,1066,22,,,0
301,'5259',1613,,1069,22,,,0,35,,1068,22,,,0
301,'5260',2220,,1070,22,,,0
301,'5261',1613,,1072,22,,,0,35,,1071,22,,,0
301,'5262',1613,,1074,22,,,0,35,,1073,22,,,0
