400,'4623',1627,,1075,1,,,0
400,'4965',735,,614,1,,,0,79,,293,1,,,0,37,,294,1,,,0,599,,295,1,,,0,257,,615,1,,,0
400,'4967',1547,,613,1,,,0,80,,612,1,,,0
400,'5014',735,,1076,1,,,0,79,,1077,1,,,0,37,,1078,1,,,0,599,,1079,1,,,0,257,,1080,1,,,0
400,'5222',1627,,1081,1,,,0
400,'5254',1547,,617,1,,,0,80,,616,1,,,0
400,'5256',735,,1082,1,,,0,79,,1083,1,,,0,37,,1084,1,,,0,599,,1085,1,,,0,97,,1087,1,,,0,160,,1086,1,,,0
400,'5257',1627,,1088,1,,,0
400,'5260',1627,,1089,1,,,0
401,'4623',1627,,1090,12,4,,0
401,'4965',814,,302,12,4,,0,37,,301,12,4,,0,599,,303,12,4,,0,257,,619,12,4,,0
401,'4967',1627,,618,12,4,,0
401,'5014',814,,1092,12,4,,0,37,,1091,12,4,,0,599,,1093,12,4,,0,257,,1094,12,4,,0
401,'5222',1627,,1095,12,4,,0
401,'5254',1627,,620,12,4,,0
401,'5256',814,,1097,12,4,,0,37,,1096,12,4,,0,599,,1098,12,4,,0,257,,1099,12,4,,0
401,'5257',1627,,1100,12,4,,0
401,'5260',1627,,1101,12,4,,0
