101,'4822',748,,399,6,,,0,106,,401,6,,,0,100,,397,6,,,0,100,,389,6,,,0,102,,393,6,,,0,98,,391,6,,,0,100,,395,6,,,0,100,,390,6,,,0,100,,394,6,,,0,100,,400,6,,,0,99,,392,6,,,0,150,,396,6,,,0,99,,398,6,,,0,101,,402,6,,,0,105,,403,6,,,0
101,'4826',652,,415,6,,,0,100,,410,6,,,0,101,,411,6,,,0,100,,412,6,,,0,100,,413,6,,,0,101,,414,6,,,0,100,,404,6,,,0,100,,408,6,,,0,100,,407,6,,,0,100,,406,6,,,0,100,,421,6,,,0,99,,405,6,,,0,150,,409,6,,,0,99,,416,6,,,0,105,,419,6,,,0,110,,417,6,,,0,115,,418,6,,,0,95,,420,6,,,0
101,'4965',1100,,99,6,,,0,109,,100,6,,,0,110,,101,6,,,0
101,'4967',1516,,423,6,0,5 6,0,139,,422,6,,,0,254,,427,6,,,0,198,,424,6,,,0,230,,425,6,,,0
101,'5253',644,,428,6,,,0,64,,439,6,,,0,40,,429,6,,,0,152,,430,6,,,0,59,,431,6,,,0,390,,432,6,,,0,100,,433,6,,,0,77,,441,6,,,0,89,,434,6,,,0,120,,440,6,,,0,89,,436,6,,,0,124,,437,6,,,0,279,,438,6,,,0
101,'5254',1516,,443,6,0,5 6,0,139,,442,6,,,0,254,,446,6,,,0,198,,444,6,,,0,230,,445,6,,,0
201,'4822',728,,512,6,,,0,100,,513,6,,,0,101,,511,6,,,0,105,,504,6,,,0,101,,505,6,,,0,100,,503,6,,,0,100,,507,6,,,0,100,,502,6,,,0,100,,508,6,,,0,100,,514,6,,,0,99,,509,6,,,0,100,,510,6,,,0,100,,506,6,,,0,105,,516,6,,,0,99,,517,6,,,0,105,,515,6,,,0
201,'4826',708,,530,6,,,0,125,,524,6,,,0,101,,525,6,,,0,100,,526,6,,,0,101,,527,6,,,0,100,,528,6,,,0,100,,529,6,,,0,100,,518,6,,,0,100,,519,6,,,0,100,,535,6,,,0,99,,520,6,,,0,100,,521,6,,,0,100,,522,6,,,0,100,,523,6,,,0,100,,533,6,,,0,99,,531,6,,,0,115,,532,6,,,0,100,,534,6,,,0
201,'4965',656,,215,6,,,0,263,,218,6,,,0
201,'4967',1805,,536,6,,,0,428,,537,6,,,0,205,,538,6,,,0
201,'5253',727,,553,6,,,0,27,,540,6,,,0,58,,541,6,,,0,217,,543,6,,,0,105,,542,6,,,0,106,,544,6,,,0,105,,545,6,,,0,100,,546,6,,,0,85,,549,6,,,0,75,,548,6,,,0,35,,554,6,,,0,75,,547,6,,,0,199,,550,6,,,0,105,,551,6,,,0,104,,552,6,,,0
201,'5254',1805,,555,6,,,0,428,,556,6,,,0
901,'5253',723,,634,6,,,0,103,,635,6,,,0,102,,636,6,,,0,100,,637,6,,,0,101,,638,6,,,0,98,,639,6,,,0,100,,640,6,,,0,99,,641,6,,,0,124,,642,6,,,0,100,,643,6,,,0,92,,644,6,,,0,107,,645,6,,,0,154,,646,6,,,0
