301,'4480',625,,1676,13,0,9,0,30,,1677,13,0,9,0,70,,1678,13,0,9,0,78,,1680,13,0,9,0,26,,1679,13,0,9,0,101,,1682,13,0,9,0,80,,1681,13,0,9,0,101,,1684,13,0,9,0,90,,1683,13,0,9,0,50,,1688,13,0,9,0,100,,1686,13,0,9,0,80,,1685,13,0,9,0,75,,1687,13,0,9,0,32,,1690,13,0,9,0,178,,1691,13,0,9,0,85,,1689,13,0,9,0,45,,1692,13,0,9,0,95,,1693,13,0,9,0,159,,1694,13,0,9,0,231,,1695,13,0,9,0
301,'4623',2215,,1639,13,0,9,0
301,'4661',2215,,1696,13,0,9,0
301,'4663',2215,,1701,13,0,9,0
301,'4822',730,,568,13,0,9,0,175,,566,13,0,9,0,100,,558,13,0,9,0,106,,561,13,0,9,0,100,,557,13,0,9,0,100,,559,13,0,9,0,100,,562,13,0,9,0,100,,560,13,0,9,0,100,,563,13,0,9,0,100,,565,13,0,9,0,100,,564,13,0,9,0,100,,567,13,0,9,0,104,,569,13,0,9,0,100,,570,13,0,9,0
301,'5014',625,,1640,13,0,9,0,30,,1641,13,0,9,0,70,,1642,13,0,9,0,78,,1644,13,0,9,0,26,,1643,13,0,9,0,101,,1646,13,0,9,0,80,,1645,13,0,9,0,101,,1648,13,0,9,0,90,,1647,13,0,9,0,50,,1652,13,0,9,0,100,,1650,13,0,9,0,80,,1649,13,0,9,0,75,,1651,13,0,9,0,32,,1654,13,0,9,0,178,,1655,13,0,9,0,85,,1653,13,0,9,0,45,,1656,13,0,9,0,95,,1657,13,0,9,0,159,,1658,13,0,9,0,231,,1659,13,0,9,0
301,'5222',2215,,1660,13,0,9,0
301,'5227',650,,1029,13,0,9,0,160,,1022,13,0,9,0,100,,1023,13,0,9,0,100,,1026,13,0,9,0,101,,1024,13,0,9,0,100,,1021,13,0,9,0,100,,1667,13,0,9,0,100,,1018,13,0,9,0,100,,1017,13,0,9,0,100,,1664,13,0,9,0,100,,1662,13,0,9,0,100,,1665,13,0,9,0,100,,1661,13,0,9,0,99,,1663,13,0,9,0,100,,1666,13,0,9,0,100,,1669,13,0,9,0,115,,1668,13,0,9,0
301,'5228',730,,1675,13,0,9,0,175,,1674,13,0,9,0,100,,1671,13,0,9,0,106,,1035,13,0,9,0,100,,1670,13,0,9,0,100,,1672,13,0,9,0,100,,1036,13,0,9,0,100,,1673,13,0,9,0,100,,1037,13,0,9,0,100,,1039,13,0,9,0,100,,1038,13,0,9,0,100,,1041,13,0,9,0,104,,1043,13,0,9,0,100,,1044,13,0,9,0
301,'5258',1606,,1698,13,0,9,0,35,,1697,13,0,9,0
301,'5259',1606,,1700,13,0,9,0,35,,1699,13,0,9,0
301,'5261',1606,,1703,13,0,9,0,35,,1702,13,0,9,0
301,'5262',1606,,1705,13,0,9,0,35,,1704,13,0,9,0
