101,'4480',658,,1481,25,,,0,64,,1495,25,,,0,80,,1482,25,,,0,112,,1483,25,,,0,99,,1484,25,,,0,101,,1485,25,,,0,109,,1486,25,,,0,110,,1487,25,,,0,70,,1488,25,,,0,98,,1491,5,,,0,42,,1497,25,,,0,88,,1489,25,,,0,119,,1496,25,,,0,89,,1492,25,,,0,163,,1493,25,,,0,238,,1494,25,,,0
101,'4532',706,,771,25,,,0,100,,766,25,,,0,102,,767,25,,,0,100,,768,25,,,0,100,,769,25,,,0,101,,770,25,,,0,100,,760,25,,,0,100,,764,25,,,0,100,,763,25,,,0,101,,1467,25,,,0,100,,1474,25,,,0,99,,1466,25,,,0,109,,1468,25,,,0,99,,1469,25,,,0,104,,1471,25,,,0,110,,1470,25,,,0,114,,1472,25,,,0,95,,1473,25,,,0
101,'4623',1710,,1441,25,,,0,213,,1445,25,,,0,197,,1442,25,,,0,229,,1443,25,,,0,165,,1444,2,,,0
101,'4661',1710,,1498,25,,,0,213,,1501,25,,,0,197,,1499,25,,,0,229,,1500,25,,,0
101,'4663',1710,,1504,25,,,0,213,,1508,25,,,0,197,,1505,25,,,0,229,,1506,25,,,0,165,,1507,2,,,0
101,'5014',658,,1447,25,,,0,64,,1459,25,,,0,80,,1448,25,,,0,112,,1449,25,,,0,99,,1450,25,,,0,101,,1451,25,,,0,109,,1452,25,,,0,110,,1453,25,,,0,70,,1454,25,,,0,140,,1461,25,,,0,88,,1455,25,,,0,119,,1460,25,,,0,89,,1456,25,,,0,163,,1457,25,,,0,238,,1458,25,,,0
101,'5222',1710,,1462,25,,,0,213,,1465,25,,,0,197,,1463,25,,,0,229,,1464,25,,,0
101,'5228',802,,1478,25,,,0,107,,1479,25,,,0,100,,786,25,,,0,100,,1475,25,,,0,102,,1476,25,,,0,98,,780,25,,,0,100,,1477,25,,,0,100,,779,25,,,0,101,,783,25,,,0,100,,789,25,,,0,99,,781,25,,,0,109,,785,25,,,0,99,,787,25,,,0,100,,791,25,,,0,105,,792,25,,,0
101,'5258',1503,,1502,25,,,0
101,'5259',1503,,1503,25,,,0
101,'5261',1503,,1509,25,,,0
101,'5262',1503,,1510,25,,,0
