301,'4623',2220,,992,21,,,0
301,'4822',735,,568,21,,,0,176,,566,21,,,0,100,,558,21,,,0,106,,561,21,,,0,100,,557,21,,,0,100,,559,21,,,0,100,,562,21,,,0,100,,560,21,,,0,100,,563,21,,,0,100,,565,21,,,0,99,,564,21,,,0,100,,567,21,,,0,104,,569,21,,,0,100,,570,21,,,0
301,'4826',655,,585,21,,,0,161,,578,21,,,0,100,,579,21,,,0,100,,583,21,,,0,101,,580,21,,,0,100,,581,21,,,0,100,,584,21,,,0,100,,575,21,,,0,100,,574,21,,,0,100,,576,21,,,0,100,,572,21,,,0,99,,577,21,,,0,100,,571,21,,,0,99,,573,21,,,0,100,,582,21,,,0,100,,586,21,,,0,115,,587,21,,,0
301,'4965',630,,589,21,,,0,70,,590,21,,,0,30,,591,21,,,0,79,,593,21,,,0,26,,592,21,,,0,101,,595,21,,,0,80,,594,21,,,0,101,,597,21,,,0,90,,596,21,,,0,50,,601,21,,,0,100,,599,21,,,0,80,,598,21,,,0,75,,600,21,,,0,32,,604,21,,,0,68,,608,21,,,0,35,,603,21,,,0,75,,605,21,,,0,85,,602,21,,,0,44,,606,21,,,0,95,,607,21,,,0,159,,609,21,,,0,231,,610,21,,,0
301,'4967',2220,,588,21,,,0
301,'5014',630,,993,21,,,0,70,,994,21,,,0,30,,995,21,,,0,79,,997,21,,,0,26,,996,21,,,0,101,,999,21,,,0,80,,998,21,,,0,101,,1001,21,,,0,90,,1000,21,,,0,50,,1005,21,,,0,100,,1003,21,,,0,80,,1002,21,,,0,75,,1004,21,,,0,32,,1007,21,,,0,178,,1008,21,,,0,85,,1006,21,,,0,44,,1009,21,,,0,95,,1010,21,,,0,159,,1011,21,,,0,231,,1012,21,,,0
301,'5222',2220,,1013,21,,,0
301,'5227',655,,1029,21,,,0,161,,1022,21,,,0,100,,1023,21,,,0,100,,1026,21,,,0,101,,1024,21,,,0,100,,1021,21,,,0,100,,1027,21,,,0,100,,1018,21,,,0,100,,1017,21,,,0,100,,1019,21,,,0,100,,1015,21,,,0,99,,1020,21,,,0,100,,1014,21,,,0,99,,1016,21,,,0,100,,1025,21,,,0,100,,1030,21,,,0,115,,1028,21,,,0
301,'5228',735,,1042,21,,,0,176,,1040,21,,,0,100,,1032,21,,,0,106,,1035,21,,,0,100,,1031,21,,,0,100,,1033,21,,,0,100,,1036,21,,,0,100,,1034,21,,,0,100,,1037,21,,,0,100,,1039,21,,,0,99,,1038,21,,,0,100,,1041,21,,,0,104,,1043,21,,,0,100,,1044,21,,,0
301,'5254',2220,,611,21,,,0
301,'5256',630,,1045,21,,,0,70,,1046,21,,,0,30,,1047,21,,,0,79,,1049,21,,,0,26,,1048,21,,,0,101,,1051,21,,,0,80,,1050,21,,,0,101,,1053,21,,,0,90,,1052,21,,,0,50,,1057,21,,,0,100,,1055,21,,,0,80,,1054,21,,,0,75,,1056,21,,,0,32,,1059,21,,,0,178,,1060,21,,,0,85,,1058,21,,,0,44,,1061,21,,,0,95,,1062,21,,,0,159,,1063,21,,,0,231,,1064,21,,,0
301,'5257',2220,,1065,21,,,0
301,'5258',1612,,1067,21,,,0,35,,1066,21,,,0
301,'5259',1612,,1069,21,,,0,35,,1068,21,,,0
301,'5260',2220,,1070,21,,,0
301,'5261',1612,,1072,21,,,0,35,,1071,21,,,0
301,'5262',1612,,1074,21,,,0,35,,1073,21,,,0
