200,'4480',623,,1546,11,,,0,109,,1547,11,,,0,27,,1560,11,,,0,67,,1548,11,,,0,18,,1550,11,,,0,108,,1549,11,,,0,150,,1552,11,,,0,106,,1551,11,,,0,106,,1553,11,,,0,205,,1555,11,,,0,87,,1556,11,,,0,34,,1554,11,,,0,74,,1561,11,,,0,234,,1557,11,,,0,109,,1558,11,,,0,143,,1559,11,,,0
200,'4532',736,,857,11,,,0,172,,851,11,,,0,101,,853,11,,,0,100,,852,11,,,0,101,,854,11,,,0,100,,855,11,,,0,101,,856,11,,,0,100,,845,11,,,0,100,,846,11,,,0,100,,1540,11,,,0,99,,1532,11,,,0,100,,1533,11,,,0,99,,1534,11,,,0,100,,1535,11,,,0,100,,1537,11,,,0,97,,1536,11,,,0,114,,1538,11,,,0
200,'4623',1839,,1511,11,,,0,471,,1512,11,,,0
200,'4661',1839,,1562,11,,,0,471,,1563,11,,,0
200,'4663',1839,,1568,11,,,0,471,,1569,11,,,0
200,'5014',623,,1514,11,,,0,109,,1515,11,,,0,27,,1528,11,,,0,67,,1516,11,,,0,18,,1518,11,,,0,108,,1517,11,,,0,150,,1520,11,,,0,106,,1519,11,,,0,106,,1521,11,,,0,205,,1523,11,,,0,87,,1524,11,,,0,34,,1522,11,,,0,74,,1529,11,,,0,234,,1525,11,,,0,109,,1526,11,,,0,143,,1527,11,,,0
200,'5222',1839,,1530,11,,,0,471,,1531,11,,,0
200,'5228',802,,873,11,,,0,100,,874,11,,,0,101,,1545,11,,,0,106,,1541,11,,,0,101,,867,11,,,0,100,,1542,11,,,0,101,,1544,11,,,0,100,,864,11,,,0,100,,1543,11,,,0,100,,875,11,,,0,99,,866,11,,,0,100,,871,11,,,0,99,,868,11,,,0,105,,878,11,,,0,99,,877,11,,,0,103,,876,11,,,0
200,'5258',1419,,1564,11,,,0,330,,1565,11,,,0
200,'5259',1419,,1566,11,,,0,330,,1567,11,,,0
200,'5261',1419,,1571,11,,,0,330,,1572,11,,,0
200,'5262',1419,,1573,11,,,0,330,,1574,11,,,0
