100,'4965',1123,,39,1,,,0,387,,377,1,,,0
100,'5014',1123,,657,1,,,0
100,'5256',1123,,710,1,,,0,387,,715,1,,,0
101,'4623',1720,,735,37,,,0,212,,739,37,,,0,197,,736,37,,,0,229,,737,37,,,0,164,,738,14,,,0
101,'4822',809,,399,37,,,0,107,,401,37,,,0,101,,397,37,,,0,100,,389,37,,,0,102,,393,37,,,0,100,,391,37,,,0,100,,395,37,,,0,100,,390,37,,,0,100,,394,37,,,0,100,,400,37,,,0,99,,392,37,,,0,109,,396,37,,,0,99,,398,37,,,0,100,,402,37,,,0,105,,403,37,,,0
101,'4826',713,,415,37,,,0,100,,410,37,,,0,102,,411,37,,,0,101,,412,37,,,0,100,,413,37,,,0,101,,414,37,,,0,102,,404,37,,,0,100,,408,37,,,0,100,,407,37,,,0,100,,406,37,,,0,100,,421,37,,,0,99,,405,37,,,0,109,,409,37,,,0,99,,416,37,,,0,104,,419,37,,,0,110,,417,37,,,0,114,,418,37,,,0,94,,420,37,,,0
101,'4965',615,,94,7,,,0,91,,428,37,,,0,25,,439,37,,,0,81,,429,37,,,0,111,,430,37,,,0,99,,431,37,,,0,101,,99,37,4,,0,110,,100,37,,,0,110,,101,37,,,0,70,,432,37,,,0,97,,435,17,4,,0,3,,433,37,,,0,41,,441,37,,,0,87,,434,37,,,0,159,,440,37,,,0,49,,436,37,,,0,162,,437,37,,,0,238,,438,37,,,0
101,'4967',1720,,422,37,,,0,212,,427,37,,,0,197,,424,37,,,0,229,,425,37,,,0,164,,426,14,,,0
101,'5014',615,,740,7,,,0,91,,741,37,,,0,25,,753,37,,,0,81,,742,37,,,0,111,,743,37,,,0,99,,744,37,,,0,101,,745,37,4,,0,110,,746,37,,,0,110,,747,37,,,0,70,,748,37,,,0,141,,755,37,,,0,87,,749,37,,,0,159,,754,37,,,0,49,,750,37,,,0,162,,751,37,,,0,238,,752,37,,,0
101,'5222',1720,,756,37,,,0,212,,759,37,,,0,197,,757,37,,,0,229,,758,37,,,0
101,'5227',713,,771,37,,,0,100,,766,37,,,0,102,,767,37,,,0,101,,768,37,,,0,100,,769,37,,,0,101,,770,37,,,0,102,,760,37,,,0,100,,764,37,,,0,100,,763,37,,,0,100,,762,37,,,0,100,,777,37,,,0,99,,761,37,,,0,109,,765,37,,,0,99,,772,37,,,0,104,,774,37,,,0,110,,773,37,,,0,114,,775,37,,,0,94,,776,37,,,0
101,'5228',809,,788,37,,,0,107,,790,37,,,0,101,,786,37,,,0,100,,778,37,,,0,102,,782,37,,,0,100,,780,37,,,0,100,,784,37,,,0,100,,779,37,,,0,100,,783,37,,,0,100,,789,37,,,0,99,,781,37,,,0,109,,785,37,,,0,99,,787,37,,,0,100,,791,37,,,0,105,,792,37,,,0
101,'5254',1720,,442,37,,,0,212,,446,37,,,0,197,,444,37,,,0,229,,445,37,,,0
101,'5256',615,,793,7,,,0,91,,794,37,,,0,25,,808,37,,,0,81,,795,37,,,0,111,,796,37,,,0,99,,797,37,,,0,101,,798,37,4,,0,110,,799,37,,,0,110,,800,37,,,0,70,,801,37,,,0,97,,804,17,4,,0,44,,810,37,,,0,87,,802,37,,,0,159,,809,37,,,0,49,,805,37,,,0,162,,806,37,,,0,238,,807,37,,,0
101,'5257',1720,,811,37,,,0,212,,814,37,,,0,197,,812,37,,,0,229,,813,37,,,0
101,'5258',1513,,815,37,,,0
101,'5259',1513,,816,37,,,0
101,'5260',1720,,817,37,,,0,212,,821,37,,,0,197,,818,37,,,0,229,,819,37,,,0,164,,820,14,,,0
101,'5261',1513,,822,37,,,0
101,'5262',1513,,823,37,,,0
