101,'4480',659,,1481,27,,,0,65,,1495,27,,,0,80,,1482,27,,,0,112,,1483,27,,,0,99,,1484,27,,,0,101,,1485,27,,,0,109,,1486,27,,,0,110,,1487,27,,,0,70,,1488,27,,,0,98,,1491,7,,,0,42,,1497,27,,,0,88,,1489,27,,,0,119,,1496,27,,,0,89,,1492,27,,,0,163,,1493,27,,,0,238,,1494,27,,,0
101,'4623',1712,,1441,27,,,0,213,,1445,27,,,0,197,,1442,27,,,0,229,,1443,27,,,0,164,,1444,4,,,0
101,'4661',1712,,1498,27,,,0,213,,1501,27,,,0,197,,1499,27,,,0,229,,1500,27,,,0
101,'4663',1712,,1504,27,,,0,213,,1508,27,,,0,197,,1505,27,,,0,229,,1506,27,,,0,164,,1507,4,,,0
101,'4822',803,,399,27,,,0,107,,401,27,,,0,100,,397,27,,,0,100,,389,27,,,0,102,,393,27,,,0,99,,391,27,,,0,100,,395,27,,,0,100,,390,27,,,0,101,,394,27,,,0,100,,400,27,,,0,99,,392,27,,,0,109,,396,27,,,0,99,,398,27,,,0,100,,402,27,,,0,105,,403,27,,,0
101,'5014',659,,1447,27,,,0,65,,1459,27,,,0,80,,1448,27,,,0,112,,1449,27,,,0,99,,1450,27,,,0,101,,1451,27,,,0,109,,1452,27,,,0,110,,1453,27,,,0,70,,1454,27,,,0,140,,1461,27,,,0,88,,1455,27,,,0,119,,1460,27,,,0,89,,1456,27,,,0,163,,1457,27,,,0,238,,1458,27,,,0
101,'5222',1712,,1462,27,,,0,213,,1465,27,,,0,197,,1463,27,,,0,229,,1464,27,,,0
101,'5227',707,,771,27,,,0,100,,766,27,,,0,102,,767,27,,,0,100,,768,27,,,0,100,,769,27,,,0,101,,770,27,,,0,101,,760,27,,,0,100,,764,27,,,0,100,,763,27,,,0,101,,1467,27,,,0,100,,1474,27,,,0,99,,1466,27,,,0,109,,1468,27,,,0,99,,1469,27,,,0,104,,1471,27,,,0,110,,1470,27,,,0,114,,1472,27,,,0,94,,1473,27,,,0
101,'5228',803,,1478,27,,,0,107,,1479,27,,,0,100,,786,27,,,0,100,,1475,27,,,0,102,,1476,27,,,0,99,,780,27,,,0,100,,1477,27,,,0,100,,779,27,,,0,101,,783,27,,,0,100,,789,27,,,0,99,,781,27,,,0,109,,785,27,,,0,99,,787,27,,,0,100,,791,27,,,0,105,,792,27,,,0
101,'5258',1505,,1502,27,,,0
101,'5259',1505,,1503,27,,,0
101,'5261',1505,,1509,27,,,0
101,'5262',1505,,1510,27,,,0
