201,'4623',1823,,908,28,,,0,427,,909,28,,,0,204,,910,28,,,0
201,'4822',745,,512,28,,,0,100,,513,28,,,0,101,,511,28,,,0,105,,504,28,,,0,101,,505,28,,,0,100,,503,28,,,0,101,,507,28,,,0,100,,502,28,,,0,100,,508,28,,,0,100,,514,28,,,0,99,,509,28,,,0,100,,510,28,,,0,99,,506,28,,,0,105,,516,28,,,0,99,,517,28,,,0,145,,515,28,,,0
201,'4826',723,,530,28,,,0,127,,524,28,,,0,101,,525,28,,,0,100,,526,28,,,0,101,,527,28,,,0,100,,528,28,,,0,101,,529,28,,,0,100,,518,28,,,0,100,,519,28,,,0,100,,535,28,,,0,99,,520,28,,,0,100,,521,28,,,0,99,,522,28,,,0,100,,523,28,,,0,100,,533,28,,,0,99,,531,28,,,0,154,,532,28,,,0,99,,534,28,,,0
201,'4965',607,,539,6,,,0,105,,215,28,,,0,31,,553,28,,,0,67,,540,28,,,0,18,,541,28,,,0,108,,218,28,,,0,110,,543,28,,,0,106,,542,28,,,0,106,,544,28,,,0,145,,545,28,,,0,100,,546,28,,,0,47,,549,28,,,0,74,,548,28,,,0,34,,554,28,,,0,75,,547,28,,,0,199,,550,28,,,0,105,,551,28,,,0,103,,552,28,,,0
201,'4967',1823,,536,28,,,0,427,,537,28,,,0,204,,538,28,,,0
201,'5014',607,,911,6,,,0,105,,912,28,,,0,31,,925,28,,,0,67,,913,28,,,0,18,,914,28,,,0,108,,915,28,,,0,110,,917,28,,,0,106,,916,28,,,0,106,,918,28,,,0,245,,919,28,,,0,47,,921,28,,,0,74,,920,28,,,0,34,,926,28,,,0,274,,922,28,,,0,105,,923,28,,,0,103,,924,28,,,0
201,'5222',1823,,927,28,,,0,427,,928,28,,,0
201,'5227',723,,941,28,,,0,127,,935,28,,,0,101,,936,28,,,0,100,,937,28,,,0,101,,938,28,,,0,100,,939,28,,,0,101,,940,28,,,0,100,,929,28,,,0,100,,930,28,,,0,100,,946,28,,,0,99,,931,28,,,0,100,,932,28,,,0,99,,933,28,,,0,100,,934,28,,,0,100,,944,28,,,0,99,,942,28,,,0,154,,943,28,,,0,99,,945,28,,,0
201,'5228',745,,957,28,,,0,100,,958,28,,,0,101,,956,28,,,0,105,,949,28,,,0,101,,950,28,,,0,100,,948,28,,,0,101,,952,28,,,0,100,,947,28,,,0,100,,953,28,,,0,100,,959,28,,,0,99,,954,28,,,0,100,,955,28,,,0,99,,951,28,,,0,105,,961,28,,,0,99,,962,28,,,0,145,,960,28,,,0
201,'5254',1823,,555,28,,,0,427,,556,28,,,0
201,'5256',607,,963,6,,,0,105,,964,28,,,0,31,,977,28,,,0,67,,965,28,,,0,18,,966,28,,,0,108,,967,28,,,0,110,,969,28,,,0,106,,968,28,,,0,106,,970,28,,,0,245,,971,28,,,0,47,,973,28,,,0,74,,972,28,,,0,34,,978,28,,,0,274,,974,28,,,0,105,,975,28,,,0,103,,976,28,,,0
201,'5257',1823,,979,28,,,0,427,,980,28,,,0
201,'5258',1403,,981,28,,,0,330,,982,28,,,0
201,'5259',1403,,983,28,,,0,330,,984,28,,,0
201,'5260',1823,,985,28,,,0,427,,986,28,,,0,204,,987,28,,,0
201,'5261',1403,,988,28,,,0,330,,989,28,,,0
201,'5262',1403,,990,28,,,0,330,,991,28,,,0
