201,'4623',1828,,908,34,,,0,431,,909,38,,,0,244,,910,38,,,0
201,'4822',753,,512,38,,,0,100,,513,38,,,0,101,,511,38,,,0,146,,504,38,,,0,101,,505,38,,,0,100,,503,38,,,0,101,,507,38,,,0,100,,502,38,,,0,100,,508,38,,,0,100,,514,38,,,0,99,,509,38,,,0,100,,510,38,,,0,99,,506,38,,,0,105,,516,38,,,0,99,,517,38,,,0,104,,515,38,,,0
201,'4826',727,,530,34,,,0,132,,524,38,,,0,141,,525,38,,,0,100,,526,38,,,0,101,,527,38,,,0,100,,528,38,,,0,101,,529,38,,,0,100,,518,38,,,0,100,,519,38,,,0,100,,535,38,,,0,99,,520,38,,,0,100,,521,38,,,0,99,,522,38,,,0,100,,523,38,,,0,100,,533,38,,,0,58,,531,38,,,0,154,,532,38,,,0,99,,534,38,,,0
201,'4965',612,,539,12,,,0,109,,215,38,,,0,27,,553,34,,,0,67,,540,34,,,0,18,,541,34,,,0,108,,218,34,,,0,110,,543,34,,,0,106,,542,34,,,0,146,,544,34,,,0,105,,545,34,,,0,100,,546,34,,,0,47,,549,34,,,0,74,,548,34,,,0,74,,554,34,,,0,35,,547,34,,,0,199,,550,34,,,0,109,,551,38,,,0,103,,552,38,,,0
201,'4967',1828,,536,34,,,0,431,,537,38,,,0,244,,538,38,,,0
201,'5014',612,,911,12,,,0,109,,912,38,,,0,27,,925,34,,,0,67,,913,34,,,0,18,,914,34,,,0,108,,915,34,,,0,110,,917,34,,,0,106,,916,34,,,0,146,,918,34,,,0,205,,919,34,,,0,47,,921,34,,,0,74,,920,34,,,0,74,,926,34,,,0,234,,922,34,,,0,109,,923,38,,,0,103,,924,38,,,0
201,'5222',1828,,927,34,,,0,431,,928,38,,,0
201,'5227',727,,941,34,,,0,132,,935,38,,,0,141,,936,38,,,0,100,,937,38,,,0,101,,938,38,,,0,100,,939,38,,,0,101,,940,38,,,0,100,,929,38,,,0,100,,930,38,,,0,100,,946,38,,,0,99,,931,38,,,0,100,,932,38,,,0,99,,933,38,,,0,100,,934,38,,,0,100,,944,38,,,0,58,,942,38,,,0,154,,943,38,,,0,99,,945,38,,,0
201,'5228',753,,957,38,,,0,100,,958,38,,,0,101,,956,38,,,0,146,,949,38,,,0,101,,950,38,,,0,100,,948,38,,,0,101,,952,38,,,0,100,,947,38,,,0,100,,953,38,,,0,100,,959,38,,,0,99,,954,38,,,0,100,,955,38,,,0,99,,951,38,,,0,105,,961,38,,,0,99,,962,38,,,0,104,,960,38,,,0
201,'5254',1828,,555,34,,,0,431,,556,38,,,0
201,'5256',612,,963,12,,,0,109,,964,38,,,0,27,,977,34,,,0,67,,965,34,,,0,18,,966,34,,,0,108,,967,34,,,0,110,,969,34,,,0,106,,968,34,,,0,146,,970,34,,,0,205,,971,34,,,0,47,,973,34,,,0,74,,972,34,,,0,74,,978,34,,,0,234,,974,34,,,0,109,,975,38,,,0,103,,976,38,,,0
201,'5257',1828,,979,34,,,0,431,,980,38,,,0
201,'5258',1408,,981,34,,,0,330,,982,34,,,0
201,'5259',1408,,983,34,,,0,330,,984,34,,,0
201,'5260',1828,,985,34,,,0,431,,986,38,,,0,244,,987,38,,,0
201,'5261',1408,,988,34,,,0,330,,989,34,,,0
201,'5262',1408,,990,34,,,0,330,,991,34,,,0
