100,'4480',638,,1411,24,,,0,93,,1412,24,,,0,25,,1425,24,,,0,82,,1413,24,,,0,109,,1414,24,,,0,99,,1415,24,,,0,102,,1416,23,,,0,110,,1418,24,,,0,150,,1417,24,,,0,30,,1419,24,,,0,97,,1421,24,,,0,84,,1427,24,,,0,87,,1420,24,,,0,118,,1426,24,,,0,89,,1422,24,,,0,121,,1423,24,,,0,277,,1424,24,,,0
100,'4661',1745,,1428,24,,,0,211,,1431,24,,,0,196,,1429,24,,,0,268,,1430,24,,,0
100,'4663',1745,,1434,24,,,0,211,,1438,24,,,0,196,,1435,24,,,0,268,,1436,24,,,0
100,'5173',1539,,1432,24,,,0
100,'5259',1539,,1433,24,,,0
200,'4480',635,,1546,21,,,0,109,,1547,21,,,0,67,,1560,21,,,0,28,,1548,21,,,0,18,,1550,21,,,0,147,,1549,21,,,0,110,,1552,21,,,0,107,,1551,21,,,0,106,,1553,21,,,0,205,,1555,21,,,0,87,,1556,21,,,0,34,,1554,21,,,0,74,,1561,21,,,0,274,,1557,21,,,0,109,,1558,21,,,0,101,,1559,21,,,0
200,'4661',1852,,1562,21,,,0,469,,1563,21,,,0
200,'4663',1852,,1568,21,,,0,469,,1569,21,,,0
200,'5173',1432,,1564,21,,,0,370,,1565,21,,,0
200,'5259',1432,,1566,21,,,0,370,,1567,21,,,0
900,'4480',804,,1964,22,,,0,105,,1966,22,,,0,100,,1965,22,,,0,100,,1968,22,,,0,120,,1967,22,,,0,80,,1970,22,,,0,100,,1969,22,,,0,100,,1971,22,,,0,125,,1973,22,,,0,100,,1972,22,,,0,89,,1974,22,,,0,106,,1975,22,,,0,113,,1976,22,,,0
