101,'4623',1719,,1441,36,,,0,212,,1445,36,,,0,197,,1442,36,,,0,229,,1443,36,,,0,164,,1444,13,,,0
101,'4822',808,,399,36,,,0,107,,401,36,,,0,101,,397,36,,,0,100,,389,36,,,0,102,,393,36,,,0,100,,391,36,,,0,100,,395,36,,,0,100,,390,36,,,0,100,,394,36,,,0,100,,400,36,,,0,99,,392,36,,,0,109,,396,36,,,0,99,,398,36,,,0,100,,402,36,,,0,105,,403,36,,,0
101,'4826',712,,415,36,,,0,100,,410,36,,,0,102,,411,36,,,0,101,,412,36,,,0,100,,413,36,,,0,101,,414,36,,,0,102,,404,36,,,0,100,,408,36,,,0,100,,407,36,,,0,100,,406,36,,,0,100,,421,36,,,0,99,,405,36,,,0,109,,409,36,,,0,99,,416,36,,,0,104,,419,36,,,0,110,,417,36,,,0,114,,418,36,,,0,94,,420,36,,,0
101,'4965',614,,94,6,,,0,91,,428,36,,,0,25,,439,36,,,0,81,,429,36,,,0,111,,430,36,,,0,99,,431,36,,,0,101,,99,36,,,0,110,,100,36,,,0,110,,101,36,,,0,70,,432,36,,,0,97,,435,16,,,0,3,,433,36,,,0,40,,441,36,,,0,88,,434,36,,,0,119,,440,36,,,0,89,,436,36,,,0,162,,437,36,,,0,238,,438,36,,,0
101,'4967',1719,,422,36,,,0,212,,427,36,,,0,197,,424,36,,,0,229,,425,36,,,0,164,,426,13,,,0
101,'5014',614,,1446,6,,,0,91,,1447,36,,,0,25,,1459,36,,,0,81,,1448,36,,,0,111,,1449,36,,,0,99,,1450,36,,,0,101,,1451,36,,,0,110,,1452,36,,,0,110,,1453,36,,,0,70,,1454,36,,,0,140,,1461,36,,,0,88,,1455,36,,,0,119,,1460,36,,,0,89,,1456,36,,,0,162,,1457,36,,,0,238,,1458,36,,,0
101,'5222',1719,,1462,36,,,0,212,,1465,36,,,0,197,,1463,36,,,0,229,,1464,36,,,0
101,'5227',712,,771,36,,,0,100,,766,36,,,0,102,,767,36,,,0,101,,768,36,,,0,100,,769,36,,,0,101,,770,36,,,0,102,,760,36,,,0,100,,764,36,,,0,100,,763,36,,,0,100,,1467,36,,,0,100,,1474,36,,,0,99,,1466,36,,,0,109,,1468,36,,,0,99,,1469,36,,,0,104,,1471,36,,,0,110,,1470,36,,,0,114,,1472,36,,,0,94,,1473,36,,,0
101,'5228',808,,1478,36,,,0,107,,1479,36,,,0,101,,786,36,,,0,100,,1475,36,,,0,102,,1476,36,,,0,100,,780,36,,,0,100,,1477,36,,,0,100,,779,36,,,0,100,,783,36,,,0,100,,789,36,,,0,99,,781,36,,,0,109,,785,36,,,0,99,,787,36,,,0,100,,791,36,,,0,105,,792,36,,,0
101,'5254',1719,,442,36,,,0,212,,446,36,,,0,197,,444,36,,,0,229,,445,36,,,0
101,'5256',614,,1480,6,,,0,91,,1481,36,,,0,25,,1495,36,,,0,81,,1482,36,,,0,111,,1483,36,,,0,99,,1484,36,,,0,101,,1485,36,,,0,110,,1486,36,,,0,110,,1487,36,,,0,70,,1488,36,,,0,97,,1491,16,,,0,43,,1497,36,,,0,88,,1489,36,,,0,119,,1496,36,,,0,89,,1492,36,,,0,162,,1493,36,,,0,238,,1494,36,,,0
101,'5257',1719,,1498,36,,,0,212,,1501,36,,,0,197,,1499,36,,,0,229,,1500,36,,,0
101,'5258',1512,,1502,36,,,0
101,'5259',1512,,1503,36,,,0
101,'5260',1719,,1504,36,,,0,212,,1508,36,,,0,197,,1505,36,,,0,229,,1506,36,,,0,164,,1507,13,,,0
101,'5261',1512,,1509,36,,,0
101,'5262',1512,,1510,36,,,0
