301,'4623',2217,,992,16,0,9,0
301,'4822',732,,568,16,0,9,0,176,,566,16,0,9,0,100,,558,16,0,9,0,106,,561,16,0,9,0,100,,557,16,0,9,0,100,,559,16,0,9,0,100,,562,16,0,9,0,100,,560,16,0,9,0,100,,563,16,0,9,0,100,,565,16,0,9,0,99,,564,16,0,9,0,100,,567,16,0,9,0,104,,569,16,0,9,0,100,,570,16,0,9,0
301,'4826',652,,585,16,0,9,0,161,,578,16,0,9,0,100,,579,16,0,9,0,100,,583,16,0,9,0,101,,580,16,0,9,0,100,,581,16,0,9,0,100,,584,16,0,9,0,100,,575,16,0,9,0,100,,574,16,0,9,0,100,,576,16,0,9,0,100,,572,16,0,9,0,99,,577,16,0,9,0,100,,571,16,0,9,0,99,,573,16,0,9,0,100,,582,16,0,9,0,100,,586,16,0,9,0,115,,587,16,0,9,0
301,'4965',627,,589,16,0,9,0,30,,590,16,0,9,0,70,,591,16,0,9,0,79,,593,16,0,9,0,26,,592,16,0,9,0,101,,595,16,0,9,0,80,,594,16,0,9,0,101,,597,16,0,9,0,90,,596,16,0,9,0,50,,601,16,0,9,0,100,,599,16,0,9,0,80,,598,16,0,9,0,75,,600,16,0,9,0,32,,604,16,0,9,0,68,,608,16,0,9,0,35,,603,16,0,9,0,75,,605,16,0,9,0,85,,602,16,0,9,0,44,,606,16,0,9,0,95,,607,16,0,9,0,159,,609,16,0,9,0,231,,610,16,0,9,0
301,'4967',2217,,588,16,0,9,0
301,'5014',627,,993,16,0,9,0,30,,994,16,0,9,0,70,,995,16,0,9,0,79,,997,16,0,9,0,26,,996,16,0,9,0,101,,999,16,0,9,0,80,,998,16,0,9,0,101,,1001,16,0,9,0,90,,1000,16,0,9,0,50,,1005,16,0,9,0,100,,1003,16,0,9,0,80,,1002,16,0,9,0,75,,1004,16,0,9,0,32,,1007,16,0,9,0,178,,1008,16,0,9,0,85,,1006,16,0,9,0,44,,1009,16,0,9,0,95,,1010,16,0,9,0,159,,1011,16,0,9,0,231,,1012,16,0,9,0
301,'5222',2217,,1013,16,0,9,0
301,'5227',652,,1029,16,0,9,0,161,,1022,16,0,9,0,100,,1023,16,0,9,0,100,,1026,16,0,9,0,101,,1024,16,0,9,0,100,,1021,16,0,9,0,100,,1027,16,0,9,0,100,,1018,16,0,9,0,100,,1017,16,0,9,0,100,,1019,16,0,9,0,100,,1015,16,0,9,0,99,,1020,16,0,9,0,100,,1014,16,0,9,0,99,,1016,16,0,9,0,100,,1025,16,0,9,0,100,,1030,16,0,9,0,115,,1028,16,0,9,0
301,'5228',732,,1042,16,0,9,0,176,,1040,16,0,9,0,100,,1032,16,0,9,0,106,,1035,16,0,9,0,100,,1031,16,0,9,0,100,,1033,16,0,9,0,100,,1036,16,0,9,0,100,,1034,16,0,9,0,100,,1037,16,0,9,0,100,,1039,16,0,9,0,99,,1038,16,0,9,0,100,,1041,16,0,9,0,104,,1043,16,0,9,0,100,,1044,16,0,9,0
301,'5254',2217,,611,16,0,9,0
301,'5256',627,,1045,16,0,9,0,30,,1046,16,0,9,0,70,,1047,16,0,9,0,79,,1049,16,0,9,0,26,,1048,16,0,9,0,101,,1051,16,0,9,0,80,,1050,16,0,9,0,101,,1053,16,0,9,0,90,,1052,16,0,9,0,50,,1057,16,0,9,0,100,,1055,16,0,9,0,80,,1054,16,0,9,0,75,,1056,16,0,9,0,32,,1059,16,0,9,0,178,,1060,16,0,9,0,85,,1058,16,0,9,0,44,,1061,16,0,9,0,95,,1062,16,0,9,0,159,,1063,16,0,9,0,231,,1064,16,0,9,0
301,'5257',2217,,1065,16,0,9,0
301,'5258',1609,,1067,16,0,9,0,35,,1066,16,0,9,0
301,'5259',1609,,1069,16,0,9,0,35,,1068,16,0,9,0
301,'5260',2217,,1070,16,0,9,0
301,'5261',1609,,1072,16,0,9,0,35,,1071,16,0,9,0
301,'5262',1609,,1074,16,0,9,0,35,,1073,16,0,9,0
