101,'4623',1715,,735,32,,,0,213,,739,32,,,0,197,,736,32,,,0,229,,737,32,,,0,164,,738,9,,,0
101,'4822',806,,399,32,,,0,107,,401,32,,,0,100,,397,32,,,0,100,,389,32,,,0,102,,393,32,,,0,99,,391,32,,,0,100,,395,32,,,0,100,,390,32,,,0,101,,394,32,,,0,100,,400,32,,,0,99,,392,32,,,0,109,,396,32,,,0,99,,398,32,,,0,100,,402,32,,,0,105,,403,32,,,0
101,'4826',710,,415,32,,,0,100,,410,32,,,0,102,,411,32,,,0,100,,412,32,,,0,100,,413,32,,,0,101,,414,32,,,0,101,,404,32,,,0,100,,408,32,,,0,100,,407,32,,,0,101,,406,32,,,0,100,,421,32,,,0,99,,405,32,,,0,109,,409,32,,,0,99,,416,32,,,0,104,,419,32,,,0,110,,417,32,,,0,114,,418,32,,,0,94,,420,32,,,0
101,'4965',611,,94,2,,,0,91,,428,32,,,0,25,,439,32,,,0,80,,429,32,,,0,112,,430,32,,,0,99,,431,32,,,0,101,,99,32,,,0,109,,100,32,,,0,110,,101,32,,,0,70,,432,32,,,0,98,,435,12,,,0,2,,433,32,,,0,40,,441,32,,,0,88,,434,32,,,0,119,,440,32,,,0,89,,436,32,,,0,163,,437,32,,,0,238,,438,32,,,0
101,'4967',1715,,422,32,,,0,213,,427,32,,,0,197,,424,32,,,0,229,,425,32,,,0,164,,426,9,,,0
101,'5014',611,,740,2,,,0,91,,741,32,,,0,25,,753,32,,,0,80,,742,32,,,0,112,,743,32,,,0,99,,744,32,,,0,101,,745,32,,,0,109,,746,32,,,0,110,,747,32,,,0,70,,748,32,,,0,140,,755,32,,,0,88,,749,32,,,0,119,,754,32,,,0,89,,750,32,,,0,163,,751,32,,,0,238,,752,32,,,0
101,'5222',1715,,756,32,,,0,213,,759,32,,,0,197,,757,32,,,0,229,,758,32,,,0
101,'5227',710,,771,32,,,0,100,,766,32,,,0,102,,767,32,,,0,100,,768,32,,,0,100,,769,32,,,0,101,,770,32,,,0,101,,760,32,,,0,100,,764,32,,,0,100,,763,32,,,0,101,,762,32,,,0,100,,777,32,,,0,99,,761,32,,,0,109,,765,32,,,0,99,,772,32,,,0,104,,774,32,,,0,110,,773,32,,,0,114,,775,32,,,0,94,,776,32,,,0
101,'5228',806,,788,32,,,0,107,,790,32,,,0,100,,786,32,,,0,100,,778,32,,,0,102,,782,32,,,0,99,,780,32,,,0,100,,784,32,,,0,100,,779,32,,,0,101,,783,32,,,0,100,,789,32,,,0,99,,781,32,,,0,109,,785,32,,,0,99,,787,32,,,0,100,,791,32,,,0,105,,792,32,,,0
101,'5254',1715,,442,32,,,0,213,,446,32,,,0,197,,444,32,,,0,229,,445,32,,,0
101,'5256',611,,793,2,,,0,91,,794,32,,,0,25,,808,32,,,0,80,,795,32,,,0,112,,796,32,,,0,99,,797,32,,,0,101,,798,32,,,0,109,,799,32,,,0,110,,800,32,,,0,70,,801,32,,,0,98,,804,12,,,0,42,,810,32,,,0,88,,802,32,,,0,119,,809,32,,,0,89,,805,32,,,0,163,,806,32,,,0,238,,807,32,,,0
101,'5257',1715,,811,32,,,0,213,,814,32,,,0,197,,812,32,,,0,229,,813,32,,,0
101,'5258',1508,,815,32,,,0
101,'5259',1508,,816,32,,,0
101,'5260',1715,,817,32,,,0,213,,821,32,,,0,197,,818,32,,,0,229,,819,32,,,0,164,,820,9,,,0
101,'5261',1508,,822,32,,,0
101,'5262',1508,,823,32,,,0
