100,'4623',1727,,647,8,,,0,212,,651,8,,,0,197,,648,8,,,0,269,,649,8,,,0,124,,650,8,0,5 6,0
100,'4822',816,,343,8,,,0,107,,344,8,,,0,101,,341,8,,,0,100,,333,8,,,0,102,,339,8,,,0,100,,334,8,,,0,100,,340,8,,,0,100,,335,8,,,0,100,,337,8,,,0,100,,345,8,,,0,99,,336,8,,,0,109,,338,8,,,0,99,,342,8,,,0,100,,347,8,,,0,105,,346,8,,,0
100,'4826',720,,355,8,,,0,100,,350,8,,,0,102,,351,8,,,0,101,,352,8,,,0,100,,353,8,,,0,101,,354,8,,,0,102,,348,8,,,0,100,,349,8,,,0,100,,360,8,,,0,100,,361,8,,,0,100,,365,8,,,0,99,,362,8,,,0,109,,363,8,,,0,99,,364,8,,,0,104,,357,8,,,0,110,,359,8,,,0,154,,356,8,,,0,54,,358,8,0,5 6,0
100,'4965',622,,34,8,,,0,92,,371,8,,,0,25,,382,8,,,0,81,,372,8,,,0,110,,373,8,,,0,99,,374,8,,,0,101,,39,7,,,0,110,,41,8,,,0,110,,40,8,,,0,70,,375,8,,,0,97,,377,8,,,0,4,,378,8,,,0,80,,384,8,,,0,47,,376,8,,,0,159,,383,8,,,0,49,,379,8,,,0,162,,380,8,,,0,238,,381,8,,,0
100,'4967',1727,,366,8,,,0,212,,370,8,,,0,197,,367,8,,,0,269,,368,8,,,0,124,,369,8,0,5 6,0
100,'5014',622,,652,8,,,0,92,,653,8,,,0,25,,665,8,,,0,81,,654,8,,,0,110,,655,8,,,0,99,,656,8,,,0,101,,657,7,,,0,110,,659,8,,,0,110,,658,8,,,0,70,,660,8,,,0,181,,667,8,,,0,47,,661,8,,,0,159,,666,8,,,0,49,,662,8,,,0,162,,663,8,,,0,238,,664,8,,,0
100,'5222',1727,,668,8,,,0,212,,671,8,,,0,197,,669,8,,,0,269,,670,8,,,0
100,'5227',720,,679,8,,,0,100,,674,8,,,0,102,,675,8,,,0,101,,676,8,,,0,100,,677,8,,,0,101,,678,8,,,0,102,,672,8,,,0,100,,673,8,,,0,100,,684,8,,,0,100,,685,8,,,0,100,,689,8,,,0,99,,686,8,,,0,109,,687,8,,,0,99,,688,8,,,0,104,,681,8,,,0,110,,683,8,,,0,154,,680,8,,,0,54,,682,8,0,5 6,0
100,'5228',816,,701,8,,,0,107,,700,8,,,0,101,,698,8,,,0,100,,690,8,,,0,102,,696,8,,,0,100,,691,8,,,0,100,,697,8,,,0,100,,692,8,,,0,100,,694,8,,,0,100,,702,8,,,0,99,,693,8,,,0,109,,695,8,,,0,99,,699,8,,,0,100,,704,8,,,0,105,,703,8,,,0
100,'5254',1727,,385,8,,,0,212,,388,8,,,0,197,,386,8,,,0,269,,387,8,,,0
100,'5256',622,,705,8,,,0,92,,706,8,,,0,25,,719,8,,,0,81,,707,8,,,0,110,,708,8,,,0,99,,709,8,,,0,101,,710,7,,,0,110,,712,8,,,0,110,,711,8,,,0,70,,713,8,,,0,97,,715,8,,,0,84,,721,8,,,0,47,,714,8,,,0,159,,720,8,,,0,49,,716,8,,,0,162,,717,8,,,0,238,,718,8,,,0
100,'5257',1727,,722,8,,,0,212,,725,8,,,0,197,,723,8,,,0,269,,724,8,,,0
100,'5258',1521,,726,8,,,0
100,'5259',1521,,727,8,,,0
100,'5260',1727,,728,8,,,0,212,,732,8,,,0,197,,729,8,,,0,269,,730,8,,,0,124,,731,8,0,5 6,0
100,'5261',1521,,733,8,,,0
100,'5262',1521,,734,8,,,0
