201,'4623',1829,,908,35,,,0,471,,909,39,,,0,204,,910,39,,,0
201,'4822',754,,512,39,,,0,100,,513,39,,,0,101,,511,39,,,0,145,,504,39,,,0,101,,505,39,,,0,100,,503,39,,,0,101,,507,39,,,0,100,,502,39,,,0,100,,508,39,,,0,100,,514,39,,,0,99,,509,39,,,0,100,,510,39,,,0,99,,506,39,,,0,105,,516,39,,,0,99,,517,39,,,0,105,,515,39,,,0
201,'4826',728,,530,35,,,0,131,,524,39,,,0,141,,525,39,,,0,100,,526,39,,,0,101,,527,39,,,0,100,,528,39,,,0,101,,529,39,,,0,100,,518,39,,,0,100,,519,39,,,0,100,,535,39,,,0,99,,520,39,,,0,100,,521,39,,,0,99,,522,39,,,0,100,,523,39,,,0,100,,533,39,,,0,59,,531,39,,,0,154,,532,39,,,0,99,,534,39,,,0
201,'4965',613,,539,13,,,0,109,,215,39,,,0,27,,553,35,,,0,67,,540,35,,,0,18,,541,35,,,0,108,,218,35,,,0,110,,543,35,,,0,106,,542,35,,,0,146,,544,35,,,0,105,,545,35,,,0,100,,546,35,,,0,47,,549,35,,,0,74,,548,35,,,0,74,,554,35,,,0,35,,547,35,,,0,199,,550,35,,,0,109,,551,39,,,0,103,,552,39,,,0
201,'4967',1829,,536,35,,,0,471,,537,39,,,0,204,,538,39,,,0
201,'5014',613,,911,13,,,0,109,,912,39,,,0,27,,925,35,,,0,67,,913,35,,,0,18,,914,35,,,0,108,,915,35,,,0,110,,917,35,,,0,106,,916,35,,,0,146,,918,35,,,0,205,,919,35,,,0,47,,921,35,,,0,74,,920,35,,,0,74,,926,35,,,0,234,,922,35,,,0,109,,923,39,,,0,103,,924,39,,,0
201,'5222',1829,,927,35,,,0,471,,928,39,,,0
201,'5227',728,,941,35,,,0,131,,935,39,,,0,141,,936,39,,,0,100,,937,39,,,0,101,,938,39,,,0,100,,939,39,,,0,101,,940,39,,,0,100,,929,39,,,0,100,,930,39,,,0,100,,946,39,,,0,99,,931,39,,,0,100,,932,39,,,0,99,,933,39,,,0,100,,934,39,,,0,100,,944,39,,,0,59,,942,39,,,0,154,,943,39,,,0,99,,945,39,,,0
201,'5228',754,,957,39,,,0,100,,958,39,,,0,101,,956,39,,,0,145,,949,39,,,0,101,,950,39,,,0,100,,948,39,,,0,101,,952,39,,,0,100,,947,39,,,0,100,,953,39,,,0,100,,959,39,,,0,99,,954,39,,,0,100,,955,39,,,0,99,,951,39,,,0,105,,961,39,,,0,99,,962,39,,,0,105,,960,39,,,0
201,'5254',1829,,555,35,,,0,471,,556,39,,,0
201,'5256',613,,963,13,,,0,109,,964,39,,,0,27,,977,35,,,0,67,,965,35,,,0,18,,966,35,,,0,108,,967,35,,,0,110,,969,35,,,0,106,,968,35,,,0,146,,970,35,,,0,205,,971,35,,,0,47,,973,35,,,0,74,,972,35,,,0,74,,978,35,,,0,234,,974,35,,,0,109,,975,39,,,0,103,,976,39,,,0
201,'5257',1829,,979,35,,,0,471,,980,39,,,0
201,'5258',1409,,981,35,,,0,330,,982,35,,,0
201,'5259',1409,,983,35,,,0,330,,984,35,,,0
201,'5260',1829,,985,35,,,0,471,,986,39,,,0,204,,987,39,,,0
201,'5261',1409,,988,35,,,0,330,,989,35,,,0
201,'5262',1409,,990,35,,,0,330,,991,35,,,0
