101,'4528',651,,2064,18,,,0,64,,2076,18,,,0,40,,2065,18,,,0,152,,2066,18,,,0,99,,2067,18,,,0,101,,2068,18,,,0,109,,2069,18,,,0,110,,2070,18,,,0,30,,2071,18,,,0,178,,2078,18,,,0,88,,2072,18,,,0,120,,2077,18,,,0,89,,2073,18,,,0,123,,2074,18,,,0,279,,2075,18,,,0
101,'4532',658,,2090,18,,,0,100,,2085,18,,,0,142,,2086,18,,,0,100,,2087,18,,,0,100,,2088,18,,,0,101,,2089,18,,,0,100,,2079,18,,,0,100,,2083,18,,,0,100,,2082,18,,,0,100,,2081,18,,,0,100,,2096,18,,,0,99,,2080,18,,,0,110,,2084,18,,,0,99,,2091,18,,,0,104,,2093,18,,,0,110,,2092,18,,,0,115,,2094,18,,,0,95,,2095,18,,,0
101,'4623',1702,,2097,18,,,0,213,,2101,18,,,0,198,,2098,18,,,0,230,,2099,18,,,0
101,'5210',754,,2112,18,,,0,147,,2114,18,,,0,100,,2110,18,,,0,100,,2102,18,,,0,102,,2106,18,,,0,98,,2104,18,,,0,100,,2108,18,,,0,100,,2103,18,,,0,100,,2107,18,,,0,100,,2113,18,,,0,99,,2105,18,,,0,110,,2109,18,,,0,99,,2111,18,,,0,100,,2115,18,,,0,105,,2116,18,,,0
101,'5222',1702,,2117,18,,,0,213,,2120,18,,,0,198,,2118,18,,,0,230,,2119,18,,,0
101,'5261',1456,,2121,18,,,0
101,'5262',1456,,2122,18,,,0
201,'4528',702,,2183,18,,,0,31,,2196,18,,,0,67,,2184,18,,,0,18,,2185,18,,,0,108,,2186,18,,,0,110,,2188,18,,,0,105,,2187,18,,,0,106,,2189,18,,,0,205,,2190,18,,,0,86,,2192,18,,,0,74,,2191,18,,,0,35,,2197,18,,,0,274,,2193,18,,,0,105,,2194,18,,,0,104,,2195,18,,,0
201,'4532',713,,2210,18,,,0,127,,2204,18,,,0,101,,2205,18,,,0,100,,2206,18,,,0,101,,2207,18,,,0,100,,2208,18,,,0,100,,2209,18,,,0,100,,2198,18,,,0,100,,2199,18,,,0,100,,2215,18,,,0,99,,2200,18,,,0,100,,2201,18,,,0,100,,2202,18,,,0,100,,2203,18,,,0,100,,2213,18,,,0,99,,2211,18,,,0,114,,2212,18,,,0,99,,2214,18,,,0
201,'4623',1812,,2216,18,,,0,428,,2217,18,,,0,204,,2218,18,,,0
201,'5210',735,,2229,18,,,0,100,,2230,18,,,0,101,,2228,18,,,0,105,,2221,18,,,0,101,,2222,18,,,0,100,,2220,18,,,0,100,,2224,18,,,0,100,,2219,18,,,0,100,,2225,18,,,0,100,,2231,18,,,0,99,,2226,18,,,0,100,,2227,18,,,0,100,,2223,18,,,0,105,,2233,18,,,0,99,,2234,18,,,0,105,,2232,18,,,0
201,'5222',1812,,2235,18,,,0,428,,2236,18,,,0
201,'5261',1352,,2237,18,,,0,370,,2238,18,,,0
201,'5262',1352,,2239,18,,,0,370,,2240,18,,,0
901,'4528',730,,2480,18,,,0,103,,2481,18,,,0,102,,2482,18,,,0,100,,2483,18,,,0,101,,2484,18,,,0,98,,2485,18,,,0,100,,2486,18,,,0,99,,2487,18,,,0,124,,2488,18,,,0,100,,2489,18,,,0,92,,2490,18,,,0,107,,2491,18,,,0,153,,2492,18,,,0
