101,'4528',651,,2064,17,,,0,64,,2076,17,,,0,40,,2065,17,,,0,152,,2066,17,,,0,99,,2067,17,,,0,101,,2068,17,,,0,109,,2069,17,,,0,110,,2070,17,,,0,30,,2071,17,,,0,178,,2078,17,,,0,88,,2072,17,,,0,120,,2077,17,,,0,89,,2073,17,,,0,123,,2074,17,,,0,279,,2075,17,,,0
101,'4532',658,,2090,17,,,0,100,,2085,17,,,0,142,,2086,17,,,0,100,,2087,17,,,0,100,,2088,17,,,0,101,,2089,17,,,0,100,,2079,17,,,0,100,,2083,17,,,0,100,,2082,17,,,0,100,,2081,17,,,0,100,,2096,17,,,0,99,,2080,17,,,0,110,,2084,17,,,0,99,,2091,17,,,0,104,,2093,17,,,0,110,,2092,17,,,0,115,,2094,17,,,0,95,,2095,17,,,0
101,'4623',1702,,2097,17,,,0,213,,2101,17,,,0,198,,2098,17,,,0,230,,2099,17,,,0
101,'5210',754,,2112,17,,,0,147,,2114,17,,,0,100,,2110,17,,,0,100,,2102,17,,,0,102,,2106,17,,,0,98,,2104,17,,,0,100,,2108,17,,,0,100,,2103,17,,,0,100,,2107,17,,,0,100,,2113,17,,,0,99,,2105,17,,,0,110,,2109,17,,,0,99,,2111,17,,,0,100,,2115,17,,,0,105,,2116,17,,,0
101,'5222',1702,,2117,17,,,0,213,,2120,17,,,0,198,,2118,17,,,0,230,,2119,17,,,0
101,'5261',1456,,2121,17,,,0
101,'5262',1456,,2122,17,,,0
201,'4528',702,,2183,17,,,0,31,,2196,17,,,0,67,,2184,17,,,0,18,,2185,17,,,0,108,,2186,17,,,0,110,,2188,17,,,0,105,,2187,17,,,0,106,,2189,17,,,0,205,,2190,17,,,0,86,,2192,17,,,0,74,,2191,17,,,0,35,,2197,17,,,0,274,,2193,17,,,0,105,,2194,17,,,0,104,,2195,17,,,0
201,'4532',713,,2210,17,,,0,127,,2204,17,,,0,101,,2205,17,,,0,100,,2206,17,,,0,101,,2207,17,,,0,100,,2208,17,,,0,100,,2209,17,,,0,100,,2198,17,,,0,100,,2199,17,,,0,100,,2215,17,,,0,99,,2200,17,,,0,100,,2201,17,,,0,100,,2202,17,,,0,100,,2203,17,,,0,100,,2213,17,,,0,99,,2211,17,,,0,114,,2212,17,,,0,99,,2214,17,,,0
201,'4623',1812,,2216,17,,,0,428,,2217,17,,,0,204,,2218,17,,,0
201,'5210',735,,2229,17,,,0,100,,2230,17,,,0,101,,2228,17,,,0,105,,2221,17,,,0,101,,2222,17,,,0,100,,2220,17,,,0,100,,2224,17,,,0,100,,2219,17,,,0,100,,2225,17,,,0,100,,2231,17,,,0,99,,2226,17,,,0,100,,2227,17,,,0,100,,2223,17,,,0,105,,2233,17,,,0,99,,2234,17,,,0,105,,2232,17,,,0
201,'5222',1812,,2235,17,,,0,428,,2236,17,,,0
201,'5261',1352,,2237,17,,,0,370,,2238,17,,,0
201,'5262',1352,,2239,17,,,0,370,,2240,17,,,0
901,'4528',730,,2480,17,,,0,103,,2481,17,,,0,102,,2482,17,,,0,100,,2483,17,,,0,101,,2484,17,,,0,98,,2485,17,,,0,100,,2486,17,,,0,99,,2487,17,,,0,124,,2488,17,,,0,100,,2489,17,,,0,92,,2490,17,,,0,107,,2491,17,,,0,153,,2492,17,,,0
