100,'4623',1737,,647,16,,,0,212,,651,16,,,0,196,,648,16,,,0,269,,649,16,,,0
100,'4822',826,,343,16,,,0,107,,344,16,,,0,101,,341,16,,,0,100,,333,16,,,0,102,,339,16,,,0,100,,334,16,,,0,100,,340,16,,,0,100,,335,16,,,0,100,,337,16,,,0,100,,345,16,,,0,99,,336,16,,,0,108,,338,16,,,0,99,,342,16,,,0,99,,347,16,,,0,105,,346,16,,,0
100,'4826',730,,355,16,,,0,100,,350,16,,,0,102,,351,16,,,0,101,,352,16,,,0,100,,353,16,,,0,101,,354,16,,,0,102,,348,16,,,0,100,,349,16,,,0,100,,360,16,,,0,100,,361,16,,,0,100,,365,16,,,0,99,,362,16,,,0,108,,363,16,,,0,99,,364,16,,,0,103,,357,16,,,0,110,,359,16,,,0,154,,356,16,,,0
100,'4965',631,,34,16,,,0,93,,371,16,,,0,25,,382,16,,,0,81,,372,16,,,0,110,,373,16,,,0,99,,374,16,,,0,101,,39,15,,,0,110,,41,16,,,0,150,,40,16,,,0,30,,375,16,,,0,97,,377,16,,,0,4,,378,16,,,0,80,,384,16,,,0,47,,376,16,,,0,159,,383,16,,,0,89,,379,16,,,0,121,,380,16,,,0,278,,381,16,,,0
100,'4967',1737,,366,16,,,0,212,,370,16,,,0,196,,367,16,,,0,269,,368,16,,,0
100,'5014',631,,652,16,,,0,93,,653,16,,,0,25,,665,16,,,0,81,,654,16,,,0,110,,655,16,,,0,99,,656,16,,,0,101,,657,15,,,0,110,,659,16,,,0,150,,658,16,,,0,30,,660,16,,,0,181,,667,16,,,0,47,,661,16,,,0,159,,666,16,,,0,89,,662,16,,,0,121,,663,16,,,0,278,,664,16,,,0
100,'5222',1737,,668,16,,,0,212,,671,16,,,0,196,,669,16,,,0,269,,670,16,,,0
100,'5227',730,,679,16,,,0,100,,674,16,,,0,102,,675,16,,,0,101,,676,16,,,0,100,,677,16,,,0,101,,678,16,,,0,102,,672,16,,,0,100,,673,16,,,0,100,,684,16,,,0,100,,685,16,,,0,100,,689,16,,,0,99,,686,16,,,0,108,,687,16,,,0,99,,688,16,,,0,103,,681,16,,,0,110,,683,16,,,0,154,,680,16,,,0
100,'5228',826,,701,16,,,0,107,,700,16,,,0,101,,698,16,,,0,100,,690,16,,,0,102,,696,16,,,0,100,,691,16,,,0,100,,697,16,,,0,100,,692,16,,,0,100,,694,16,,,0,100,,702,16,,,0,99,,693,16,,,0,108,,695,16,,,0,99,,699,16,,,0,99,,704,16,,,0,105,,703,16,,,0
100,'5254',1737,,385,16,,,0,212,,388,16,,,0,196,,386,16,,,0,269,,387,16,,,0
100,'5256',631,,705,16,,,0,93,,706,16,,,0,25,,719,16,,,0,81,,707,16,,,0,110,,708,16,,,0,99,,709,16,,,0,101,,710,15,,,0,110,,712,16,,,0,150,,711,16,,,0,30,,713,16,,,0,97,,715,16,,,0,84,,721,16,,,0,47,,714,16,,,0,159,,720,16,,,0,89,,716,16,,,0,121,,717,16,,,0,278,,718,16,,,0
100,'5257',1737,,722,16,,,0,212,,725,16,,,0,196,,723,16,,,0,269,,724,16,,,0
100,'5258',1531,,726,16,,,0
100,'5259',1531,,727,16,,,0
100,'5260',1737,,728,16,,,0,212,,732,16,,,0,196,,729,16,,,0,269,,730,16,,,0
100,'5261',1531,,733,16,,,0
100,'5262',1531,,734,16,,,0
101,'4623',1704,,735,20,,,0,213,,739,20,,,0,198,,736,20,,,0,229,,737,20,,,0
101,'4822',756,,399,20,,,0,147,,401,20,,,0,100,,397,20,,,0,100,,389,20,,,0,102,,393,20,,,0,98,,391,20,,,0,100,,395,20,,,0,100,,390,20,,,0,100,,394,20,,,0,100,,400,20,,,0,99,,392,20,,,0,110,,396,20,,,0,99,,398,20,,,0,100,,402,20,,,0,105,,403,20,,,0
101,'4826',700,,415,20,,,0,100,,410,20,,,0,102,,411,20,,,0,100,,412,20,,,0,100,,413,20,,,0,101,,414,20,,,0,100,,404,20,,,0,100,,408,20,,,0,100,,407,20,,,0,100,,406,20,,,0,100,,421,20,,,0,99,,405,20,,,0,110,,409,20,,,0,99,,416,20,,,0,104,,419,20,,,0,110,,417,20,,,0,114,,418,20,,,0,95,,420,20,,,0
101,'4965',653,,428,20,,,0,64,,439,20,,,0,40,,429,20,,,0,152,,430,20,,,0,99,,431,20,,,0,101,,99,20,,,0,109,,100,20,,,0,110,,101,20,,,0,30,,432,20,,,0,100,,433,20,,,0,79,,441,20,,,0,88,,434,20,,,0,119,,440,20,,,0,89,,436,20,,,0,123,,437,20,,,0,279,,438,20,,,0
101,'4967',1528,,423,20,0,5 6,0,176,,422,20,,,0,213,,427,20,,,0,198,,424,20,,,0,229,,425,20,,,0
101,'5014',653,,741,20,,,0,64,,753,20,,,0,40,,742,20,,,0,152,,743,20,,,0,99,,744,20,,,0,101,,745,20,,,0,109,,746,20,,,0,110,,747,20,,,0,30,,748,20,,,0,179,,755,20,,,0,88,,749,20,,,0,119,,754,20,,,0,89,,750,20,,,0,123,,751,20,,,0,279,,752,20,,,0
101,'5222',1704,,756,20,,,0,213,,759,20,,,0,198,,757,20,,,0,229,,758,20,,,0
101,'5227',700,,771,20,,,0,100,,766,20,,,0,102,,767,20,,,0,100,,768,20,,,0,100,,769,20,,,0,101,,770,20,,,0,100,,760,20,,,0,100,,764,20,,,0,100,,763,20,,,0,100,,762,20,,,0,100,,777,20,,,0,99,,761,20,,,0,110,,765,20,,,0,99,,772,20,,,0,104,,774,20,,,0,110,,773,20,,,0,114,,775,20,,,0,95,,776,20,,,0
101,'5228',756,,788,20,,,0,147,,790,20,,,0,100,,786,20,,,0,100,,778,20,,,0,102,,782,20,,,0,98,,780,20,,,0,100,,784,20,,,0,100,,779,20,,,0,100,,783,20,,,0,100,,789,20,,,0,99,,781,20,,,0,110,,785,20,,,0,99,,787,20,,,0,100,,791,20,,,0,105,,792,20,,,0
101,'5254',1528,,443,20,0,5 6,0,176,,442,20,,,0,213,,446,20,,,0,198,,444,20,,,0,229,,445,20,,,0
101,'5256',653,,794,20,,,0,64,,808,20,,,0,40,,795,20,,,0,152,,796,20,,,0,99,,797,20,,,0,101,,798,20,,,0,109,,799,20,,,0,110,,800,20,,,0,30,,801,20,,,0,170,,803,20,0,5 6,0,9,,810,20,,,0,88,,802,20,,,0,119,,809,20,,,0,89,,805,20,,,0,123,,806,20,,,0,279,,807,20,,,0
101,'5257',1704,,811,20,,,0,213,,814,20,,,0,198,,812,20,,,0,229,,813,20,,,0
101,'5258',1458,,815,20,,,0
101,'5259',1458,,816,20,,,0
101,'5260',1704,,817,20,,,0,213,,821,20,,,0,198,,818,20,,,0,229,,819,20,,,0
101,'5261',1458,,822,20,,,0
101,'5262',1458,,823,20,,,0
200,'4623',1844,,824,13,,,0,470,,825,13,,,0
200,'4822',808,,457,13,,,0,100,,458,13,,,0,101,,456,13,,,0,106,,447,13,,,0,101,,451,13,,,0,100,,449,13,,,0,101,,454,13,,,0,100,,448,13,,,0,100,,453,13,,,0,100,,459,13,,,0,99,,450,13,,,0,100,,455,13,,,0,99,,452,13,,,0,105,,462,13,,,0,99,,461,13,,,0,103,,460,13,,,0
200,'4826',742,,475,13,,,0,172,,469,13,,,0,101,,471,13,,,0,100,,470,13,,,0,101,,472,13,,,0,100,,473,13,,,0,101,,474,13,,,0,100,,463,13,,,0,100,,464,13,,,0,100,,480,13,,,0,99,,465,13,,,0,100,,466,13,,,0,99,,467,13,,,0,100,,468,13,,,0,100,,477,13,,,0,97,,476,13,,,0,114,,478,13,,,0
200,'4965',628,,484,13,,,0,109,,158,13,,,0,67,,498,13,,,0,28,,485,13,,,0,18,,486,13,,,0,107,,160,13,,,0,150,,488,13,,,0,106,,487,13,,,0,106,,489,13,,,0,105,,490,13,,,0,100,,493,13,,,0,87,,494,13,,,0,34,,492,13,,,0,74,,499,13,,,0,35,,491,13,,,0,199,,495,13,,,0,149,,496,13,,,0,102,,497,13,,,0
200,'4967',1844,,481,13,,,0,470,,482,13,,,0
200,'5014',628,,827,13,,,0,109,,828,13,,,0,67,,841,13,,,0,28,,829,13,,,0,18,,831,13,,,0,107,,830,13,,,0,150,,833,13,,,0,106,,832,13,,,0,106,,834,13,,,0,205,,836,13,,,0,87,,837,13,,,0,34,,835,13,,,0,74,,842,13,,,0,234,,838,13,,,0,149,,839,13,,,0,102,,840,13,,,0
200,'5222',1844,,843,13,,,0,470,,844,13,,,0
200,'5227',742,,857,13,,,0,172,,851,13,,,0,101,,853,13,,,0,100,,852,13,,,0,101,,854,13,,,0,100,,855,13,,,0,101,,856,13,,,0,100,,845,13,,,0,100,,846,13,,,0,100,,862,13,,,0,99,,847,13,,,0,100,,848,13,,,0,99,,849,13,,,0,100,,850,13,,,0,100,,859,13,,,0,97,,858,13,,,0,114,,860,13,,,0
200,'5228',808,,873,13,,,0,100,,874,13,,,0,101,,872,13,,,0,106,,863,13,,,0,101,,867,13,,,0,100,,865,13,,,0,101,,870,13,,,0,100,,864,13,,,0,100,,869,13,,,0,100,,875,13,,,0,99,,866,13,,,0,100,,871,13,,,0,99,,868,13,,,0,105,,878,13,,,0,99,,877,13,,,0,103,,876,13,,,0
200,'5254',1844,,500,13,,,0,470,,501,13,,,0
200,'5256',628,,879,13,,,0,109,,880,13,,,0,67,,893,13,,,0,28,,881,13,,,0,18,,883,13,,,0,107,,882,13,,,0,150,,885,13,,,0,106,,884,13,,,0,106,,886,13,,,0,205,,888,13,,,0,87,,889,13,,,0,34,,887,13,,,0,74,,894,13,,,0,234,,890,13,,,0,149,,891,13,,,0,102,,892,13,,,0
200,'5257',1844,,895,13,,,0,470,,896,13,,,0
200,'5258',1424,,897,13,,,0,330,,898,13,,,0
200,'5259',1424,,899,13,,,0,330,,900,13,,,0
200,'5260',1844,,901,13,,,0,470,,902,13,,,0
200,'5261',1424,,904,13,,,0,330,,905,13,,,0
200,'5262',1424,,906,13,,,0,330,,907,13,,,0
201,'4623',1814,,908,20,,,0,428,,909,20,,,0,204,,910,20,,,0
201,'4822',737,,512,20,,,0,100,,513,20,,,0,101,,511,20,,,0,105,,504,20,,,0,101,,505,20,,,0,100,,503,20,,,0,100,,507,20,,,0,100,,502,20,,,0,100,,508,20,,,0,100,,514,20,,,0,99,,509,20,,,0,100,,510,20,,,0,100,,506,20,,,0,105,,516,20,,,0,99,,517,20,,,0,105,,515,20,,,0
201,'4826',715,,530,20,,,0,127,,524,20,,,0,101,,525,20,,,0,100,,526,20,,,0,101,,527,20,,,0,100,,528,20,,,0,100,,529,20,,,0,100,,518,20,,,0,100,,519,20,,,0,100,,535,20,,,0,99,,520,20,,,0,100,,521,20,,,0,100,,522,20,,,0,100,,523,20,,,0,100,,533,20,,,0,99,,531,20,,,0,114,,532,20,,,0,99,,534,20,,,0
201,'4965',704,,215,20,,,0,31,,553,20,,,0,67,,540,20,,,0,18,,541,20,,,0,108,,218,20,,,0,110,,543,20,,,0,105,,542,20,,,0,106,,544,20,,,0,105,,545,20,,,0,100,,546,20,,,0,87,,549,20,,,0,74,,548,20,,,0,34,,554,20,,,0,75,,547,20,,,0,199,,550,20,,,0,105,,551,20,,,0,104,,552,20,,,0
201,'4967',1814,,536,20,,,0,428,,537,20,,,0,204,,538,20,,,0
201,'5014',704,,912,20,,,0,31,,925,20,,,0,67,,913,20,,,0,18,,914,20,,,0,108,,915,20,,,0,110,,917,20,,,0,105,,916,20,,,0,106,,918,20,,,0,205,,919,20,,,0,87,,921,20,,,0,74,,920,20,,,0,34,,926,20,,,0,274,,922,20,,,0,105,,923,20,,,0,104,,924,20,,,0
201,'5222',1814,,927,20,,,0,428,,928,20,,,0
201,'5227',715,,941,20,,,0,127,,935,20,,,0,101,,936,20,,,0,100,,937,20,,,0,101,,938,20,,,0,100,,939,20,,,0,100,,940,20,,,0,100,,929,20,,,0,100,,930,20,,,0,100,,946,20,,,0,99,,931,20,,,0,100,,932,20,,,0,100,,933,20,,,0,100,,934,20,,,0,100,,944,20,,,0,99,,942,20,,,0,114,,943,20,,,0,99,,945,20,,,0
201,'5228',737,,957,20,,,0,100,,958,20,,,0,101,,956,20,,,0,105,,949,20,,,0,101,,950,20,,,0,100,,948,20,,,0,100,,952,20,,,0,100,,947,20,,,0,100,,953,20,,,0,100,,959,20,,,0,99,,954,20,,,0,100,,955,20,,,0,100,,951,20,,,0,105,,961,20,,,0,99,,962,20,,,0,105,,960,20,,,0
201,'5254',1814,,555,20,,,0,428,,556,20,,,0
201,'5256',704,,964,20,,,0,31,,977,20,,,0,67,,965,20,,,0,18,,966,20,,,0,108,,967,20,,,0,110,,969,20,,,0,105,,968,20,,,0,106,,970,20,,,0,205,,971,20,,,0,87,,973,20,,,0,74,,972,20,,,0,34,,978,20,,,0,274,,974,20,,,0,105,,975,20,,,0,104,,976,20,,,0
201,'5257',1814,,979,20,,,0,428,,980,20,,,0
201,'5258',1354,,981,20,,,0,370,,982,20,,,0
201,'5259',1354,,983,20,,,0,370,,984,20,,,0
201,'5260',1814,,985,20,,,0,428,,986,20,,,0,204,,987,20,,,0
201,'5261',1354,,988,20,,,0,370,,989,20,,,0
201,'5262',1354,,990,20,,,0,370,,991,20,,,0
900,'4965',757,,621,14,,,0,145,,623,14,,,0,100,,622,14,,,0,100,,625,14,,,0,120,,624,14,,,0,80,,627,14,,,0,100,,626,14,,,0,100,,628,14,,,0,125,,630,14,,,0,100,,629,14,,,0,90,,631,14,,,0,106,,632,14,,,0,113,,633,14,,,0
900,'5014',757,,1320,14,,,0,145,,1322,14,,,0,100,,1321,14,,,0,100,,1324,14,,,0,120,,1323,14,,,0,80,,1326,14,,,0,100,,1325,14,,,0,100,,1327,14,,,0,125,,1329,14,,,0,100,,1328,14,,,0,90,,1330,14,,,0,106,,1331,14,,,0,113,,1332,14,,,0
900,'5256',757,,1333,14,,,0,145,,1335,14,,,0,100,,1334,14,,,0,100,,1337,14,,,0,120,,1336,14,,,0,80,,1339,14,,,0,100,,1338,14,,,0,100,,1340,14,,,0,125,,1342,14,,,0,100,,1341,14,,,0,90,,1343,14,,,0,106,,1344,14,,,0,113,,1345,14,,,0
901,'4965',732,,634,20,,,0,104,,635,20,,,0,101,,636,20,,,0,100,,637,20,,,0,101,,638,20,,,0,98,,639,20,,,0,100,,640,20,,,0,99,,641,20,,,0,124,,642,20,,,0,100,,643,20,,,0,92,,644,20,,,0,107,,645,20,,,0,153,,646,20,,,0
901,'5014',732,,1346,20,,,0,104,,1347,20,,,0,101,,1348,20,,,0,100,,1349,20,,,0,101,,1350,20,,,0,98,,1351,20,,,0,100,,1352,20,,,0,99,,1353,20,,,0,124,,1354,20,,,0,100,,1355,20,,,0,92,,1356,20,,,0,107,,1357,20,,,0,153,,1358,20,,,0
901,'5256',732,,1359,20,,,0,104,,1360,20,,,0,101,,1361,20,,,0,100,,1362,20,,,0,101,,1363,20,,,0,98,,1364,20,,,0,100,,1365,20,,,0,99,,1366,20,,,0,124,,1367,20,,,0,100,,1368,20,,,0,92,,1369,20,,,0,107,,1370,20,,,0,153,,1371,20,,,0
