100,'4480',621,,1411,7,,,0,92,,1412,7,,,0,25,,1425,7,,,0,81,,1413,7,,,0,110,,1414,7,,,0,99,,1415,7,,,0,101,,1416,6,,,0,110,,1418,7,,,0,110,,1417,7,,,0,70,,1419,7,,,0,97,,1421,7,,,0,84,,1427,7,,,0,47,,1420,7,,,0,159,,1426,7,,,0,49,,1422,7,,,0,162,,1423,7,,,0,238,,1424,7,,,0
100,'4623',1726,,1372,7,,,0,212,,1376,7,,,0,197,,1373,7,,,0,269,,1374,7,,,0,124,,1375,7,0,5 6,0
100,'4661',1726,,1428,7,,,0,212,,1431,7,,,0,197,,1429,7,,,0,269,,1430,7,,,0
100,'4663',1726,,1434,7,,,0,212,,1438,7,,,0,197,,1435,7,,,0,269,,1436,7,,,0,124,,1437,7,0,5 6,0
100,'4822',815,,343,7,,,0,107,,344,7,,,0,101,,341,7,,,0,100,,333,7,,,0,102,,339,7,,,0,100,,334,7,,,0,100,,340,7,,,0,100,,335,7,,,0,100,,337,7,,,0,100,,345,7,,,0,99,,336,7,,,0,109,,338,7,,,0,99,,342,7,,,0,100,,347,7,,,0,105,,346,7,,,0
100,'5014',621,,1377,7,,,0,92,,1378,7,,,0,25,,1390,7,,,0,81,,1379,7,,,0,110,,1380,7,,,0,99,,1381,7,,,0,101,,1382,6,,,0,110,,1384,7,,,0,110,,1383,7,,,0,70,,1385,7,,,0,181,,1392,7,,,0,47,,1386,7,,,0,159,,1391,7,,,0,49,,1387,7,,,0,162,,1388,7,,,0,238,,1389,7,,,0
100,'5222',1726,,1393,7,,,0,212,,1396,7,,,0,197,,1394,7,,,0,269,,1395,7,,,0
100,'5227',719,,679,7,,,0,100,,674,7,,,0,102,,675,7,,,0,101,,676,7,,,0,100,,677,7,,,0,101,,678,7,,,0,102,,672,7,,,0,100,,673,7,,,0,100,,684,7,,,0,100,,1401,7,,,0,100,,1405,7,,,0,99,,1402,7,,,0,109,,1403,7,,,0,99,,1404,7,,,0,104,,1398,7,,,0,110,,1400,7,,,0,154,,1397,7,,,0,54,,1399,7,0,5 6,0
100,'5228',815,,1410,7,,,0,107,,1409,7,,,0,101,,698,7,,,0,100,,1406,7,,,0,102,,1407,7,,,0,100,,691,7,,,0,100,,1408,7,,,0,100,,692,7,,,0,100,,694,7,,,0,100,,702,7,,,0,99,,693,7,,,0,109,,695,7,,,0,99,,699,7,,,0,100,,704,7,,,0,105,,703,7,,,0
100,'5258',1520,,1432,7,,,0
100,'5259',1520,,1433,7,,,0
100,'5261',1520,,1439,7,,,0
100,'5262',1520,,1440,7,,,0
