100,'4480',626,,1411,13,,,0,92,,1412,13,,,0,25,,1425,13,,,0,81,,1413,13,,,0,110,,1414,13,,,0,99,,1415,13,,,0,101,,1416,12,,,0,110,,1418,13,,,0,110,,1417,13,,,0,70,,1419,13,,,0,97,,1421,13,,,0,84,,1427,13,,,0,47,,1420,13,,,0,159,,1426,13,,,0,89,,1422,13,,,0,122,,1423,13,,,0,278,,1424,13,,,0
100,'4532',724,,679,13,,,0,100,,674,13,,,0,102,,675,13,,,0,101,,676,13,,,0,100,,677,13,,,0,101,,678,13,,,0,102,,672,13,,,0,100,,673,13,,,0,100,,684,13,,,0,100,,1401,13,,,0,100,,1405,13,,,0,99,,1402,13,,,0,109,,1403,13,,,0,99,,1404,13,,,0,104,,1398,13,,,0,110,,1400,13,,,0,154,,1397,13,,,0,54,,1399,13,0,5 6,0
100,'4623',1731,,1372,13,,,0,212,,1376,13,,,0,197,,1373,13,,,0,269,,1374,13,,,0,124,,1375,13,0,5 6,0
100,'4661',1731,,1428,13,,,0,212,,1431,13,,,0,197,,1429,13,,,0,269,,1430,13,,,0
100,'4663',1731,,1434,13,,,0,212,,1438,13,,,0,197,,1435,13,,,0,269,,1436,13,,,0,124,,1437,13,0,5 6,0
100,'5014',626,,1377,13,,,0,92,,1378,13,,,0,25,,1390,13,,,0,81,,1379,13,,,0,110,,1380,13,,,0,99,,1381,13,,,0,101,,1382,12,,,0,110,,1384,13,,,0,110,,1383,13,,,0,70,,1385,13,,,0,181,,1392,13,,,0,47,,1386,13,,,0,159,,1391,13,,,0,89,,1387,13,,,0,122,,1388,13,,,0,278,,1389,13,,,0
100,'5222',1731,,1393,13,,,0,212,,1396,13,,,0,197,,1394,13,,,0,269,,1395,13,,,0
100,'5228',820,,1410,13,,,0,107,,1409,13,,,0,101,,698,13,,,0,100,,1406,13,,,0,102,,1407,13,,,0,100,,691,13,,,0,100,,1408,13,,,0,100,,692,13,,,0,100,,694,13,,,0,100,,702,13,,,0,99,,693,13,,,0,109,,695,13,,,0,99,,699,13,,,0,100,,704,13,,,0,105,,703,13,,,0
100,'5258',1525,,1432,13,,,0
100,'5259',1525,,1433,13,,,0
100,'5261',1525,,1439,13,,,0
100,'5262',1525,,1440,13,,,0
200,'4480',621,,1546,8,,,0,109,,1547,8,,,0,27,,1560,8,,,0,67,,1548,8,,,0,18,,1550,8,,,0,108,,1549,8,,,0,150,,1552,8,,,0,106,,1551,8,,,0,106,,1553,8,,,0,205,,1555,8,,,0,87,,1556,8,,,0,34,,1554,8,,,0,74,,1561,8,,,0,234,,1557,8,,,0,109,,1558,8,,,0,103,,1559,8,,,0
200,'4532',733,,857,8,,,0,172,,851,8,,,0,101,,853,8,,,0,100,,852,8,,,0,101,,854,8,,,0,100,,855,8,,,0,101,,856,8,,,0,100,,845,8,,,0,100,,846,8,,,0,100,,1540,8,,,0,99,,1532,8,,,0,100,,1533,8,,,0,99,,1534,8,,,0,100,,1535,8,,,0,100,,1537,8,,,0,98,,1536,8,,,0,114,,1538,8,,,0,99,,1539,8,,,0
200,'4623',1837,,1511,8,,,0,471,,1512,8,,,0
200,'4661',1837,,1562,8,,,0,471,,1563,8,,,0
200,'4663',1837,,1568,8,,,0,471,,1569,8,,,0
200,'5014',621,,1514,8,,,0,109,,1515,8,,,0,27,,1528,8,,,0,67,,1516,8,,,0,18,,1518,8,,,0,108,,1517,8,,,0,150,,1520,8,,,0,106,,1519,8,,,0,106,,1521,8,,,0,205,,1523,8,,,0,87,,1524,8,,,0,34,,1522,8,,,0,74,,1529,8,,,0,234,,1525,8,,,0,109,,1526,8,,,0,103,,1527,8,,,0
200,'5222',1837,,1530,8,,,0,471,,1531,8,,,0
200,'5228',759,,873,8,,,0,100,,874,8,,,0,141,,1545,8,,,0,106,,1541,8,,,0,101,,867,8,,,0,100,,1542,8,,,0,101,,1544,8,,,0,100,,864,8,,,0,100,,1543,8,,,0,100,,875,8,,,0,99,,866,8,,,0,100,,871,8,,,0,99,,868,8,,,0,105,,878,8,,,0,99,,877,8,,,0,104,,876,8,,,0
200,'5258',1417,,1564,8,,,0,330,,1565,8,,,0
200,'5259',1417,,1566,8,,,0,330,,1567,8,,,0
200,'5261',1417,,1571,8,,,0,330,,1572,8,,,0
200,'5262',1417,,1573,8,,,0,330,,1574,8,,,0
400,'4480',738,,1713,7,,,0,80,,1714,7,,,0,37,,1715,7,,,0,599,,1716,7,,,0,97,,1718,7,,,0,160,,1717,7,,,0
400,'4623',1631,,1706,7,,,0
400,'4661',1631,,1719,7,,,0
400,'4663',1631,,1720,7,,,0
400,'5014',738,,1707,7,,,0,80,,1708,7,,,0,37,,1709,7,,,0,599,,1710,7,,,0,257,,1711,7,,,0
400,'5222',1631,,1712,7,,,0
901,'4480',737,,1990,25,,,0,104,,1991,25,,,0,101,,1992,25,,,0,100,,1993,25,,,0,101,,1994,25,,,0,98,,1995,25,,,0,100,,1996,25,,,0,100,,1997,25,,,0,164,,1998,25,,,0,100,,1999,25,,,0,51,,2000,25,,,0,147,,2001,25,,,0,113,,2002,25,,,0
901,'5014',737,,1977,25,,,0,104,,1978,25,,,0,101,,1979,25,,,0,100,,1980,25,,,0,101,,1981,25,,,0,98,,1982,25,,,0,100,,1983,25,,,0,100,,1984,25,,,0,164,,1985,25,,,0,100,,1986,25,,,0,51,,1987,25,,,0,147,,1988,25,,,0,113,,1989,25,,,0
