201,'4623',1821,,1575,26,,,0,427,,1576,26,,,0,204,,1577,26,,,0
201,'4822',743,,512,26,,,0,100,,513,26,,,0,101,,511,26,,,0,105,,504,26,,,0,101,,505,26,,,0,100,,503,26,,,0,101,,507,26,,,0,100,,502,26,,,0,100,,508,26,,,0,100,,514,26,,,0,99,,509,26,,,0,100,,510,26,,,0,99,,506,26,,,0,105,,516,26,,,0,99,,517,26,,,0,105,,515,26,,,0
201,'4826',721,,530,26,,,0,127,,524,26,,,0,101,,525,26,,,0,100,,526,26,,,0,101,,527,26,,,0,100,,528,26,,,0,101,,529,26,,,0,100,,518,26,,,0,100,,519,26,,,0,100,,535,26,,,0,99,,520,26,,,0,100,,521,26,,,0,99,,522,26,,,0,100,,523,26,,,0,100,,533,26,,,0,99,,531,26,,,0,154,,532,26,,,0,99,,534,26,,,0
201,'4965',605,,539,4,,,0,105,,215,26,,,0,31,,553,26,,,0,67,,540,26,,,0,18,,541,26,,,0,108,,218,26,,,0,110,,543,26,,,0,106,,542,26,,,0,106,,544,26,,,0,145,,545,26,,,0,100,,546,26,,,0,47,,549,26,,,0,74,,548,26,,,0,34,,554,26,,,0,75,,547,26,,,0,199,,550,26,,,0,105,,551,26,,,0,103,,552,26,,,0
201,'4967',1821,,536,26,,,0,427,,537,26,,,0,204,,538,26,,,0
201,'5014',605,,1578,4,,,0,105,,1579,26,,,0,31,,1592,26,,,0,67,,1580,26,,,0,18,,1581,26,,,0,108,,1582,26,,,0,110,,1584,26,,,0,106,,1583,26,,,0,106,,1585,26,,,0,245,,1586,26,,,0,47,,1588,26,,,0,74,,1587,26,,,0,34,,1593,26,,,0,274,,1589,26,,,0,105,,1590,26,,,0,103,,1591,26,,,0
201,'5222',1821,,1594,26,,,0,427,,1595,26,,,0
201,'5227',721,,941,26,,,0,127,,935,26,,,0,101,,936,26,,,0,100,,937,26,,,0,101,,938,26,,,0,100,,939,26,,,0,101,,940,26,,,0,100,,929,26,,,0,100,,930,26,,,0,100,,1604,26,,,0,99,,1596,26,,,0,100,,1597,26,,,0,99,,1598,26,,,0,100,,1599,26,,,0,100,,1602,26,,,0,99,,1600,26,,,0,154,,1601,26,,,0,99,,1603,26,,,0
201,'5228',743,,957,26,,,0,100,,958,26,,,0,101,,1609,26,,,0,105,,1606,26,,,0,101,,950,26,,,0,100,,1605,26,,,0,101,,1607,26,,,0,100,,947,26,,,0,100,,1608,26,,,0,100,,959,26,,,0,99,,954,26,,,0,100,,955,26,,,0,99,,951,26,,,0,105,,961,26,,,0,99,,962,26,,,0,105,,960,26,,,0
201,'5254',1821,,555,26,,,0,427,,556,26,,,0
201,'5256',605,,1610,4,,,0,105,,1611,26,,,0,31,,1624,26,,,0,67,,1612,26,,,0,18,,1613,26,,,0,108,,1614,26,,,0,110,,1616,26,,,0,106,,1615,26,,,0,106,,1617,26,,,0,245,,1618,26,,,0,47,,1620,26,,,0,74,,1619,26,,,0,34,,1625,26,,,0,274,,1621,26,,,0,105,,1622,26,,,0,103,,1623,26,,,0
201,'5257',1821,,1626,26,,,0,427,,1627,26,,,0
201,'5258',1401,,1628,26,,,0,330,,1629,26,,,0
201,'5259',1401,,1630,26,,,0,330,,1631,26,,,0
201,'5260',1821,,1632,26,,,0,427,,1633,26,,,0,204,,1634,26,,,0
201,'5261',1401,,1635,26,,,0,330,,1636,26,,,0
201,'5262',1401,,1637,26,,,0,330,,1638,26,,,0
