100,'4528',640,,2003,28,,,0,93,,2004,28,,,0,25,,2016,28,,,0,83,,2005,28,,,0,109,,2006,28,,,0,98,,2007,28,,,0,102,,2008,27,,,0,150,,2010,28,,,0,110,,2009,28,,,0,30,,2011,28,,,0,182,,2018,28,,,0,87,,2012,28,,,0,117,,2017,28,,,0,89,,2013,28,,,0,121,,2014,28,,,0,277,,2015,28,,,0
100,'4532',739,,2026,28,,,0,100,,2021,28,,,0,102,,2022,28,,,0,101,,2023,28,,,0,100,,2024,28,,,0,101,,2025,28,,,0,102,,2019,28,,,0,100,,2020,28,,,0,100,,2031,28,,,0,100,,2032,28,,,0,100,,2036,28,,,0,99,,2033,28,,,0,108,,2034,28,,,0,99,,2035,28,,,0,103,,2028,28,,,0,150,,2030,28,,,0,113,,2027,28,,,0
100,'4623',1748,,2037,28,,,0,210,,2041,28,,,0,196,,2038,28,,,0,268,,2039,28,,,0
100,'5210',835,,2053,28,,,0,107,,2052,28,,,0,101,,2050,28,,,0,100,,2042,28,,,0,102,,2048,28,,,0,100,,2043,28,,,0,100,,2049,28,,,0,100,,2044,28,,,0,100,,2046,28,,,0,100,,2054,28,,,0,99,,2045,28,,,0,108,,2047,28,,,0,99,,2051,28,,,0,99,,2056,28,,,0,105,,2055,28,,,0
100,'5222',1748,,2057,28,,,0,210,,2060,28,,,0,196,,2058,28,,,0,268,,2059,28,,,0
100,'5261',1542,,2061,28,,,0
100,'5262',1542,,2062,28,,,0
200,'4528',637,,2123,25,,,0,109,,2124,25,,,0,67,,2137,25,,,0,28,,2125,25,,,0,18,,2127,25,,,0,147,,2126,25,,,0,110,,2129,25,,,0,107,,2128,25,,,0,106,,2130,25,,,0,205,,2132,25,,,0,87,,2133,25,,,0,34,,2131,25,,,0,74,,2138,25,,,0,274,,2134,25,,,0,109,,2135,25,,,0,101,,2136,25,,,0
200,'4532',750,,2151,25,,,0,172,,2145,25,,,0,102,,2147,25,,,0,100,,2146,25,,,0,101,,2148,25,,,0,100,,2149,25,,,0,101,,2150,25,,,0,100,,2139,25,,,0,100,,2140,25,,,0,100,,2156,25,,,0,99,,2141,25,,,0,100,,2142,25,,,0,98,,2143,25,,,0,100,,2144,25,,,0,100,,2153,25,,,0,97,,2152,25,,,0,114,,2154,25,,,0
200,'4623',1854,,2157,25,,,0,469,,2158,25,,,0
200,'5210',816,,2170,25,,,0,100,,2171,25,,,0,102,,2169,25,,,0,106,,2160,25,,,0,101,,2164,25,,,0,100,,2162,25,,,0,101,,2167,25,,,0,100,,2161,25,,,0,100,,2166,25,,,0,100,,2172,25,,,0,99,,2163,25,,,0,100,,2168,25,,,0,98,,2165,25,,,0,105,,2175,25,,,0,99,,2174,25,,,0,103,,2173,25,,,0
200,'5222',1854,,2176,25,,,0,469,,2177,25,,,0
200,'5261',1434,,2178,25,,,0,370,,2179,25,,,0
200,'5262',1434,,2180,25,,,0,370,,2181,25,,,0
900,'4528',806,,2467,26,,,0,105,,2469,26,,,0,100,,2468,26,,,0,100,,2471,26,,,0,120,,2470,26,,,0,80,,2473,26,,,0,100,,2472,26,,,0,102,,2474,26,,,0,124,,2476,26,,,0,100,,2475,26,,,0,89,,2477,26,,,0,105,,2478,26,,,0,113,,2479,26,,,0
