100,'4528',634,,2003,19,,,0,93,,2004,19,,,0,25,,2016,19,,,0,82,,2005,19,,,0,109,,2006,19,,,0,99,,2007,19,,,0,102,,2008,18,,,0,110,,2010,19,,,0,150,,2009,19,,,0,30,,2011,19,,,0,181,,2018,19,,,0,87,,2012,19,,,0,118,,2017,19,,,0,89,,2013,19,,,0,121,,2014,19,,,0,277,,2015,19,,,0
100,'4532',733,,2026,19,,,0,100,,2021,19,,,0,102,,2022,19,,,0,101,,2023,19,,,0,100,,2024,19,,,0,101,,2025,19,,,0,102,,2019,19,,,0,100,,2020,19,,,0,100,,2031,19,,,0,100,,2032,19,,,0,100,,2036,19,,,0,99,,2033,19,,,0,108,,2034,19,,,0,99,,2035,19,,,0,103,,2028,19,,,0,110,,2030,19,,,0,153,,2027,19,,,0
100,'4623',1741,,2037,19,,,0,211,,2041,19,,,0,196,,2038,19,,,0,268,,2039,19,,,0
100,'5210',829,,2053,19,,,0,107,,2052,19,,,0,101,,2050,19,,,0,100,,2042,19,,,0,102,,2048,19,,,0,100,,2043,19,,,0,100,,2049,19,,,0,100,,2044,19,,,0,100,,2046,19,,,0,100,,2054,19,,,0,99,,2045,19,,,0,108,,2047,19,,,0,99,,2051,19,,,0,99,,2056,19,,,0,105,,2055,19,,,0
100,'5222',1741,,2057,19,,,0,211,,2060,19,,,0,196,,2058,19,,,0,268,,2059,19,,,0
100,'5261',1535,,2061,19,,,0
100,'5262',1535,,2062,19,,,0
200,'4528',631,,2123,16,,,0,109,,2124,16,,,0,67,,2137,16,,,0,28,,2125,16,,,0,18,,2127,16,,,0,147,,2126,16,,,0,110,,2129,16,,,0,107,,2128,16,,,0,106,,2130,16,,,0,205,,2132,16,,,0,87,,2133,16,,,0,34,,2131,16,,,0,74,,2138,16,,,0,234,,2134,16,,,0,149,,2135,16,,,0,101,,2136,16,,,0
200,'4532',744,,2151,16,,,0,172,,2145,16,,,0,102,,2147,16,,,0,100,,2146,16,,,0,101,,2148,16,,,0,100,,2149,16,,,0,101,,2150,16,,,0,100,,2139,16,,,0,100,,2140,16,,,0,100,,2156,16,,,0,99,,2141,16,,,0,100,,2142,16,,,0,99,,2143,16,,,0,100,,2144,16,,,0,100,,2153,16,,,0,97,,2152,16,,,0,114,,2154,16,,,0
200,'4623',1848,,2157,16,,,0,469,,2158,16,,,0
200,'5210',810,,2170,16,,,0,100,,2171,16,,,0,102,,2169,16,,,0,106,,2160,16,,,0,101,,2164,16,,,0,100,,2162,16,,,0,101,,2167,16,,,0,100,,2161,16,,,0,100,,2166,16,,,0,100,,2172,16,,,0,99,,2163,16,,,0,100,,2168,16,,,0,99,,2165,16,,,0,105,,2175,16,,,0,99,,2174,16,,,0,103,,2173,16,,,0
200,'5222',1848,,2176,16,,,0,469,,2177,16,,,0
200,'5261',1428,,2178,16,,,0,330,,2179,16,,,0
200,'5262',1428,,2180,16,,,0,330,,2181,16,,,0
900,'4528',800,,2467,17,,,0,105,,2469,17,,,0,100,,2468,17,,,0,100,,2471,17,,,0,120,,2470,17,,,0,80,,2473,17,,,0,100,,2472,17,,,0,100,,2474,17,,,0,125,,2476,17,,,0,100,,2475,17,,,0,89,,2477,17,,,0,106,,2478,17,,,0,113,,2479,17,,,0
