301,'4623',2224,,1639,24,,,0
301,'4822',739,,568,24,,,0,176,,566,24,,,0,101,,558,24,,,0,106,,561,24,,,0,100,,557,24,,,0,100,,559,24,,,0,100,,562,24,,,0,100,,560,24,,,0,100,,563,24,,,0,100,,565,24,,,0,98,,564,24,,,0,100,,567,24,,,0,104,,569,24,,,0,100,,570,24,,,0
301,'4826',659,,585,24,,,0,161,,578,24,,,0,100,,579,24,,,0,101,,583,24,,,0,101,,580,24,,,0,100,,581,24,,,0,100,,584,24,,,0,100,,575,24,,,0,100,,574,24,,,0,100,,576,24,,,0,100,,572,24,,,0,98,,577,24,,,0,100,,571,24,,,0,99,,573,24,,,0,100,,582,24,,,0,100,,586,24,,,0,115,,587,24,,,0
301,'4965',634,,589,24,,,0,70,,590,24,,,0,30,,591,24,,,0,79,,593,24,,,0,28,,592,24,,,0,100,,595,24,,,0,80,,594,24,,,0,101,,597,24,,,0,90,,596,24,,,0,90,,601,24,,,0,100,,599,24,,,0,40,,598,24,,,0,76,,600,24,,,0,32,,604,24,,,0,67,,608,24,,,0,35,,603,24,,,0,75,,605,24,,,0,85,,602,24,,,0,44,,606,24,,,0,95,,607,24,,,0,158,,609,24,,,0,231,,610,24,,,0
301,'4967',2224,,588,24,,,0
301,'5014',634,,1640,24,,,0,70,,1641,24,,,0,30,,1642,24,,,0,79,,1644,24,,,0,28,,1643,24,,,0,100,,1646,24,,,0,80,,1645,24,,,0,101,,1648,24,,,0,90,,1647,24,,,0,90,,1652,24,,,0,100,,1650,24,,,0,40,,1649,24,,,0,76,,1651,24,,,0,32,,1654,24,,,0,177,,1655,24,,,0,85,,1653,24,,,0,44,,1656,24,,,0,95,,1657,24,,,0,158,,1658,24,,,0,231,,1659,24,,,0
301,'5222',2224,,1660,24,,,0
301,'5227',659,,1029,24,,,0,161,,1022,24,,,0,100,,1023,24,,,0,101,,1026,24,,,0,101,,1024,24,,,0,100,,1021,24,,,0,100,,1667,24,,,0,100,,1018,24,,,0,100,,1017,24,,,0,100,,1664,24,,,0,100,,1662,24,,,0,98,,1665,24,,,0,100,,1661,24,,,0,99,,1663,24,,,0,100,,1666,24,,,0,100,,1669,24,,,0,115,,1668,24,,,0
301,'5228',739,,1675,24,,,0,176,,1674,24,,,0,101,,1671,24,,,0,106,,1035,24,,,0,100,,1670,24,,,0,100,,1672,24,,,0,100,,1036,24,,,0,100,,1673,24,,,0,100,,1037,24,,,0,100,,1039,24,,,0,98,,1038,24,,,0,100,,1041,24,,,0,104,,1043,24,,,0,100,,1044,24,,,0
301,'5254',2224,,611,24,,,0
301,'5256',634,,1676,24,,,0,70,,1677,24,,,0,30,,1678,24,,,0,79,,1680,24,,,0,28,,1679,24,,,0,100,,1682,24,,,0,80,,1681,24,,,0,101,,1684,24,,,0,90,,1683,24,,,0,90,,1688,24,,,0,100,,1686,24,,,0,40,,1685,24,,,0,76,,1687,24,,,0,32,,1690,24,,,0,177,,1691,24,,,0,85,,1689,24,,,0,44,,1692,24,,,0,95,,1693,24,,,0,158,,1694,24,,,0,231,,1695,24,,,0
301,'5257',2224,,1696,24,,,0
301,'5258',1617,,1698,24,,,0,35,,1697,24,,,0
301,'5259',1617,,1700,24,,,0,35,,1699,24,,,0
301,'5260',2224,,1701,24,,,0
301,'5261',1617,,1703,24,,,0,35,,1702,24,,,0
301,'5262',1617,,1705,24,,,0,35,,1704,24,,,0
400,'4623',1639,,1706,12,,,0
400,'4965',745,,614,12,,,0,80,,293,12,,,0,77,,294,12,,,0,599,,295,12,,,0,218,,615,12,,,0
400,'4967',1558,,613,12,,,0,81,,612,12,,,0
400,'5014',745,,1707,12,,,0,80,,1708,12,,,0,77,,1709,12,,,0,599,,1710,12,,,0,218,,1711,12,,,0
400,'5222',1639,,1712,12,,,0
400,'5254',1558,,617,12,,,0,81,,616,12,,,0
400,'5256',745,,1713,12,,,0,80,,1714,12,,,0,77,,1715,12,,,0,599,,1716,12,,,0,57,,1718,12,,,0,161,,1717,12,,,0
400,'5257',1639,,1719,12,,,0
400,'5260',1639,,1720,12,,,0
500,'5014',735,,1733,6,,,0,82,,1734,6,,,0,33,,1735,6,,,0,82,,1736,6,,,0,73,,1737,6,,,0,48,,1738,6,,,0,73,,1739,6,,,0,82,,1740,6,,,0,33,,1741,6,,,0,87,,1742,6,,,0,73,,1743,6,,,0,42,,1744,6,,,0,73,,1745,6,,,0,87,,1746,6,,,0,33,,1747,6,,,0,82,,1748,6,,,0,33,,1749,6,,,0,86,,1750,6,,,0
500,'5227',815,,1753,6,,,0,35,,1752,6,,,0,82,,1751,6,,,0,73,,1754,6,,,0,48,,1755,6,,,0,73,,1756,6,,,0,82,,1757,6,,,0,33,,1758,6,,,0,87,,1759,6,,,0,73,,1760,6,,,0,42,,1761,6,,,0,73,,1762,6,,,0,87,,1763,6,,,0,33,,1764,6,,,0,82,,1765,6,,,0,33,,1766,6,,,0,86,,1767,6,,,0,74,,1768,6,,,0,41,,1769,6,,,0,73,,1770,6,,,0,82,,1771,6,,,0,33,,1772,6,,,0,85,,1773,6,,,0,30,,1774,6,,,0,81,,1775,6,,,0
500,'5228',815,,1787,6,,,0,35,,1788,6,,,0,82,,1789,6,,,0,73,,1790,6,,,0,48,,1791,6,,,0,73,,1792,6,,,0,82,,1793,6,,,0,33,,1794,6,,,0,87,,1795,6,,,0,73,,1796,6,,,0,42,,1797,6,,,0,73,,1776,6,,,0,87,,1777,6,,,0,33,,1779,6,,,0,82,,1778,6,,,0,33,,1781,6,,,0,86,,1783,6,,,0,74,,1780,6,,,0,41,,1784,6,,,0,73,,1782,6,,,0,82,,1785,6,,,0,33,,1786,6,,,0
500,'5256',735,,1798,6,,,0,82,,1799,6,,,0,33,,1800,6,,,0,82,,1801,6,,,0,73,,1802,6,,,0,48,,1803,6,,,0,73,,1804,6,,,0,82,,1805,6,,,0,33,,1806,6,,,0,87,,1807,6,,,0,73,,1808,6,,,0,42,,1809,6,,,0,73,,1810,6,,,0,87,,1811,6,,,0,33,,1812,6,,,0,82,,1813,6,,,0,33,,1814,6,,,0,86,,1815,6,,,0
500,'5258',1911,,1816,6,,,0,41,,1817,6,,,0,73,,1818,6,,,0,82,,1819,6,,,0,33,,1820,6,,,0
500,'5259',1911,,1821,6,,,0,41,,1822,6,,,0,73,,1823,6,,,0,82,,1824,6,,,0,33,,1825,6,,,0,85,,1826,6,,,0,30,,1827,6,,,0,81,,1828,6,,,0
500,'5261',1911,,1829,6,,,0,41,,1830,6,,,0,73,,1831,6,,,0,82,,1832,6,,,0,33,,1833,6,,,0
500,'5262',1911,,1834,6,,,0,41,,1835,6,,,0,73,,1836,6,,,0,82,,1837,6,,,0,33,,1838,6,,,0,85,,1839,6,,,0,30,,1840,6,,,0,81,,1841,6,,,0
