101,'4623',1717,,1441,35,,,0,213,,1445,35,,,0,197,,1442,35,,,0,229,,1443,35,,,0,164,,1444,12,,,0
101,'4822',807,,399,35,,,0,107,,401,35,,,0,101,,397,35,,,0,100,,389,35,,,0,102,,393,35,,,0,99,,391,35,,,0,100,,395,35,,,0,100,,390,35,,,0,101,,394,35,,,0,100,,400,35,,,0,99,,392,35,,,0,109,,396,35,,,0,99,,398,35,,,0,100,,402,35,,,0,105,,403,35,,,0
101,'4826',711,,415,35,,,0,100,,410,35,,,0,102,,411,35,,,0,101,,412,35,,,0,100,,413,35,,,0,101,,414,35,,,0,101,,404,35,,,0,100,,408,35,,,0,100,,407,35,,,0,101,,406,35,,,0,100,,421,35,,,0,99,,405,35,,,0,109,,409,35,,,0,99,,416,35,,,0,104,,419,35,,,0,110,,417,35,,,0,114,,418,35,,,0,94,,420,35,,,0
101,'4965',613,,94,5,,,0,91,,428,35,,,0,25,,439,35,,,0,80,,429,35,,,0,112,,430,35,,,0,99,,431,35,,,0,101,,99,35,,,0,109,,100,35,,,0,110,,101,35,,,0,70,,432,35,,,0,98,,435,15,,,0,2,,433,35,,,0,41,,441,35,,,0,87,,434,35,,,0,119,,440,35,,,0,89,,436,35,,,0,163,,437,35,,,0,238,,438,35,,,0
101,'4967',1717,,422,35,,,0,213,,427,35,,,0,197,,424,35,,,0,229,,425,35,,,0,164,,426,12,,,0
101,'5014',613,,1446,5,,,0,91,,1447,35,,,0,25,,1459,35,,,0,80,,1448,35,,,0,112,,1449,35,,,0,99,,1450,35,,,0,101,,1451,35,,,0,109,,1452,35,,,0,110,,1453,35,,,0,70,,1454,35,,,0,141,,1461,35,,,0,87,,1455,35,,,0,119,,1460,35,,,0,89,,1456,35,,,0,163,,1457,35,,,0,238,,1458,35,,,0
101,'5222',1717,,1462,35,,,0,213,,1465,35,,,0,197,,1463,35,,,0,229,,1464,35,,,0
101,'5227',711,,771,35,,,0,100,,766,35,,,0,102,,767,35,,,0,101,,768,35,,,0,100,,769,35,,,0,101,,770,35,,,0,101,,760,35,,,0,100,,764,35,,,0,100,,763,35,,,0,101,,1467,35,,,0,100,,1474,35,,,0,99,,1466,35,,,0,109,,1468,35,,,0,99,,1469,35,,,0,104,,1471,35,,,0,110,,1470,35,,,0,114,,1472,35,,,0,94,,1473,35,,,0
101,'5228',807,,1478,35,,,0,107,,1479,35,,,0,101,,786,35,,,0,100,,1475,35,,,0,102,,1476,35,,,0,99,,780,35,,,0,100,,1477,35,,,0,100,,779,35,,,0,101,,783,35,,,0,100,,789,35,,,0,99,,781,35,,,0,109,,785,35,,,0,99,,787,35,,,0,100,,791,35,,,0,105,,792,35,,,0
101,'5254',1717,,442,35,,,0,213,,446,35,,,0,197,,444,35,,,0,229,,445,35,,,0
101,'5256',613,,1480,5,,,0,91,,1481,35,,,0,25,,1495,35,,,0,80,,1482,35,,,0,112,,1483,35,,,0,99,,1484,35,,,0,101,,1485,35,,,0,109,,1486,35,,,0,110,,1487,35,,,0,70,,1488,35,,,0,98,,1491,15,,,0,43,,1497,35,,,0,87,,1489,35,,,0,119,,1496,35,,,0,89,,1492,35,,,0,163,,1493,35,,,0,238,,1494,35,,,0
101,'5257',1717,,1498,35,,,0,213,,1501,35,,,0,197,,1499,35,,,0,229,,1500,35,,,0
101,'5258',1510,,1502,35,,,0
101,'5259',1510,,1503,35,,,0
101,'5260',1717,,1504,35,,,0,213,,1508,35,,,0,197,,1505,35,,,0,229,,1506,35,,,0,164,,1507,12,,,0
101,'5261',1510,,1509,35,,,0
101,'5262',1510,,1510,35,,,0
