301,'4623',2213,,1639,10,0,9,0
301,'4822',728,,568,10,0,9,0,175,,566,10,0,9,0,100,,558,10,0,9,0,106,,561,10,0,9,0,100,,557,10,0,9,0,100,,559,10,0,9,0,100,,562,10,0,9,0,100,,560,10,0,9,0,100,,563,10,0,9,0,100,,565,10,0,9,0,100,,564,10,0,9,0,100,,567,10,0,9,0,104,,569,10,0,9,0,100,,570,10,0,9,0
301,'4826',648,,585,10,0,9,0,160,,578,10,0,9,0,100,,579,10,0,9,0,100,,583,10,0,9,0,101,,580,10,0,9,0,100,,581,10,0,9,0,100,,584,10,0,9,0,100,,575,10,0,9,0,100,,574,10,0,9,0,100,,576,10,0,9,0,100,,572,10,0,9,0,100,,577,10,0,9,0,100,,571,10,0,9,0,99,,573,10,0,9,0,100,,582,10,0,9,0,100,,586,10,0,9,0,115,,587,10,0,9,0
301,'4965',623,,589,10,0,9,0,30,,590,10,0,9,0,70,,591,10,0,9,0,78,,593,10,0,9,0,26,,592,10,0,9,0,101,,595,10,0,9,0,80,,594,10,0,9,0,101,,597,10,0,9,0,50,,596,10,0,9,0,90,,601,10,0,9,0,100,,599,10,0,9,0,80,,598,10,0,9,0,75,,600,10,0,9,0,32,,604,10,0,9,0,68,,608,10,0,9,0,35,,603,10,0,9,0,75,,605,10,0,9,0,45,,602,10,0,9,0,85,,606,10,0,9,0,95,,607,10,0,9,0,119,,609,10,0,9,0,271,,610,10,0,9,0
301,'4967',2213,,588,10,0,9,0
301,'5014',623,,1640,10,0,9,0,30,,1641,10,0,9,0,70,,1642,10,0,9,0,78,,1644,10,0,9,0,26,,1643,10,0,9,0,101,,1646,10,0,9,0,80,,1645,10,0,9,0,101,,1648,10,0,9,0,50,,1647,10,0,9,0,90,,1652,10,0,9,0,100,,1650,10,0,9,0,80,,1649,10,0,9,0,75,,1651,10,0,9,0,32,,1654,10,0,9,0,178,,1655,10,0,9,0,45,,1653,10,0,9,0,85,,1656,10,0,9,0,95,,1657,10,0,9,0,119,,1658,10,0,9,0,271,,1659,10,0,9,0
301,'5222',2213,,1660,10,0,9,0
301,'5227',648,,1029,10,0,9,0,160,,1022,10,0,9,0,100,,1023,10,0,9,0,100,,1026,10,0,9,0,101,,1024,10,0,9,0,100,,1021,10,0,9,0,100,,1667,10,0,9,0,100,,1018,10,0,9,0,100,,1017,10,0,9,0,100,,1664,10,0,9,0,100,,1662,10,0,9,0,100,,1665,10,0,9,0,100,,1661,10,0,9,0,99,,1663,10,0,9,0,100,,1666,10,0,9,0,100,,1669,10,0,9,0,115,,1668,10,0,9,0
301,'5228',728,,1675,10,0,9,0,175,,1674,10,0,9,0,100,,1671,10,0,9,0,106,,1035,10,0,9,0,100,,1670,10,0,9,0,100,,1672,10,0,9,0,100,,1036,10,0,9,0,100,,1673,10,0,9,0,100,,1037,10,0,9,0,100,,1039,10,0,9,0,100,,1038,10,0,9,0,100,,1041,10,0,9,0,104,,1043,10,0,9,0,100,,1044,10,0,9,0
301,'5254',2213,,611,10,0,9,0
301,'5256',623,,1676,10,0,9,0,30,,1677,10,0,9,0,70,,1678,10,0,9,0,78,,1680,10,0,9,0,26,,1679,10,0,9,0,101,,1682,10,0,9,0,80,,1681,10,0,9,0,101,,1684,10,0,9,0,50,,1683,10,0,9,0,90,,1688,10,0,9,0,100,,1686,10,0,9,0,80,,1685,10,0,9,0,75,,1687,10,0,9,0,32,,1690,10,0,9,0,178,,1691,10,0,9,0,45,,1689,10,0,9,0,85,,1692,10,0,9,0,95,,1693,10,0,9,0,119,,1694,10,0,9,0,271,,1695,10,0,9,0
301,'5257',2213,,1696,10,0,9,0
301,'5258',1604,,1698,10,0,9,0,35,,1697,10,0,9,0
301,'5259',1604,,1700,10,0,9,0,35,,1699,10,0,9,0
301,'5260',2213,,1701,10,0,9,0
301,'5261',1604,,1703,10,0,9,0,35,,1702,10,0,9,0
301,'5262',1604,,1705,10,0,9,0,35,,1704,10,0,9,0
