301,'4623',2216,,992,14,0,9,0
301,'4822',731,,568,14,0,9,0,175,,566,14,0,9,0,100,,558,14,0,9,0,106,,561,14,0,9,0,100,,557,14,0,9,0,100,,559,14,0,9,0,100,,562,14,0,9,0,100,,560,14,0,9,0,100,,563,14,0,9,0,100,,565,14,0,9,0,100,,564,14,0,9,0,100,,567,14,0,9,0,104,,569,14,0,9,0,100,,570,14,0,9,0
301,'4826',651,,585,14,0,9,0,160,,578,14,0,9,0,100,,579,14,0,9,0,100,,583,14,0,9,0,101,,580,14,0,9,0,100,,581,14,0,9,0,100,,584,14,0,9,0,100,,575,14,0,9,0,100,,574,14,0,9,0,100,,576,14,0,9,0,100,,572,14,0,9,0,100,,577,14,0,9,0,100,,571,14,0,9,0,99,,573,14,0,9,0,100,,582,14,0,9,0,100,,586,14,0,9,0,115,,587,14,0,9,0
301,'4965',626,,589,14,0,9,0,30,,590,14,0,9,0,70,,591,14,0,9,0,78,,593,14,0,9,0,26,,592,14,0,9,0,101,,595,14,0,9,0,80,,594,14,0,9,0,101,,597,14,0,9,0,90,,596,14,0,9,0,50,,601,14,0,9,0,100,,599,14,0,9,0,80,,598,14,0,9,0,75,,600,14,0,9,0,32,,604,14,0,9,0,68,,608,14,0,9,0,35,,603,14,0,9,0,75,,605,14,0,9,0,85,,602,14,0,9,0,45,,606,14,0,9,0,95,,607,14,0,9,0,159,,609,14,0,9,0,231,,610,14,0,9,0
301,'4967',2216,,588,14,0,9,0
301,'5014',626,,993,14,0,9,0,30,,994,14,0,9,0,70,,995,14,0,9,0,78,,997,14,0,9,0,26,,996,14,0,9,0,101,,999,14,0,9,0,80,,998,14,0,9,0,101,,1001,14,0,9,0,90,,1000,14,0,9,0,50,,1005,14,0,9,0,100,,1003,14,0,9,0,80,,1002,14,0,9,0,75,,1004,14,0,9,0,32,,1007,14,0,9,0,178,,1008,14,0,9,0,85,,1006,14,0,9,0,45,,1009,14,0,9,0,95,,1010,14,0,9,0,159,,1011,14,0,9,0,231,,1012,14,0,9,0
301,'5222',2216,,1013,14,0,9,0
301,'5227',651,,1029,14,0,9,0,160,,1022,14,0,9,0,100,,1023,14,0,9,0,100,,1026,14,0,9,0,101,,1024,14,0,9,0,100,,1021,14,0,9,0,100,,1027,14,0,9,0,100,,1018,14,0,9,0,100,,1017,14,0,9,0,100,,1019,14,0,9,0,100,,1015,14,0,9,0,100,,1020,14,0,9,0,100,,1014,14,0,9,0,99,,1016,14,0,9,0,100,,1025,14,0,9,0,100,,1030,14,0,9,0,115,,1028,14,0,9,0
301,'5228',731,,1042,14,0,9,0,175,,1040,14,0,9,0,100,,1032,14,0,9,0,106,,1035,14,0,9,0,100,,1031,14,0,9,0,100,,1033,14,0,9,0,100,,1036,14,0,9,0,100,,1034,14,0,9,0,100,,1037,14,0,9,0,100,,1039,14,0,9,0,100,,1038,14,0,9,0,100,,1041,14,0,9,0,104,,1043,14,0,9,0,100,,1044,14,0,9,0
301,'5254',2216,,611,14,0,9,0
301,'5256',626,,1045,14,0,9,0,30,,1046,14,0,9,0,70,,1047,14,0,9,0,78,,1049,14,0,9,0,26,,1048,14,0,9,0,101,,1051,14,0,9,0,80,,1050,14,0,9,0,101,,1053,14,0,9,0,90,,1052,14,0,9,0,50,,1057,14,0,9,0,100,,1055,14,0,9,0,80,,1054,14,0,9,0,75,,1056,14,0,9,0,32,,1059,14,0,9,0,178,,1060,14,0,9,0,85,,1058,14,0,9,0,45,,1061,14,0,9,0,95,,1062,14,0,9,0,159,,1063,14,0,9,0,231,,1064,14,0,9,0
301,'5257',2216,,1065,14,0,9,0
301,'5258',1607,,1067,14,0,9,0,35,,1066,14,0,9,0
301,'5259',1607,,1069,14,0,9,0,35,,1068,14,0,9,0
301,'5260',2216,,1070,14,0,9,0
301,'5261',1607,,1072,14,0,9,0,35,,1071,14,0,9,0
301,'5262',1607,,1074,14,0,9,0,35,,1073,14,0,9,0
