301,'4623',2213,,992,9,0,9,0
301,'4822',728,,568,9,0,9,0,175,,566,9,0,9,0,100,,558,9,0,9,0,106,,561,9,0,9,0,100,,557,9,0,9,0,100,,559,9,0,9,0,100,,562,9,0,9,0,100,,560,9,0,9,0,100,,563,9,0,9,0,100,,565,9,0,9,0,100,,564,9,0,9,0,100,,567,9,0,9,0,104,,569,9,0,9,0,100,,570,9,0,9,0
301,'4826',648,,585,9,0,9,0,160,,578,9,0,9,0,100,,579,9,0,9,0,100,,583,9,0,9,0,101,,580,9,0,9,0,100,,581,9,0,9,0,100,,584,9,0,9,0,100,,575,9,0,9,0,100,,574,9,0,9,0,100,,576,9,0,9,0,100,,572,9,0,9,0,100,,577,9,0,9,0,100,,571,9,0,9,0,99,,573,9,0,9,0,100,,582,9,0,9,0,100,,586,9,0,9,0,115,,587,9,0,9,0
301,'4965',623,,589,9,0,9,0,30,,590,9,0,9,0,70,,591,9,0,9,0,78,,593,9,0,9,0,25,,592,9,0,9,0,102,,595,9,0,9,0,80,,594,9,0,9,0,101,,597,9,0,9,0,50,,596,9,0,9,0,90,,601,9,0,9,0,100,,599,9,0,9,0,80,,598,9,0,9,0,74,,600,9,0,9,0,32,,604,9,0,9,0,69,,608,9,0,9,0,35,,603,9,0,9,0,75,,605,9,0,9,0,45,,602,9,0,9,0,85,,606,9,0,9,0,95,,607,9,0,9,0,119,,609,9,0,9,0,271,,610,9,0,9,0
301,'4967',2213,,588,9,0,9,0
301,'5014',623,,993,9,0,9,0,30,,994,9,0,9,0,70,,995,9,0,9,0,78,,997,9,0,9,0,25,,996,9,0,9,0,102,,999,9,0,9,0,80,,998,9,0,9,0,101,,1001,9,0,9,0,50,,1000,9,0,9,0,90,,1005,9,0,9,0,100,,1003,9,0,9,0,80,,1002,9,0,9,0,74,,1004,9,0,9,0,32,,1007,9,0,9,0,179,,1008,9,0,9,0,45,,1006,9,0,9,0,85,,1009,9,0,9,0,95,,1010,9,0,9,0,119,,1011,9,0,9,0,271,,1012,9,0,9,0
301,'5222',2213,,1013,9,0,9,0
301,'5227',648,,1029,9,0,9,0,160,,1022,9,0,9,0,100,,1023,9,0,9,0,100,,1026,9,0,9,0,101,,1024,9,0,9,0,100,,1021,9,0,9,0,100,,1027,9,0,9,0,100,,1018,9,0,9,0,100,,1017,9,0,9,0,100,,1019,9,0,9,0,100,,1015,9,0,9,0,100,,1020,9,0,9,0,100,,1014,9,0,9,0,99,,1016,9,0,9,0,100,,1025,9,0,9,0,100,,1030,9,0,9,0,115,,1028,9,0,9,0
301,'5228',728,,1042,9,0,9,0,175,,1040,9,0,9,0,100,,1032,9,0,9,0,106,,1035,9,0,9,0,100,,1031,9,0,9,0,100,,1033,9,0,9,0,100,,1036,9,0,9,0,100,,1034,9,0,9,0,100,,1037,9,0,9,0,100,,1039,9,0,9,0,100,,1038,9,0,9,0,100,,1041,9,0,9,0,104,,1043,9,0,9,0,100,,1044,9,0,9,0
301,'5254',2213,,611,9,0,9,0
301,'5256',623,,1045,9,0,9,0,30,,1046,9,0,9,0,70,,1047,9,0,9,0,78,,1049,9,0,9,0,25,,1048,9,0,9,0,102,,1051,9,0,9,0,80,,1050,9,0,9,0,101,,1053,9,0,9,0,50,,1052,9,0,9,0,90,,1057,9,0,9,0,100,,1055,9,0,9,0,80,,1054,9,0,9,0,74,,1056,9,0,9,0,32,,1059,9,0,9,0,179,,1060,9,0,9,0,45,,1058,9,0,9,0,85,,1061,9,0,9,0,95,,1062,9,0,9,0,119,,1063,9,0,9,0,271,,1064,9,0,9,0
301,'5257',2213,,1065,9,0,9,0
301,'5258',1604,,1067,9,0,9,0,35,,1066,9,0,9,0
301,'5259',1604,,1069,9,0,9,0,35,,1068,9,0,9,0
301,'5260',2213,,1070,9,0,9,0
301,'5261',1604,,1072,9,0,9,0,35,,1071,9,0,9,0
301,'5262',1604,,1074,9,0,9,0,35,,1073,9,0,9,0
