301,'4480',629,,1676,20,,,0,30,,1677,20,,,0,70,,1678,20,,,0,79,,1680,20,,,0,26,,1679,20,,,0,101,,1682,20,,,0,80,,1681,20,,,0,101,,1684,20,,,0,90,,1683,20,,,0,50,,1688,20,,,0,100,,1686,20,,,0,80,,1685,20,,,0,75,,1687,20,,,0,32,,1690,20,,,0,178,,1691,20,,,0,85,,1689,20,,,0,44,,1692,20,,,0,95,,1693,20,,,0,159,,1694,20,,,0,231,,1695,20,,,0
301,'4532',654,,1029,20,,,0,161,,1022,20,,,0,100,,1023,20,,,0,100,,1026,20,,,0,101,,1024,20,,,0,100,,1021,20,,,0,100,,1667,20,,,0,100,,1018,20,,,0,100,,1017,20,,,0,100,,1664,20,,,0,100,,1662,20,,,0,99,,1665,20,,,0,100,,1661,20,,,0,99,,1663,20,,,0,100,,1666,20,,,0,100,,1669,20,,,0,115,,1668,20,,,0
301,'4623',2219,,1639,20,,,0
301,'4661',2219,,1696,20,,,0
301,'4663',2219,,1701,20,,,0
301,'5014',629,,1640,20,,,0,30,,1641,20,,,0,70,,1642,20,,,0,79,,1644,20,,,0,26,,1643,20,,,0,101,,1646,20,,,0,80,,1645,20,,,0,101,,1648,20,,,0,90,,1647,20,,,0,50,,1652,20,,,0,100,,1650,20,,,0,80,,1649,20,,,0,75,,1651,20,,,0,32,,1654,20,,,0,178,,1655,20,,,0,85,,1653,20,,,0,44,,1656,20,,,0,95,,1657,20,,,0,159,,1658,20,,,0,231,,1659,20,,,0
301,'5222',2219,,1660,20,,,0
301,'5228',734,,1675,20,,,0,176,,1674,20,,,0,100,,1671,20,,,0,106,,1035,20,,,0,100,,1670,20,,,0,100,,1672,20,,,0,100,,1036,20,,,0,100,,1673,20,,,0,100,,1037,20,,,0,100,,1039,20,,,0,99,,1038,20,,,0,100,,1041,20,,,0,104,,1043,20,,,0,100,,1044,20,,,0
301,'5258',1611,,1698,20,,,0,35,,1697,20,,,0
301,'5259',1611,,1700,20,,,0,35,,1699,20,,,0
301,'5261',1611,,1703,20,,,0,35,,1702,20,,,0
301,'5262',1611,,1705,20,,,0,35,,1704,20,,,0
