200,'4480',616,,1546,2,,,0,109,,1547,2,,,0,27,,1560,2,,,0,67,,1548,2,,,0,18,,1550,2,,,0,108,,1549,2,,,0,110,,1552,2,,,0,146,,1551,2,,,0,106,,1553,2,,,0,205,,1555,2,,,0,47,,1556,2,,,0,74,,1554,2,,,0,74,,1561,2,,,0,234,,1557,2,,,0,109,,1558,2,,,0,103,,1559,2,,,0
200,'4532',730,,857,2,,,0,172,,851,2,,,0,101,,853,2,,,0,100,,852,2,,,0,101,,854,2,,,0,100,,855,2,,,0,101,,856,2,,,0,100,,845,2,,,0,100,,846,2,,,0,100,,1540,2,,,0,99,,1532,2,,,0,100,,1533,2,,,0,99,,1534,2,,,0,100,,1535,2,,,0,100,,1537,2,,,0,98,,1536,2,,,0,114,,1538,2,,,0,99,,1539,2,,,0
200,'4623',1832,,1511,2,,,0,471,,1512,2,,,0,204,,1513,2,0,5 6,0
200,'4661',1832,,1562,2,,,0,471,,1563,2,,,0
200,'4663',1832,,1568,2,,,0,471,,1569,2,,,0,204,,1570,2,0,5 6,0
200,'5014',616,,1514,2,,,0,109,,1515,2,,,0,27,,1528,2,,,0,67,,1516,2,,,0,18,,1518,2,,,0,108,,1517,2,,,0,110,,1520,2,,,0,146,,1519,2,,,0,106,,1521,2,,,0,205,,1523,2,,,0,47,,1524,2,,,0,74,,1522,2,,,0,74,,1529,2,,,0,234,,1525,2,,,0,109,,1526,2,,,0,103,,1527,2,,,0
200,'5222',1832,,1530,2,,,0,471,,1531,2,,,0
200,'5228',756,,873,2,,,0,100,,874,2,,,0,101,,1545,2,,,0,146,,1541,2,,,0,101,,867,2,,,0,100,,1542,2,,,0,101,,1544,2,,,0,100,,864,2,,,0,100,,1543,2,,,0,100,,875,2,,,0,99,,866,2,,,0,100,,871,2,,,0,99,,868,2,,,0,105,,878,2,,,0,99,,877,2,,,0,104,,876,2,,,0
200,'5258',1412,,1564,2,,,0,330,,1565,2,,,0
200,'5259',1412,,1566,2,,,0,330,,1567,2,,,0
200,'5261',1412,,1571,2,,,0,330,,1572,2,,,0
200,'5262',1412,,1573,2,,,0,330,,1574,2,,,0
