500,'5014',722,,1733,1,,,0,82,,1734,1,,,0,33,,1735,1,,,0,82,,1736,1,,,0,33,,1737,1,,,0,88,,1738,1,,,0,73,,1739,1,,,0,42,,1740,1,,,0,73,,1741,1,,,0,87,,1742,1,,,0,33,,1743,1,,,0,82,,1744,1,,,0,73,,1745,1,,,0,47,,1746,1,,,0,73,,1747,1,,,0,82,,1748,1,,,0,33,,1749,1,,,0,86,,1750,1,,,0
500,'5227',802,,1753,1,,,0,35,,1752,1,,,0,82,,1751,1,,,0,33,,1754,1,,,0,88,,1755,1,,,0,73,,1756,1,,,0,42,,1757,1,,,0,73,,1758,1,,,0,87,,1759,1,,,0,33,,1760,1,,,0,82,,1761,1,,,0,73,,1762,1,,,0,47,,1763,1,,,0,73,,1764,1,,,0,82,,1765,1,,,0,33,,1766,1,,,0,86,,1767,1,,,0,34,,1768,1,,,0,81,,1769,1,,,0,73,,1770,1,,,0,42,,1771,1,,,0,73,,1772,1,,,0,85,,1773,1,,,0,30,,1774,1,,,0,81,,1775,1,,,0
500,'5228',802,,1787,1,,,0,35,,1788,1,,,0,82,,1789,1,,,0,33,,1790,1,,,0,88,,1791,1,,,0,73,,1792,1,,,0,42,,1793,1,,,0,73,,1794,1,,,0,87,,1795,1,,,0,33,,1796,1,,,0,82,,1797,1,,,0,73,,1776,1,,,0,47,,1777,1,,,0,73,,1779,1,,,0,82,,1778,1,,,0,33,,1781,1,,,0,86,,1783,1,,,0,34,,1780,1,,,0,81,,1784,1,,,0,73,,1782,1,,,0,42,,1785,1,,,0,73,,1786,1,,,0
500,'5256',722,,1798,1,,,0,82,,1799,1,,,0,33,,1800,1,,,0,82,,1801,1,,,0,33,,1802,1,,,0,88,,1803,1,,,0,73,,1804,1,,,0,42,,1805,1,,,0,73,,1806,1,,,0,87,,1807,1,,,0,33,,1808,1,,,0,82,,1809,1,,,0,73,,1810,1,,,0,47,,1811,1,,,0,73,,1812,1,,,0,82,,1813,1,,,0,33,,1814,1,,,0,86,,1815,1,,,0
500,'5258',1858,,1816,1,,,0,81,,1817,1,,,0,73,,1818,1,,,0,42,,1819,1,,,0,73,,1820,1,,,0
500,'5259',1858,,1821,1,,,0,81,,1822,1,,,0,73,,1823,1,,,0,42,,1824,1,,,0,73,,1825,1,,,0,85,,1826,1,,,0,30,,1827,1,,,0,81,,1828,1,,,0
500,'5261',1858,,1829,1,,,0,81,,1830,1,,,0,73,,1831,1,,,0,42,,1832,1,,,0,73,,1833,1,,,0
500,'5262',1858,,1834,1,,,0,81,,1835,1,,,0,73,,1836,1,,,0,42,,1837,1,,,0,73,,1838,1,,,0,85,,1839,1,,,0,30,,1840,1,,,0,81,,1841,1,,,0
501,'5014',722,,1842,7,4,,0,82,,1843,8,4,,0,33,,1844,7,4,,0,82,,1845,8,4,,0,33,,1846,7,4,,0,88,,1847,8,4,,0,73,,1848,7,4,,0,42,,1849,8,4,,0,73,,1850,7,4,,0,87,,1851,8,4,,0,33,,1852,7,4,,0,82,,1853,8,4,,0,73,,1854,7,4,,0,47,,1855,8,4,,0,73,,1856,7,4,,0,82,,1858,8,4,,0,33,,1857,7,4,,0,86,,1859,8,4,,0
501,'5227',802,,1860,7,4,,0,35,,1861,7,4,,0,82,,1862,8,4,,0,33,,1863,7,4,,0,88,,1864,8,4,,0,73,,1865,7,4,,0,42,,1866,8,4,,0,73,,1867,7,4,,0,87,,1868,8,4,,0,33,,1869,7,4,,0,82,,1870,8,4,,0,73,,1871,7,4,,0,47,,1872,8,4,,0,73,,1873,7,4,,0,82,,1874,8,4,,0,33,,1875,7,4,,0,86,,1876,8,4,,0,34,,1877,7,4,,0,81,,1878,8,4,,0,73,,1879,7,4,,0,42,,1880,8,4,,0,73,,1881,7,4,,0,85,,1882,8,4,,0,30,,1883,7,4,,0,81,,1884,8,4,,0
501,'5228',802,,1896,7,4,,0,35,,1897,7,4,,0,82,,1898,8,4,,0,33,,1899,7,4,,0,88,,1900,8,4,,0,73,,1901,7,4,,0,42,,1902,8,4,,0,73,,1903,7,4,,0,87,,1904,8,4,,0,33,,1905,7,4,,0,82,,1906,8,4,,0,73,,1895,7,4,,0,47,,1885,8,4,,0,73,,1886,7,4,,0,82,,1887,8,4,,0,33,,1888,7,4,,0,86,,1892,8,4,,0,34,,1889,7,4,,0,81,,1890,8,4,,0,73,,1891,7,4,,0,42,,1893,8,4,,0,73,,1894,7,4,,0
501,'5256',722,,1907,7,4,,0,82,,1908,8,4,,0,33,,1909,7,4,,0,82,,1910,8,4,,0,33,,1911,7,4,,0,88,,1912,8,4,,0,73,,1913,7,4,,0,42,,1914,8,4,,0,73,,1915,7,4,,0,87,,1916,8,4,,0,33,,1917,7,4,,0,82,,1918,8,4,,0,73,,1919,7,4,,0,47,,1920,8,4,,0,73,,1921,7,4,,0,82,,1923,8,4,,0,33,,1922,7,4,,0,86,,1924,8,4,,0
501,'5258',1858,,1925,7,4,,0,81,,1926,8,4,,0,73,,1927,7,4,,0,42,,1928,8,4,,0,73,,1929,7,4,,0
501,'5259',1858,,1930,7,4,,0,81,,1931,8,4,,0,73,,1932,7,4,,0,42,,1934,8,4,,0,73,,1935,7,4,,0,85,,1933,8,4,,0,30,,1937,7,4,,0,81,,1936,8,4,,0
501,'5261',1858,,1938,7,4,,0,81,,1939,8,4,,0,73,,1940,7,4,,0,42,,1941,8,4,,0,73,,1942,7,4,,0
501,'5262',1858,,1943,7,4,,0,81,,1944,8,4,,0,73,,1945,7,4,,0,42,,1947,8,4,,0,73,,1948,7,4,,0,85,,1946,8,4,,0,30,,1950,7,4,,0,81,,1949,8,4,,0
