101,'4528',655,,2064,21,,,0,64,,2076,21,,,0,40,,2065,21,,,0,152,,2066,21,,,0,99,,2067,21,,,0,101,,2068,21,,,0,109,,2069,21,,,0,110,,2070,21,,,0,70,,2071,21,,,0,139,,2078,21,,,0,88,,2072,21,,,0,119,,2077,21,,,0,89,,2073,21,,,0,123,,2074,21,,,0,279,,2075,21,,,0
101,'4532',703,,2090,21,,,0,100,,2085,21,,,0,102,,2086,21,,,0,100,,2087,21,,,0,100,,2088,21,,,0,101,,2089,21,,,0,100,,2079,21,,,0,100,,2083,21,,,0,100,,2082,21,,,0,100,,2081,21,,,0,100,,2096,21,,,0,99,,2080,21,,,0,110,,2084,21,,,0,99,,2091,21,,,0,104,,2093,21,,,0,110,,2092,21,,,0,114,,2094,21,,,0,95,,2095,21,,,0
101,'4623',1706,,2097,21,,,0,213,,2101,21,,,0,198,,2098,21,,,0,229,,2099,21,,,0
101,'5210',759,,2112,21,,,0,147,,2114,21,,,0,100,,2110,21,,,0,100,,2102,21,,,0,102,,2106,21,,,0,98,,2104,21,,,0,100,,2108,21,,,0,100,,2103,21,,,0,100,,2107,21,,,0,100,,2113,21,,,0,99,,2105,21,,,0,110,,2109,21,,,0,99,,2111,21,,,0,100,,2115,21,,,0,105,,2116,21,,,0
101,'5222',1706,,2117,21,,,0,213,,2120,21,,,0,198,,2118,21,,,0,229,,2119,21,,,0
101,'5261',1500,,2121,21,,,0
101,'5262',1500,,2122,21,,,0
201,'4528',603,,2182,1,,,0,105,,2183,23,,,0,31,,2196,23,,,0,67,,2184,23,,,0,18,,2185,23,,,0,108,,2186,23,,,0,110,,2188,23,,,0,106,,2187,23,,,0,106,,2189,23,,,0,205,,2190,23,,,0,87,,2192,23,,,0,74,,2191,23,,,0,34,,2197,23,,,0,274,,2193,23,,,0,105,,2194,23,,,0,103,,2195,23,,,0
201,'4532',719,,2210,23,,,0,127,,2204,23,,,0,101,,2205,23,,,0,100,,2206,23,,,0,101,,2207,23,,,0,100,,2208,23,,,0,101,,2209,23,,,0,100,,2198,23,,,0,100,,2199,23,,,0,100,,2215,23,,,0,99,,2200,23,,,0,100,,2201,23,,,0,99,,2202,23,,,0,100,,2203,23,,,0,100,,2213,23,,,0,99,,2211,23,,,0,154,,2212,23,,,0,59,,2214,23,,,0
201,'4623',1819,,2216,23,,,0,427,,2217,23,,,0,204,,2218,23,,,0
201,'5210',741,,2229,23,,,0,100,,2230,23,,,0,101,,2228,23,,,0,105,,2221,23,,,0,101,,2222,23,,,0,100,,2220,23,,,0,101,,2224,23,,,0,100,,2219,23,,,0,100,,2225,23,,,0,100,,2231,23,,,0,99,,2226,23,,,0,100,,2227,23,,,0,99,,2223,23,,,0,105,,2233,23,,,0,99,,2234,23,,,0,105,,2232,23,,,0
201,'5222',1819,,2235,23,,,0,427,,2236,23,,,0
201,'5261',1359,,2237,23,,,0,370,,2238,23,,,0
201,'5262',1359,,2239,23,,,0,370,,2240,23,,,0
401,'4528',809,,2306,8,,,0,37,,2305,8,,,0,599,,2307,8,,,0,257,,2308,8,,,0
401,'4623',1622,,2309,8,,,0
401,'5222',1622,,2310,8,,,0
900,'4528',749,,2467,7,,,0,105,,2469,7,,,0,100,,2468,7,,,0,100,,2471,7,,,0,160,,2470,7,,,0,40,,2473,7,,,0,100,,2472,7,,,0,100,,2474,7,,,0,165,,2476,7,,,0,100,,2475,7,,,0,90,,2477,7,,,0,106,,2478,7,,,0,113,,2479,7,,,0
