101,'4623',1651,,1441,2,,,0,255,,1445,2,,,0,198,,1442,2,,,0,231,,1443,2,,,0
101,'4822',746,,399,2,,,0,105,,401,2,,,0,100,,397,2,,,0,100,,389,2,,,0,101,,393,2,,,0,98,,391,2,,,0,100,,395,2,,,0,100,,390,2,,,0,100,,394,2,,,0,100,,400,2,,,0,100,,392,2,,,0,150,,396,2,,,0,100,,398,2,,,0,101,,402,2,,,0,105,,403,2,,,0
101,'4826',650,,415,2,,,0,100,,410,2,,,0,100,,411,2,,,0,100,,412,2,,,0,100,,413,2,,,0,100,,414,2,,,0,100,,404,2,,,0,100,,408,2,,,0,100,,407,2,,,0,100,,406,2,,,0,100,,421,2,,,0,100,,405,2,,,0,150,,409,2,,,0,100,,416,2,,,0,105,,419,2,,,0,110,,417,2,,,0,115,,418,2,,,0,95,,420,2,,,0
101,'4965',642,,428,2,,,0,64,,439,2,,,0,38,,429,2,,,0,112,,430,2,,,0,100,,431,2,,,0,100,,99,2,,,0,149,,100,2,,,0,110,,101,2,,,0,30,,432,2,,,0,100,,433,2,,,0,77,,441,2,,,0,89,,434,2,,,0,120,,440,2,,,0,90,,436,2,,,0,124,,437,2,,,0,280,,438,2,,,0
101,'4967',1512,,423,2,0,5 6,0,139,,422,2,,,0,255,,427,2,,,0,198,,424,2,,,0,231,,425,2,,,0
101,'5014',642,,1447,2,,,0,64,,1459,2,,,0,38,,1448,2,,,0,112,,1449,2,,,0,100,,1450,2,,,0,100,,1451,2,,,0,149,,1452,2,,,0,110,,1453,2,,,0,30,,1454,2,,,0,177,,1461,2,,,0,89,,1455,2,,,0,120,,1460,2,,,0,90,,1456,2,,,0,124,,1457,2,,,0,280,,1458,2,,,0
101,'5222',1651,,1462,2,,,0,255,,1465,2,,,0,198,,1463,2,,,0,231,,1464,2,,,0
101,'5227',650,,771,2,,,0,100,,766,2,,,0,100,,767,2,,,0,100,,768,2,,,0,100,,769,2,,,0,100,,770,2,,,0,100,,760,2,,,0,100,,764,2,,,0,100,,763,2,,,0,100,,1467,2,,,0,100,,1474,2,,,0,100,,1466,2,,,0,150,,1468,2,,,0,100,,1469,2,,,0,105,,1471,2,,,0,110,,1470,2,,,0,115,,1472,2,,,0,95,,1473,2,,,0
101,'5228',746,,1478,2,,,0,105,,1479,2,,,0,100,,786,2,,,0,100,,1475,2,,,0,101,,1476,2,,,0,98,,780,2,,,0,100,,1477,2,,,0,100,,779,2,,,0,100,,783,2,,,0,100,,789,2,,,0,100,,781,2,,,0,150,,785,2,,,0,100,,787,2,,,0,101,,791,2,,,0,105,,792,2,,,0
101,'5254',1512,,443,2,0,5 6,0,139,,442,2,,,0,255,,446,2,,,0,198,,444,2,,,0,231,,445,2,,,0
101,'5256',642,,1481,2,,,0,64,,1495,2,,,0,38,,1482,2,,,0,112,,1483,2,,,0,100,,1484,2,,,0,100,,1485,2,,,0,149,,1486,2,,,0,110,,1487,2,,,0,30,,1488,2,,,0,167,,1490,2,0,5 6,0,10,,1497,2,,,0,89,,1489,2,,,0,120,,1496,2,,,0,90,,1492,2,,,0,124,,1493,2,,,0,280,,1494,2,,,0
101,'5257',1651,,1498,2,,,0,255,,1501,2,,,0,198,,1499,2,,,0,231,,1500,2,,,0
101,'5258',1445,,1502,2,,,0
101,'5259',1445,,1503,2,,,0
101,'5260',1651,,1504,2,,,0,255,,1508,2,,,0,198,,1505,2,,,0,231,,1506,2,,,0
101,'5261',1445,,1509,2,,,0
101,'5262',1445,,1510,2,,,0
201,'4623',1801,,1575,2,,,0,430,,1576,2,,,0,205,,1577,2,,,0
201,'4822',726,,512,2,,,0,100,,513,2,,,0,100,,511,2,,,0,105,,504,2,,,0,100,,505,2,,,0,100,,503,2,,,0,100,,507,2,,,0,100,,502,2,,,0,100,,508,2,,,0,100,,514,2,,,0,100,,509,2,,,0,100,,510,2,,,0,100,,506,2,,,0,105,,516,2,,,0,100,,517,2,,,0,105,,515,2,,,0
201,'4826',706,,530,2,,,0,125,,524,2,,,0,100,,525,2,,,0,100,,526,2,,,0,100,,527,2,,,0,100,,528,2,,,0,100,,529,2,,,0,100,,518,2,,,0,100,,519,2,,,0,100,,535,2,,,0,100,,520,2,,,0,100,,521,2,,,0,100,,522,2,,,0,100,,523,2,,,0,100,,533,2,,,0,100,,531,2,,,0,115,,532,2,,,0,100,,534,2,,,0
201,'4965',654,,215,2,,,0,71,,553,2,,,0,26,,540,2,,,0,58,,541,2,,,0,107,,218,2,,,0,110,,543,2,,,0,105,,542,2,,,0,105,,544,2,,,0,105,,545,2,,,0,100,,546,2,,,0,85,,549,2,,,0,75,,548,2,,,0,35,,554,2,,,0,75,,547,2,,,0,200,,550,2,,,0,105,,551,2,,,0,105,,552,2,,,0
201,'4967',1801,,536,2,,,0,430,,537,2,,,0,205,,538,2,,,0
201,'5014',654,,1579,2,,,0,71,,1592,2,,,0,26,,1580,2,,,0,58,,1581,2,,,0,107,,1582,2,,,0,110,,1584,2,,,0,105,,1583,2,,,0,105,,1585,2,,,0,205,,1586,2,,,0,85,,1588,2,,,0,75,,1587,2,,,0,35,,1593,2,,,0,275,,1589,2,,,0,105,,1590,2,,,0,105,,1591,2,,,0
201,'5222',1801,,1594,2,,,0,430,,1595,2,,,0
201,'5227',706,,941,2,,,0,125,,935,2,,,0,100,,936,2,,,0,100,,937,2,,,0,100,,938,2,,,0,100,,939,2,,,0,100,,940,2,,,0,100,,929,2,,,0,100,,930,2,,,0,100,,1604,2,,,0,100,,1596,2,,,0,100,,1597,2,,,0,100,,1598,2,,,0,100,,1599,2,,,0,100,,1602,2,,,0,100,,1600,2,,,0,115,,1601,2,,,0,100,,1603,2,,,0
201,'5228',726,,957,2,,,0,100,,958,2,,,0,100,,1609,2,,,0,105,,1606,2,,,0,100,,950,2,,,0,100,,1605,2,,,0,100,,1607,2,,,0,100,,947,2,,,0,100,,1608,2,,,0,100,,959,2,,,0,100,,954,2,,,0,100,,955,2,,,0,100,,951,2,,,0,105,,961,2,,,0,100,,962,2,,,0,105,,960,2,,,0
201,'5254',1801,,555,2,,,0,430,,556,2,,,0
201,'5256',654,,1611,2,,,0,71,,1624,2,,,0,26,,1612,2,,,0,58,,1613,2,,,0,107,,1614,2,,,0,110,,1616,2,,,0,105,,1615,2,,,0,105,,1617,2,,,0,205,,1618,2,,,0,85,,1620,2,,,0,75,,1619,2,,,0,35,,1625,2,,,0,275,,1621,2,,,0,105,,1622,2,,,0,105,,1623,2,,,0
201,'5257',1801,,1626,2,,,0,430,,1627,2,,,0
201,'5258',1341,,1628,2,,,0,370,,1629,2,,,0
201,'5259',1341,,1630,2,,,0,370,,1631,2,,,0
201,'5260',1801,,1632,2,,,0,430,,1633,2,,,0,205,,1634,2,,,0
201,'5261',1341,,1635,2,,,0,370,,1636,2,,,0
201,'5262',1341,,1637,2,,,0,370,,1638,2,,,0
301,'4623',2206,,1639,2,0,9,0
301,'4822',721,,568,2,0,9,0,135,,566,2,0,9,0,100,,558,2,0,9,0,145,,561,2,0,9,0,100,,557,2,0,9,0,100,,559,2,0,9,0,100,,562,2,0,9,0,100,,560,2,0,9,0,100,,563,2,0,9,0,100,,565,2,0,9,0,100,,564,2,0,9,0,100,,567,2,0,9,0,105,,569,2,0,9,0,100,,570,2,0,9,0
301,'4826',641,,585,2,0,9,0,160,,578,2,0,9,0,100,,579,2,0,9,0,100,,583,2,0,9,0,100,,580,2,0,9,0,100,,581,2,0,9,0,100,,584,2,0,9,0,100,,575,2,0,9,0,100,,574,2,0,9,0,100,,576,2,0,9,0,100,,572,2,0,9,0,100,,577,2,0,9,0,100,,571,2,0,9,0,100,,573,2,0,9,0,100,,582,2,0,9,0,100,,586,2,0,9,0,115,,587,2,0,9,0
301,'4965',616,,589,2,0,9,0,30,,590,2,0,9,0,70,,591,2,0,9,0,38,,593,2,0,9,0,65,,592,2,0,9,0,102,,595,2,0,9,0,80,,594,2,0,9,0,100,,597,2,0,9,0,50,,596,2,0,9,0,90,,601,2,0,9,0,100,,599,2,0,9,0,80,,598,2,0,9,0,34,,600,2,0,9,0,72,,604,2,0,9,0,29,,608,2,0,9,0,75,,603,2,0,9,0,75,,605,2,0,9,0,45,,602,2,0,9,0,85,,606,2,0,9,0,95,,607,2,0,9,0,120,,609,2,0,9,0,271,,610,2,0,9,0
301,'4967',2206,,588,2,0,9,0
301,'5014',616,,1640,2,0,9,0,30,,1641,2,0,9,0,70,,1642,2,0,9,0,38,,1644,2,0,9,0,65,,1643,2,0,9,0,102,,1646,2,0,9,0,80,,1645,2,0,9,0,100,,1648,2,0,9,0,50,,1647,2,0,9,0,90,,1652,2,0,9,0,100,,1650,2,0,9,0,80,,1649,2,0,9,0,34,,1651,2,0,9,0,72,,1654,2,0,9,0,179,,1655,2,0,9,0,45,,1653,2,0,9,0,85,,1656,2,0,9,0,95,,1657,2,0,9,0,120,,1658,2,0,9,0,271,,1659,2,0,9,0
301,'5222',2206,,1660,2,0,9,0
301,'5227',641,,1029,2,0,9,0,160,,1022,2,0,9,0,100,,1023,2,0,9,0,100,,1026,2,0,9,0,100,,1024,2,0,9,0,100,,1021,2,0,9,0,100,,1667,2,0,9,0,100,,1018,2,0,9,0,100,,1017,2,0,9,0,100,,1664,2,0,9,0,100,,1662,2,0,9,0,100,,1665,2,0,9,0,100,,1661,2,0,9,0,100,,1663,2,0,9,0,100,,1666,2,0,9,0,100,,1669,2,0,9,0,115,,1668,2,0,9,0
301,'5228',721,,1675,2,0,9,0,135,,1674,2,0,9,0,100,,1671,2,0,9,0,145,,1035,2,0,9,0,100,,1670,2,0,9,0,100,,1672,2,0,9,0,100,,1036,2,0,9,0,100,,1673,2,0,9,0,100,,1037,2,0,9,0,100,,1039,2,0,9,0,100,,1038,2,0,9,0,100,,1041,2,0,9,0,105,,1043,2,0,9,0,100,,1044,2,0,9,0
301,'5254',2206,,611,2,0,9,0
301,'5256',616,,1676,2,0,9,0,30,,1677,2,0,9,0,70,,1678,2,0,9,0,38,,1680,2,0,9,0,65,,1679,2,0,9,0,102,,1682,2,0,9,0,80,,1681,2,0,9,0,100,,1684,2,0,9,0,50,,1683,2,0,9,0,90,,1688,2,0,9,0,100,,1686,2,0,9,0,80,,1685,2,0,9,0,34,,1687,2,0,9,0,72,,1690,2,0,9,0,179,,1691,2,0,9,0,45,,1689,2,0,9,0,85,,1692,2,0,9,0,95,,1693,2,0,9,0,120,,1694,2,0,9,0,271,,1695,2,0,9,0
301,'5257',2206,,1696,2,0,9,0
301,'5258',1556,,1698,2,0,9,0,75,,1697,2,0,9,0
301,'5259',1556,,1700,2,0,9,0,75,,1699,2,0,9,0
301,'5260',2206,,1701,2,0,9,0
301,'5261',1556,,1703,2,0,9,0,75,,1702,2,0,9,0
301,'5262',1556,,1705,2,0,9,0,75,,1704,2,0,9,0
401,'4623',1611,,1721,2,,,0
401,'4965',759,,302,2,,,0,77,,301,2,,,0,598,,303,2,,,0,217,,619,2,,,0
401,'4967',1611,,618,2,,,0
401,'5014',759,,1723,2,,,0,77,,1722,2,,,0,598,,1724,2,,,0,217,,1725,2,,,0
401,'5222',1611,,1726,2,,,0
401,'5254',1611,,620,2,,,0
401,'5256',759,,1728,2,,,0,77,,1727,2,,,0,598,,1729,2,,,0,217,,1730,2,,,0
401,'5257',1611,,1731,2,,,0
401,'5260',1611,,1732,2,,,0
501,'5014',711,,1842,2,,,0,42,,1843,3,,,0,73,,1844,2,,,0,82,,1845,3,,,0,33,,1846,2,,,0,88,,1847,3,,,0,72,,1848,2,,,0,43,,1849,3,,,0,72,,1850,2,,,0,88,,1851,3,,,0,32,,1852,2,,,0,83,,1853,3,,,0,32,,1854,2,,,0,88,,1855,3,,,0,72,,1856,2,,,0,43,,1858,3,,,0,72,,1857,2,,,0,87,,1859,3,,,0
501,'5227',751,,1860,2,,,0,75,,1861,2,,,0,82,,1862,3,,,0,33,,1863,2,,,0,88,,1864,3,,,0,72,,1865,2,,,0,43,,1866,3,,,0,72,,1867,2,,,0,88,,1868,3,,,0,32,,1869,2,,,0,83,,1870,3,,,0,32,,1871,2,,,0,88,,1872,3,,,0,72,,1873,2,,,0,43,,1874,3,,,0,72,,1875,2,,,0,87,,1876,3,,,0,33,,1877,2,,,0,82,,1878,3,,,0,73,,1879,2,,,0,42,,1880,3,,,0,73,,1881,2,,,0,86,,1882,3,,,0,29,,1883,2,,,0,82,,1884,3,,,0
501,'5228',751,,1896,2,,,0,75,,1897,2,,,0,82,,1898,3,,,0,33,,1899,2,,,0,88,,1900,3,,,0,72,,1901,2,,,0,43,,1902,3,,,0,72,,1903,2,,,0,88,,1904,3,,,0,32,,1905,2,,,0,83,,1906,3,,,0,32,,1895,2,,,0,88,,1885,3,,,0,72,,1886,2,,,0,43,,1887,3,,,0,72,,1888,2,,,0,87,,1892,3,,,0,33,,1889,2,,,0,82,,1890,3,,,0,73,,1891,2,,,0,42,,1893,3,,,0,73,,1894,2,,,0
501,'5256',711,,1907,2,,,0,42,,1908,3,,,0,73,,1909,2,,,0,82,,1910,3,,,0,33,,1911,2,,,0,88,,1912,3,,,0,72,,1913,2,,,0,43,,1914,3,,,0,72,,1915,2,,,0,88,,1916,3,,,0,32,,1917,2,,,0,83,,1918,3,,,0,32,,1919,2,,,0,88,,1920,3,,,0,72,,1921,2,,,0,43,,1923,3,,,0,72,,1922,2,,,0,87,,1924,3,,,0
501,'5258',1846,,1925,2,,,0,82,,1926,3,,,0,73,,1927,2,,,0,42,,1928,3,,,0,73,,1929,2,,,0
501,'5259',1846,,1930,2,,,0,82,,1931,3,,,0,73,,1932,2,,,0,42,,1934,3,,,0,73,,1935,2,,,0,86,,1933,3,,,0,29,,1937,2,,,0,82,,1936,3,,,0
501,'5261',1846,,1938,2,,,0,82,,1939,3,,,0,73,,1940,2,,,0,42,,1941,3,,,0,73,,1942,2,,,0
501,'5262',1846,,1943,2,,,0,82,,1944,3,,,0,73,,1945,2,,,0,42,,1947,3,,,0,73,,1948,2,,,0,86,,1946,3,,,0,29,,1950,2,,,0,82,,1949,3,,,0
901,'4965',721,,634,2,,,0,103,,635,2,,,0,102,,636,2,,,0,99,,637,2,,,0,101,,638,2,,,0,98,,639,2,,,0,100,,640,2,,,0,98,,641,2,,,0,124,,642,2,,,0,100,,643,2,,,0,93,,644,2,,,0,108,,645,2,,,0,154,,646,2,,,0
901,'5014',721,,1977,2,,,0,103,,1978,2,,,0,102,,1979,2,,,0,99,,1980,2,,,0,101,,1981,2,,,0,98,,1982,2,,,0,100,,1983,2,,,0,98,,1984,2,,,0,124,,1985,2,,,0,100,,1986,2,,,0,93,,1987,2,,,0,108,,1988,2,,,0,154,,1989,2,,,0
901,'5256',721,,1990,2,,,0,103,,1991,2,,,0,102,,1992,2,,,0,99,,1993,2,,,0,101,,1994,2,,,0,98,,1995,2,,,0,100,,1996,2,,,0,98,,1997,2,,,0,124,,1998,2,,,0,100,,1999,2,,,0,93,,2000,2,,,0,108,,2001,2,,,0,154,,2002,2,,,0
