101,'4480',644,,1481,5,,,0,64,,1495,5,,,0,39,,1482,5,,,0,112,,1483,5,,,0,100,,1484,5,,,0,100,,1485,5,,,0,149,,1486,5,,,0,110,,1487,5,,,0,30,,1488,5,,,0,167,,1490,5,0,5 6,0,10,,1497,5,,,0,89,,1489,5,,,0,120,,1496,5,,,0,90,,1492,5,,,0,124,,1493,5,,,0,279,,1494,5,,,0
101,'4623',1654,,1441,5,,,0,255,,1445,5,,,0,198,,1442,5,,,0,230,,1443,5,,,0
101,'4661',1654,,1498,5,,,0,255,,1501,5,,,0,198,,1499,5,,,0,230,,1500,5,,,0
101,'4663',1654,,1504,5,,,0,255,,1508,5,,,0,198,,1505,5,,,0,230,,1506,5,,,0
101,'4822',748,,399,5,,,0,106,,401,5,,,0,100,,397,5,,,0,100,,389,5,,,0,101,,393,5,,,0,98,,391,5,,,0,100,,395,5,,,0,100,,390,5,,,0,100,,394,5,,,0,100,,400,5,,,0,100,,392,5,,,0,150,,396,5,,,0,99,,398,5,,,0,101,,402,5,,,0,105,,403,5,,,0
101,'5014',644,,1447,5,,,0,64,,1459,5,,,0,39,,1448,5,,,0,112,,1449,5,,,0,100,,1450,5,,,0,100,,1451,5,,,0,149,,1452,5,,,0,110,,1453,5,,,0,30,,1454,5,,,0,177,,1461,5,,,0,89,,1455,5,,,0,120,,1460,5,,,0,90,,1456,5,,,0,124,,1457,5,,,0,279,,1458,5,,,0
101,'5222',1654,,1462,5,,,0,255,,1465,5,,,0,198,,1463,5,,,0,230,,1464,5,,,0
101,'5227',652,,771,5,,,0,100,,766,5,,,0,101,,767,5,,,0,100,,768,5,,,0,100,,769,5,,,0,100,,770,5,,,0,100,,760,5,,,0,100,,764,5,,,0,100,,763,5,,,0,100,,1467,5,,,0,100,,1474,5,,,0,100,,1466,5,,,0,150,,1468,5,,,0,99,,1469,5,,,0,105,,1471,5,,,0,110,,1470,5,,,0,115,,1472,5,,,0,95,,1473,5,,,0
101,'5228',748,,1478,5,,,0,106,,1479,5,,,0,100,,786,5,,,0,100,,1475,5,,,0,101,,1476,5,,,0,98,,780,5,,,0,100,,1477,5,,,0,100,,779,5,,,0,100,,783,5,,,0,100,,789,5,,,0,100,,781,5,,,0,150,,785,5,,,0,99,,787,5,,,0,101,,791,5,,,0,105,,792,5,,,0
101,'5258',1448,,1502,5,,,0
101,'5259',1448,,1503,5,,,0
101,'5261',1448,,1509,5,,,0
101,'5262',1448,,1510,5,,,0
201,'4480',656,,1611,5,,,0,71,,1624,5,,,0,27,,1612,5,,,0,58,,1613,5,,,0,107,,1614,5,,,0,110,,1616,5,,,0,105,,1615,5,,,0,105,,1617,5,,,0,205,,1618,5,,,0,85,,1620,5,,,0,75,,1619,5,,,0,35,,1625,5,,,0,275,,1621,5,,,0,105,,1622,5,,,0,104,,1623,5,,,0
201,'4623',1804,,1575,5,,,0,429,,1576,5,,,0,205,,1577,5,,,0
201,'4661',1804,,1626,5,,,0,429,,1627,5,,,0
201,'4663',1804,,1632,5,,,0,429,,1633,5,,,0,205,,1634,5,,,0
201,'4822',728,,512,5,,,0,100,,513,5,,,0,101,,511,5,,,0,105,,504,5,,,0,100,,505,5,,,0,100,,503,5,,,0,100,,507,5,,,0,100,,502,5,,,0,100,,508,5,,,0,100,,514,5,,,0,100,,509,5,,,0,100,,510,5,,,0,100,,506,5,,,0,105,,516,5,,,0,99,,517,5,,,0,105,,515,5,,,0
201,'5014',656,,1579,5,,,0,71,,1592,5,,,0,27,,1580,5,,,0,58,,1581,5,,,0,107,,1582,5,,,0,110,,1584,5,,,0,105,,1583,5,,,0,105,,1585,5,,,0,205,,1586,5,,,0,85,,1588,5,,,0,75,,1587,5,,,0,35,,1593,5,,,0,275,,1589,5,,,0,105,,1590,5,,,0,104,,1591,5,,,0
201,'5222',1804,,1594,5,,,0,429,,1595,5,,,0
201,'5227',708,,941,5,,,0,125,,935,5,,,0,101,,936,5,,,0,100,,937,5,,,0,100,,938,5,,,0,100,,939,5,,,0,100,,940,5,,,0,100,,929,5,,,0,100,,930,5,,,0,100,,1604,5,,,0,100,,1596,5,,,0,100,,1597,5,,,0,100,,1598,5,,,0,100,,1599,5,,,0,100,,1602,5,,,0,99,,1600,5,,,0,115,,1601,5,,,0,100,,1603,5,,,0
201,'5228',728,,957,5,,,0,100,,958,5,,,0,101,,1609,5,,,0,105,,1606,5,,,0,100,,950,5,,,0,100,,1605,5,,,0,100,,1607,5,,,0,100,,947,5,,,0,100,,1608,5,,,0,100,,959,5,,,0,100,,954,5,,,0,100,,955,5,,,0,100,,951,5,,,0,105,,961,5,,,0,99,,962,5,,,0,105,,960,5,,,0
201,'5258',1344,,1628,5,,,0,370,,1629,5,,,0
201,'5259',1344,,1630,5,,,0,370,,1631,5,,,0
201,'5261',1344,,1635,5,,,0,370,,1636,5,,,0
201,'5262',1344,,1637,5,,,0,370,,1638,5,,,0
901,'4480',723,,1990,5,,,0,103,,1991,5,,,0,102,,1992,5,,,0,100,,1993,5,,,0,101,,1994,5,,,0,98,,1995,5,,,0,100,,1996,5,,,0,98,,1997,5,,,0,124,,1998,5,,,0,100,,1999,5,,,0,93,,2000,5,,,0,107,,2001,5,,,0,154,,2002,5,,,0
901,'5014',723,,1977,5,,,0,103,,1978,5,,,0,102,,1979,5,,,0,100,,1980,5,,,0,101,,1981,5,,,0,98,,1982,5,,,0,100,,1983,5,,,0,98,,1984,5,,,0,124,,1985,5,,,0,100,,1986,5,,,0,93,,1987,5,,,0,107,,1988,5,,,0,154,,1989,5,,,0
