101,'4623',1653,,735,4,,,0,255,,739,4,,,0,198,,736,4,,,0,230,,737,4,,,0
101,'4822',747,,399,4,,,0,106,,401,4,,,0,100,,397,4,,,0,100,,389,4,,,0,101,,393,4,,,0,98,,391,4,,,0,100,,395,4,,,0,100,,390,4,,,0,100,,394,4,,,0,100,,400,4,,,0,100,,392,4,,,0,150,,396,4,,,0,99,,398,4,,,0,101,,402,4,,,0,105,,403,4,,,0
101,'4826',651,,415,4,,,0,100,,410,4,,,0,101,,411,4,,,0,100,,412,4,,,0,100,,413,4,,,0,100,,414,4,,,0,100,,404,4,,,0,100,,408,4,,,0,100,,407,4,,,0,100,,406,4,,,0,100,,421,4,,,0,100,,405,4,,,0,150,,409,4,,,0,99,,416,4,,,0,105,,419,4,,,0,110,,417,4,,,0,115,,418,4,,,0,95,,420,4,,,0
101,'4965',643,,428,4,,,0,64,,439,4,,,0,39,,429,4,,,0,112,,430,4,,,0,100,,431,4,,,0,100,,99,4,,,0,149,,100,4,,,0,110,,101,4,,,0,30,,432,4,,,0,100,,433,4,,,0,77,,441,4,,,0,89,,434,4,,,0,120,,440,4,,,0,90,,436,4,,,0,124,,437,4,,,0,279,,438,4,,,0
101,'4967',1514,,423,4,0,5 6,0,139,,422,4,,,0,255,,427,4,,,0,198,,424,4,,,0,230,,425,4,,,0
101,'5014',643,,741,4,,,0,64,,753,4,,,0,39,,742,4,,,0,112,,743,4,,,0,100,,744,4,,,0,100,,745,4,,,0,149,,746,4,,,0,110,,747,4,,,0,30,,748,4,,,0,177,,755,4,,,0,89,,749,4,,,0,120,,754,4,,,0,90,,750,4,,,0,124,,751,4,,,0,279,,752,4,,,0
101,'5222',1653,,756,4,,,0,255,,759,4,,,0,198,,757,4,,,0,230,,758,4,,,0
101,'5227',651,,771,4,,,0,100,,766,4,,,0,101,,767,4,,,0,100,,768,4,,,0,100,,769,4,,,0,100,,770,4,,,0,100,,760,4,,,0,100,,764,4,,,0,100,,763,4,,,0,100,,762,4,,,0,100,,777,4,,,0,100,,761,4,,,0,150,,765,4,,,0,99,,772,4,,,0,105,,774,4,,,0,110,,773,4,,,0,115,,775,4,,,0,95,,776,4,,,0
101,'5228',747,,788,4,,,0,106,,790,4,,,0,100,,786,4,,,0,100,,778,4,,,0,101,,782,4,,,0,98,,780,4,,,0,100,,784,4,,,0,100,,779,4,,,0,100,,783,4,,,0,100,,789,4,,,0,100,,781,4,,,0,150,,785,4,,,0,99,,787,4,,,0,101,,791,4,,,0,105,,792,4,,,0
101,'5254',1514,,443,4,0,5 6,0,139,,442,4,,,0,255,,446,4,,,0,198,,444,4,,,0,230,,445,4,,,0
101,'5256',643,,794,4,,,0,64,,808,4,,,0,39,,795,4,,,0,112,,796,4,,,0,100,,797,4,,,0,100,,798,4,,,0,149,,799,4,,,0,110,,800,4,,,0,30,,801,4,,,0,167,,803,4,0,5 6,0,10,,810,4,,,0,89,,802,4,,,0,120,,809,4,,,0,90,,805,4,,,0,124,,806,4,,,0,279,,807,4,,,0
101,'5257',1653,,811,4,,,0,255,,814,4,,,0,198,,812,4,,,0,230,,813,4,,,0
101,'5258',1447,,815,4,,,0
101,'5259',1447,,816,4,,,0
101,'5260',1653,,817,4,,,0,255,,821,4,,,0,198,,818,4,,,0,230,,819,4,,,0
101,'5261',1447,,822,4,,,0
101,'5262',1447,,823,4,,,0
201,'4623',1803,,908,4,,,0,429,,909,4,,,0,205,,910,4,,,0
201,'4822',727,,512,4,,,0,100,,513,4,,,0,101,,511,4,,,0,105,,504,4,,,0,100,,505,4,,,0,100,,503,4,,,0,100,,507,4,,,0,100,,502,4,,,0,100,,508,4,,,0,100,,514,4,,,0,100,,509,4,,,0,100,,510,4,,,0,100,,506,4,,,0,105,,516,4,,,0,99,,517,4,,,0,105,,515,4,,,0
201,'4826',707,,530,4,,,0,125,,524,4,,,0,101,,525,4,,,0,100,,526,4,,,0,100,,527,4,,,0,100,,528,4,,,0,100,,529,4,,,0,100,,518,4,,,0,100,,519,4,,,0,100,,535,4,,,0,100,,520,4,,,0,100,,521,4,,,0,100,,522,4,,,0,100,,523,4,,,0,100,,533,4,,,0,99,,531,4,,,0,115,,532,4,,,0,100,,534,4,,,0
201,'4965',655,,215,4,,,0,71,,553,4,,,0,27,,540,4,,,0,58,,541,4,,,0,107,,218,4,,,0,110,,543,4,,,0,105,,542,4,,,0,105,,544,4,,,0,105,,545,4,,,0,100,,546,4,,,0,85,,549,4,,,0,75,,548,4,,,0,35,,554,4,,,0,75,,547,4,,,0,200,,550,4,,,0,105,,551,4,,,0,104,,552,4,,,0
201,'4967',1803,,536,4,,,0,429,,537,4,,,0,205,,538,4,,,0
201,'5014',655,,912,4,,,0,71,,925,4,,,0,27,,913,4,,,0,58,,914,4,,,0,107,,915,4,,,0,110,,917,4,,,0,105,,916,4,,,0,105,,918,4,,,0,205,,919,4,,,0,85,,921,4,,,0,75,,920,4,,,0,35,,926,4,,,0,275,,922,4,,,0,105,,923,4,,,0,104,,924,4,,,0
201,'5222',1803,,927,4,,,0,429,,928,4,,,0
201,'5227',707,,941,4,,,0,125,,935,4,,,0,101,,936,4,,,0,100,,937,4,,,0,100,,938,4,,,0,100,,939,4,,,0,100,,940,4,,,0,100,,929,4,,,0,100,,930,4,,,0,100,,946,4,,,0,100,,931,4,,,0,100,,932,4,,,0,100,,933,4,,,0,100,,934,4,,,0,100,,944,4,,,0,99,,942,4,,,0,115,,943,4,,,0,100,,945,4,,,0
201,'5228',727,,957,4,,,0,100,,958,4,,,0,101,,956,4,,,0,105,,949,4,,,0,100,,950,4,,,0,100,,948,4,,,0,100,,952,4,,,0,100,,947,4,,,0,100,,953,4,,,0,100,,959,4,,,0,100,,954,4,,,0,100,,955,4,,,0,100,,951,4,,,0,105,,961,4,,,0,99,,962,4,,,0,105,,960,4,,,0
201,'5254',1803,,555,4,,,0,429,,556,4,,,0
201,'5256',655,,964,4,,,0,71,,977,4,,,0,27,,965,4,,,0,58,,966,4,,,0,107,,967,4,,,0,110,,969,4,,,0,105,,968,4,,,0,105,,970,4,,,0,205,,971,4,,,0,85,,973,4,,,0,75,,972,4,,,0,35,,978,4,,,0,275,,974,4,,,0,105,,975,4,,,0,104,,976,4,,,0
201,'5257',1803,,979,4,,,0,429,,980,4,,,0
201,'5258',1343,,981,4,,,0,370,,982,4,,,0
201,'5259',1343,,983,4,,,0,370,,984,4,,,0
201,'5260',1803,,985,4,,,0,429,,986,4,,,0,205,,987,4,,,0
201,'5261',1343,,988,4,,,0,370,,989,4,,,0
201,'5262',1343,,990,4,,,0,370,,991,4,,,0
301,'4623',2207,,992,4,0,9,0
301,'4822',722,,568,4,0,9,0,135,,566,4,0,9,0,100,,558,4,0,9,0,146,,561,4,0,9,0,100,,557,4,0,9,0,100,,559,4,0,9,0,100,,562,4,0,9,0,100,,560,4,0,9,0,100,,563,4,0,9,0,100,,565,4,0,9,0,100,,564,4,0,9,0,100,,567,4,0,9,0,104,,569,4,0,9,0,100,,570,4,0,9,0
301,'4826',642,,585,4,0,9,0,160,,578,4,0,9,0,100,,579,4,0,9,0,100,,583,4,0,9,0,101,,580,4,0,9,0,100,,581,4,0,9,0,100,,584,4,0,9,0,100,,575,4,0,9,0,100,,574,4,0,9,0,100,,576,4,0,9,0,100,,572,4,0,9,0,100,,577,4,0,9,0,100,,571,4,0,9,0,99,,573,4,0,9,0,100,,582,4,0,9,0,100,,586,4,0,9,0,115,,587,4,0,9,0
301,'4965',617,,589,4,0,9,0,30,,590,4,0,9,0,70,,591,4,0,9,0,38,,593,4,0,9,0,65,,592,4,0,9,0,102,,595,4,0,9,0,80,,594,4,0,9,0,101,,597,4,0,9,0,50,,596,4,0,9,0,90,,601,4,0,9,0,100,,599,4,0,9,0,80,,598,4,0,9,0,34,,600,4,0,9,0,72,,604,4,0,9,0,29,,608,4,0,9,0,75,,603,4,0,9,0,75,,605,4,0,9,0,45,,602,4,0,9,0,85,,606,4,0,9,0,95,,607,4,0,9,0,119,,609,4,0,9,0,271,,610,4,0,9,0
301,'4967',2207,,588,4,0,9,0
301,'5014',617,,993,4,0,9,0,30,,994,4,0,9,0,70,,995,4,0,9,0,38,,997,4,0,9,0,65,,996,4,0,9,0,102,,999,4,0,9,0,80,,998,4,0,9,0,101,,1001,4,0,9,0,50,,1000,4,0,9,0,90,,1005,4,0,9,0,100,,1003,4,0,9,0,80,,1002,4,0,9,0,34,,1004,4,0,9,0,72,,1007,4,0,9,0,179,,1008,4,0,9,0,45,,1006,4,0,9,0,85,,1009,4,0,9,0,95,,1010,4,0,9,0,119,,1011,4,0,9,0,271,,1012,4,0,9,0
301,'5222',2207,,1013,4,0,9,0
301,'5227',642,,1029,4,0,9,0,160,,1022,4,0,9,0,100,,1023,4,0,9,0,100,,1026,4,0,9,0,101,,1024,4,0,9,0,100,,1021,4,0,9,0,100,,1027,4,0,9,0,100,,1018,4,0,9,0,100,,1017,4,0,9,0,100,,1019,4,0,9,0,100,,1015,4,0,9,0,100,,1020,4,0,9,0,100,,1014,4,0,9,0,99,,1016,4,0,9,0,100,,1025,4,0,9,0,100,,1030,4,0,9,0,115,,1028,4,0,9,0
301,'5228',722,,1042,4,0,9,0,135,,1040,4,0,9,0,100,,1032,4,0,9,0,146,,1035,4,0,9,0,100,,1031,4,0,9,0,100,,1033,4,0,9,0,100,,1036,4,0,9,0,100,,1034,4,0,9,0,100,,1037,4,0,9,0,100,,1039,4,0,9,0,100,,1038,4,0,9,0,100,,1041,4,0,9,0,104,,1043,4,0,9,0,100,,1044,4,0,9,0
301,'5254',2207,,611,4,0,9,0
301,'5256',617,,1045,4,0,9,0,30,,1046,4,0,9,0,70,,1047,4,0,9,0,38,,1049,4,0,9,0,65,,1048,4,0,9,0,102,,1051,4,0,9,0,80,,1050,4,0,9,0,101,,1053,4,0,9,0,50,,1052,4,0,9,0,90,,1057,4,0,9,0,100,,1055,4,0,9,0,80,,1054,4,0,9,0,34,,1056,4,0,9,0,72,,1059,4,0,9,0,179,,1060,4,0,9,0,45,,1058,4,0,9,0,85,,1061,4,0,9,0,95,,1062,4,0,9,0,119,,1063,4,0,9,0,271,,1064,4,0,9,0
301,'5257',2207,,1065,4,0,9,0
301,'5258',1558,,1067,4,0,9,0,75,,1066,4,0,9,0
301,'5259',1558,,1069,4,0,9,0,75,,1068,4,0,9,0
301,'5260',2207,,1070,4,0,9,0
301,'5261',1558,,1072,4,0,9,0,75,,1071,4,0,9,0
301,'5262',1558,,1074,4,0,9,0,75,,1073,4,0,9,0
401,'4623',1613,,1090,4,,,0
401,'4965',800,,302,4,,,0,37,,301,4,,,0,599,,303,4,,,0,217,,619,4,,,0
401,'4967',1613,,618,4,,,0
401,'5014',800,,1092,4,,,0,37,,1091,4,,,0,599,,1093,4,,,0,217,,1094,4,,,0
401,'5222',1613,,1095,4,,,0
401,'5254',1613,,620,4,,,0
401,'5256',800,,1097,4,,,0,37,,1096,4,,,0,599,,1098,4,,,0,217,,1099,4,,,0
401,'5257',1613,,1100,4,,,0
401,'5260',1613,,1101,4,,,0
501,'5014',712,,1211,4,,,0,42,,1212,5,,,0,73,,1213,4,,,0,82,,1214,5,,,0,33,,1215,4,,,0,88,,1216,5,,,0,73,,1217,4,,,0,42,,1218,5,,,0,73,,1219,4,,,0,87,,1220,5,,,0,33,,1221,4,,,0,82,,1222,5,,,0,33,,1223,4,,,0,87,,1224,5,,,0,73,,1225,4,,,0,42,,1227,5,,,0,73,,1226,4,,,0,86,,1228,5,,,0
501,'5227',752,,1229,4,,,0,75,,1230,4,,,0,82,,1231,5,,,0,33,,1232,4,,,0,88,,1233,5,,,0,73,,1234,4,,,0,42,,1235,5,,,0,73,,1236,4,,,0,87,,1237,5,,,0,33,,1238,4,,,0,82,,1239,5,,,0,33,,1240,4,,,0,87,,1241,5,,,0,73,,1242,4,,,0,42,,1243,5,,,0,73,,1244,4,,,0,86,,1245,5,,,0,34,,1246,4,,,0,81,,1247,5,,,0,73,,1248,4,,,0,42,,1249,5,,,0,73,,1250,4,,,0,86,,1251,5,,,0,29,,1252,4,,,0,82,,1253,5,,,0
501,'5228',752,,1265,4,,,0,75,,1266,4,,,0,82,,1267,5,,,0,33,,1268,4,,,0,88,,1269,5,,,0,73,,1270,4,,,0,42,,1271,5,,,0,73,,1272,4,,,0,87,,1273,5,,,0,33,,1274,4,,,0,82,,1275,5,,,0,33,,1264,4,,,0,87,,1254,5,,,0,73,,1255,4,,,0,42,,1256,5,,,0,73,,1257,4,,,0,86,,1261,5,,,0,34,,1258,4,,,0,81,,1259,5,,,0,73,,1260,4,,,0,42,,1262,5,,,0,73,,1263,4,,,0
501,'5256',712,,1276,4,,,0,42,,1277,5,,,0,73,,1278,4,,,0,82,,1279,5,,,0,33,,1280,4,,,0,88,,1281,5,,,0,73,,1282,4,,,0,42,,1283,5,,,0,73,,1284,4,,,0,87,,1285,5,,,0,33,,1286,4,,,0,82,,1287,5,,,0,33,,1288,4,,,0,87,,1289,5,,,0,73,,1290,4,,,0,42,,1292,5,,,0,73,,1291,4,,,0,86,,1293,5,,,0
501,'5258',1848,,1294,4,,,0,81,,1295,5,,,0,73,,1296,4,,,0,42,,1297,5,,,0,73,,1298,4,,,0
501,'5259',1848,,1299,4,,,0,81,,1300,5,,,0,73,,1301,4,,,0,42,,1303,5,,,0,73,,1304,4,,,0,86,,1302,5,,,0,29,,1306,4,,,0,82,,1305,5,,,0
501,'5261',1848,,1307,4,,,0,81,,1308,5,,,0,73,,1309,4,,,0,42,,1310,5,,,0,73,,1311,4,,,0
501,'5262',1848,,1312,4,,,0,81,,1313,5,,,0,73,,1314,4,,,0,42,,1316,5,,,0,73,,1317,4,,,0,86,,1315,5,,,0,29,,1319,4,,,0,82,,1318,5,,,0
901,'4965',722,,634,4,,,0,103,,635,4,,,0,102,,636,4,,,0,100,,637,4,,,0,101,,638,4,,,0,98,,639,4,,,0,100,,640,4,,,0,98,,641,4,,,0,124,,642,4,,,0,100,,643,4,,,0,93,,644,4,,,0,107,,645,4,,,0,154,,646,4,,,0
901,'5014',722,,1346,4,,,0,103,,1347,4,,,0,102,,1348,4,,,0,100,,1349,4,,,0,101,,1350,4,,,0,98,,1351,4,,,0,100,,1352,4,,,0,98,,1353,4,,,0,124,,1354,4,,,0,100,,1355,4,,,0,93,,1356,4,,,0,107,,1357,4,,,0,154,,1358,4,,,0
901,'5256',722,,1359,4,,,0,103,,1360,4,,,0,102,,1361,4,,,0,100,,1362,4,,,0,101,,1363,4,,,0,98,,1364,4,,,0,100,,1365,4,,,0,98,,1366,4,,,0,124,,1367,4,,,0,100,,1368,4,,,0,93,,1369,4,,,0,107,,1370,4,,,0,154,,1371,4,,,0
