201,'4623',1818,,908,22,,,0,427,,909,22,,,0,204,,910,22,,,0
201,'4822',740,,512,22,,,0,100,,513,22,,,0,101,,511,22,,,0,105,,504,22,,,0,101,,505,22,,,0,100,,503,22,,,0,101,,507,22,,,0,100,,502,22,,,0,100,,508,22,,,0,100,,514,22,,,0,99,,509,22,,,0,100,,510,22,,,0,99,,506,22,,,0,105,,516,22,,,0,99,,517,22,,,0,105,,515,22,,,0
201,'4826',718,,530,22,,,0,127,,524,22,,,0,101,,525,22,,,0,100,,526,22,,,0,101,,527,22,,,0,100,,528,22,,,0,101,,529,22,,,0,100,,518,22,,,0,100,,519,22,,,0,100,,535,22,,,0,99,,520,22,,,0,100,,521,22,,,0,99,,522,22,,,0,100,,523,22,,,0,100,,533,22,,,0,99,,531,22,,,0,114,,532,22,,,0,99,,534,22,,,0
201,'4965',707,,215,22,,,0,31,,553,22,,,0,67,,540,22,,,0,18,,541,22,,,0,108,,218,22,,,0,110,,543,22,,,0,106,,542,22,,,0,106,,544,22,,,0,105,,545,22,,,0,100,,546,22,,,0,87,,549,22,,,0,74,,548,22,,,0,34,,554,22,,,0,75,,547,22,,,0,199,,550,22,,,0,105,,551,22,,,0,103,,552,22,,,0
201,'4967',1818,,536,22,,,0,427,,537,22,,,0,204,,538,22,,,0
201,'5014',707,,912,22,,,0,31,,925,22,,,0,67,,913,22,,,0,18,,914,22,,,0,108,,915,22,,,0,110,,917,22,,,0,106,,916,22,,,0,106,,918,22,,,0,205,,919,22,,,0,87,,921,22,,,0,74,,920,22,,,0,34,,926,22,,,0,274,,922,22,,,0,105,,923,22,,,0,103,,924,22,,,0
201,'5222',1818,,927,22,,,0,427,,928,22,,,0
201,'5227',718,,941,22,,,0,127,,935,22,,,0,101,,936,22,,,0,100,,937,22,,,0,101,,938,22,,,0,100,,939,22,,,0,101,,940,22,,,0,100,,929,22,,,0,100,,930,22,,,0,100,,946,22,,,0,99,,931,22,,,0,100,,932,22,,,0,99,,933,22,,,0,100,,934,22,,,0,100,,944,22,,,0,99,,942,22,,,0,114,,943,22,,,0,99,,945,22,,,0
201,'5228',740,,957,22,,,0,100,,958,22,,,0,101,,956,22,,,0,105,,949,22,,,0,101,,950,22,,,0,100,,948,22,,,0,101,,952,22,,,0,100,,947,22,,,0,100,,953,22,,,0,100,,959,22,,,0,99,,954,22,,,0,100,,955,22,,,0,99,,951,22,,,0,105,,961,22,,,0,99,,962,22,,,0,105,,960,22,,,0
201,'5254',1818,,555,22,,,0,427,,556,22,,,0
201,'5256',707,,964,22,,,0,31,,977,22,,,0,67,,965,22,,,0,18,,966,22,,,0,108,,967,22,,,0,110,,969,22,,,0,106,,968,22,,,0,106,,970,22,,,0,205,,971,22,,,0,87,,973,22,,,0,74,,972,22,,,0,34,,978,22,,,0,274,,974,22,,,0,105,,975,22,,,0,103,,976,22,,,0
201,'5257',1818,,979,22,,,0,427,,980,22,,,0
201,'5258',1358,,981,22,,,0,370,,982,22,,,0
201,'5259',1358,,983,22,,,0,370,,984,22,,,0
201,'5260',1818,,985,22,,,0,427,,986,22,,,0,204,,987,22,,,0
201,'5261',1358,,988,22,,,0,370,,989,22,,,0
201,'5262',1358,,990,22,,,0,370,,991,22,,,0
