100,102829,1,0
100,102831,2,0
100,102830,3,0
100,102826,4,0
100,102824,5,0
100,102823,6,0
100,102822,7,0
100,102817,8,0
100,102815,9,0
100,102808,10,0
100,102798,11,0
100,134031,12,0
100,102790,13,0
100,102792,14,0
100,102785,15,0
100,102780,16,0
100,102779,17,0
100,134030,18,0
100,102776,19,0
100,102769,20,0
100,102774,21,0
100,134026,22,0
100,102770,23,0
100,134024,24,0
100,102765,25,0
100,102763,26,0
100,102761,27,0
100,134025,28,0
100,102754,29,0
100,102751,30,0
100,102742,31,0
100,134022,32,0
100,102729,33,1
101,102729,1,0
101,102735,2,0
101,102738,3,0
101,102736,4,0
101,102730,5,0
101,102731,6,0
101,102732,7,0
101,102737,8,0
101,102741,9,0
101,102755,10,0
101,102756,11,0
101,102760,12,0
101,102764,13,0
101,102766,14,0
101,102767,15,0
101,102768,16,0
101,102771,17,0
101,102772,18,0
101,102773,19,0
101,102769,20,0
101,102775,21,0
101,102777,22,0
101,102778,23,0
101,102783,24,0
101,102786,25,0
101,102793,26,0
101,134029,27,0
101,102796,28,0
101,102794,29,0
101,102799,30,0
101,102803,31,0
101,102810,32,0
101,102816,33,0
101,102818,34,0
101,102819,35,0
101,102820,36,0
101,102821,37,0
101,134032,38,0
101,102825,39,0
101,102827,40,0
101,102828,41,0
101,102829,42,1
200,102813,1,0
200,102811,2,0
200,102809,3,0
200,102804,4,0
200,102800,5,0
200,102787,6,0
200,134028,7,0
200,102783,8,0
200,102786,9,0
200,102793,10,0
200,134029,11,0
200,102796,12,0
200,102789,13,0
200,102782,14,0
200,102776,15,0
200,102769,16,0
200,102774,17,0
200,102770,18,0
200,102765,19,0
200,102763,20,0
200,102761,21,0
200,102754,22,0
200,102751,23,0
200,102742,24,0
200,102733,25,0
200,102729,26,1
201,102729,1,0
201,102735,2,0
201,102738,3,0
201,102736,4,0
201,102730,5,0
201,102731,6,0
201,102732,7,0
201,102737,8,0
201,102741,9,0
201,102755,10,0
201,102756,11,0
201,102760,12,0
201,102764,13,0
201,102766,14,0
201,102767,15,0
201,102768,16,0
201,102771,17,0
201,102772,18,0
201,102773,19,0
201,102769,20,0
201,102775,21,0
201,102781,22,0
201,102788,23,0
201,102790,24,0
201,102792,25,0
201,102785,26,0
201,102780,27,0
201,102784,28,0
201,102791,29,0
201,102795,30,0
201,102797,31,0
201,102801,32,0
201,102710,33,0
201,102711,34,0
201,102704,35,0
201,102708,36,0
201,102802,37,0
201,102805,38,0
201,102812,39,0
201,102814,40,0
201,134027,41,0
201,102807,42,0
201,102806,43,0
201,102813,44,1
300,102729,1,0
300,102735,2,0
300,102738,3,0
300,102736,4,0
300,102730,5,0
300,102731,6,0
300,102734,7,0
300,102706,8,0
300,102740,9,0
300,102743,10,0
300,102750,11,0
300,102746,12,0
300,134015,13,0
300,102744,14,0
300,102739,15,0
300,102705,16,0
300,102747,17,0
300,102753,18,0
300,102758,19,0
300,134000,20,0
300,102762,21,1
301,102762,1,0
301,102759,2,0
301,102757,3,0
301,102749,4,0
301,102748,5,0
301,102733,6,0
301,102729,7,1
400,102564,1,0
400,102562,2,0
400,102560,3,0
400,102558,4,0
400,102556,5,0
400,102792,6,0
400,102785,7,0
400,102780,8,0
400,102779,9,0
400,102776,10,0
400,102769,11,0
400,102774,12,0
400,102770,13,0
400,102765,14,0
400,102763,15,0
400,102761,16,0
400,102754,17,0
400,102751,18,0
400,102742,19,0
400,102729,20,1
401,102729,1,0
401,102735,2,0
401,102738,3,0
401,102736,4,0
401,102730,5,0
401,102731,6,0
401,102732,7,0
401,102737,8,0
401,102741,9,0
401,102755,10,0
401,102756,11,0
401,102760,12,0
401,102764,13,0
401,102766,14,0
401,102767,15,0
401,102768,16,0
401,102771,17,0
401,102772,18,0
401,102773,19,0
401,102769,20,0
401,102775,21,0
401,102777,22,0
401,102778,23,0
401,102783,24,0
401,102786,25,0
401,102793,26,0
401,102557,27,0
401,102559,28,0
401,102561,29,0
401,102563,30,0
401,102565,31,1
